/*--------------------------------*- C++ -*----------------------------------*\
| =========                 |                                                 |
| \\      /  F ield         | OpenFOAM: The Open Source CFD Toolbox           |
|  \\    /   O peration     | Version:  5.x                                   |
|   \\  /    A nd           | Web:      www.OpenFOAM.org                      |
|    \\/     M anipulation  |                                                 |
\*---------------------------------------------------------------------------*/
FoamFile
{
    version     2.0;
    format      ascii;
    class       volVectorField;
    location    "0.01";
    object      Us;
}
// * * * * * * * * * * * * * * * * * * * * * * * * * * * * * * * * * * * * * //

dimensions      [0 1 -1 0 0 0 0];

internalField   nonuniform List<vector> 
180
(
(0 0 0)
(0 0 0)
(0 0 0)
(0 0 0)
(0 0 0)
(0 0 0)
(0 0 0)
(0 0 0)
(0 0 0)
(0 0 0)
(0 0 0)
(0 0 0)
(0 0 0)
(0 0 0)
(0 0 0)
(0 0 0)
(0 0 0)
(0 0 0)
(0 0 0)
(0 0 0)
(0 0 0)
(0 0 0)
(0 0 0)
(0 0 0)
(0 0 0)
(0 0 0)
(0 0 0)
(0 0 0)
(0 0 0)
(0 0 0)
(0 0 0)
(0 0 0)
(0 0 0)
(0 0 0)
(0 0 0)
(0 0 0)
(0 0 0)
(0 0 0)
(0 0 0)
(0 0 0)
(0 0 0)
(0 0 0)
(0 0 0)
(0 0 0)
(0 0 0)
(0 0 0)
(0 0 0)
(0 0 0)
(0 0 0)
(0 0 0)
(0 0 0)
(0 0 0)
(0 0 0)
(0 0 0)
(0 0 0)
(0 0 0)
(0 0 0)
(0 0 0)
(0 0 0)
(0 0 0)
(0 0 0)
(0 0 0)
(0 0 0)
(0 0 0)
(0 0 0)
(0 0 0)
(0 0 0)
(0 0 0)
(0 0 0)
(0 0 0)
(0 0 0)
(0 0 0)
(0 0 0)
(0 0 0)
(0 0 0)
(0 0 0)
(0 0 0)
(0 0 0)
(0 0 0)
(0 0 0)
(1.1657e-05 6.91429e-06 4.28999e-07)
(1.45239e-06 5.13238e-06 -1.85746e-06)
(5.93524e-06 5.77423e-06 5.89075e-07)
(6.31409e-06 3.71846e-05 1.10165e-05)
(-2.89754e-06 5.34542e-05 1.75998e-05)
(-1.42995e-05 5.80163e-05 2.44111e-05)
(-1.09383e-05 7.52031e-05 2.56845e-05)
(-9.58551e-06 5.40452e-05 3.0819e-05)
(-2.51806e-05 5.63776e-05 2.86703e-05)
(-6.64374e-06 5.93001e-05 1.87856e-05)
(-2.04311e-05 3.31483e-05 4.75163e-06)
(-1.18316e-05 1.49905e-05 -5.28247e-06)
(-2.65823e-05 2.03135e-05 -1.23119e-06)
(-8.76846e-06 2.06605e-05 -2.24496e-05)
(-2.39546e-05 3.4608e-05 -3.27951e-05)
(-4.28636e-05 1.74053e-05 -6.55637e-05)
(-1.90659e-05 1.8504e-05 -7.67157e-05)
(-1.98902e-05 1.15221e-05 -9.72613e-05)
(-1.6643e-05 2.14869e-05 -0.000120379)
(-2.4119e-05 3.5987e-05 -0.000144125)
(-2.56839e-05 5.34951e-05 -0.000148422)
(1.82146e-05 1.47722e-05 -0.000140832)
(4.16189e-05 -3.00829e-05 -0.000159133)
(4.59623e-05 -3.92604e-05 -0.000160656)
(4.59623e-05 -3.92604e-05 -0.000160656)
(0 0 0)
(0 0 0)
(0 0 0)
(0 0 0)
(0 0 0)
(0 0 0)
(0 0 0)
(0 0 0)
(0 0 0)
(0 0 0)
(0 0 0)
(0 0 0)
(0 0 0)
(0 0 0)
(0 0 0)
(0 0 0)
(0 0 0)
(0 0 0)
(0 0 0)
(0 0 0)
(0 0 0)
(0 0 0)
(0 0 0)
(0 0 0)
(0 0 0)
(0 0 0)
(0 0 0)
(0 0 0)
(0 0 0)
(0 0 0)
(0 0 0)
(0 0 0)
(0 0 0)
(0 0 0)
(0 0 0)
(0 0 0)
(0 0 0)
(0 0 0)
(0 0 0)
(0 0 0)
(0 0 0)
(0 0 0)
(0 0 0)
(0 0 0)
(0 0 0)
(0 0 0)
(0 0 0)
(0 0 0)
(0 0 0)
(0 0 0)
(0 0 0)
(0 0 0)
(0 0 0)
(0 0 0)
(0 0 0)
(0 0 0)
(0 0 0)
(0 0 0)
(0 0 0)
(0 0 0)
(0 0 0)
(0 0 0)
(0 0 0)
(0 0 0)
(0 0 0)
(0 0 0)
(0 0 0)
(0 0 0)
(0 0 0)
(0 0 0)
(0 0 0)
(0 0 0)
(0 0 0)
(0 0 0)
(0 0 0)
)
;

boundaryField
{
    inlet
    {
        type            fixedValue;
        value           uniform (0 0 0);
    }
    outlet
    {
        type            fixedValue;
        value           uniform (0 0 0);
    }
    repeat_boundary
    {
        type            fixedValue;
        value           uniform (0 0 0);
    }
    procBoundary3to1
    {
        type            processor;
        value           nonuniform List<vector> 
180
(
(0 0 0)
(0 0 0)
(0 0 0)
(0 0 0)
(0 0 0)
(0 0 0)
(0 0 0)
(0 0 0)
(0 0 0)
(0 0 0)
(0 0 0)
(0 0 0)
(0 0 0)
(0 0 0)
(0 0 0)
(0 0 0)
(0 0 0)
(0 0 0)
(0 0 0)
(0 0 0)
(0 0 0)
(0 0 0)
(0 0 0)
(0 0 0)
(0 0 0)
(0 0 0)
(0 0 0)
(0 0 0)
(0 0 0)
(0 0 0)
(0 0 0)
(0 0 0)
(0 0 0)
(0 0 0)
(0 0 0)
(0 0 0)
(0 0 0)
(0 0 0)
(0 0 0)
(0 0 0)
(0 0 0)
(0 0 0)
(0 0 0)
(0 0 0)
(0 0 0)
(0 0 0)
(0 0 0)
(0 0 0)
(0 0 0)
(0 0 0)
(0 0 0)
(0 0 0)
(0 0 0)
(0 0 0)
(0 0 0)
(0 0 0)
(0 0 0)
(0 0 0)
(0 0 0)
(0 0 0)
(0 0 0)
(0 0 0)
(0 0 0)
(0 0 0)
(0 0 0)
(0 0 0)
(0 0 0)
(0 0 0)
(0 0 0)
(0 0 0)
(0 0 0)
(0 0 0)
(0 0 0)
(0 0 0)
(0 0 0)
(0 0 0)
(0 0 0)
(0 0 0)
(0 0 0)
(0 0 0)
(-3.28129e-05 6.2736e-06 2.11906e-05)
(-2.97147e-05 5.79286e-06 2.00951e-05)
(-2.87308e-05 4.10027e-06 2.04122e-05)
(-2.79682e-05 1.04793e-05 2.39788e-05)
(-1.27601e-05 6.91531e-06 1.88555e-05)
(-1.26954e-05 2.72202e-06 2.57569e-05)
(-1.57708e-05 2.09975e-05 2.14742e-05)
(-1.95601e-05 3.3971e-05 1.66082e-05)
(-3.42768e-05 1.99555e-05 2.00246e-05)
(-4.55753e-05 1.77416e-05 9.91704e-06)
(-2.48721e-05 3.72664e-06 -1.26085e-05)
(-1.12488e-05 -8.40406e-06 -2.05221e-05)
(-1.31137e-05 2.52498e-07 -2.59537e-05)
(-2.24533e-05 -8.04961e-07 -3.50921e-05)
(-1.37214e-06 -1.16978e-05 -6.50245e-05)
(7.84011e-06 -1.99745e-05 -9.05919e-05)
(3.88101e-05 6.71176e-06 -0.00011482)
(3.84106e-05 -2.95854e-06 -0.000136214)
(2.96007e-05 -1.01578e-05 -0.000137444)
(1.21109e-05 -2.07167e-05 -0.000141718)
(-2.98487e-07 -4.25475e-05 -0.000149314)
(-7.73226e-06 -2.7238e-05 -0.00017872)
(-2.20466e-05 -2.99691e-05 -0.000168414)
(-2.66707e-05 -7.35558e-05 -0.000157928)
(-4.23407e-05 -0.000132736 -5.07739e-05)
(-4.89332e-05 -0.000162363 -8.35632e-06)
(0 0 0)
(0 0 0)
(0 0 0)
(0 0 0)
(0 0 0)
(0 0 0)
(0 0 0)
(0 0 0)
(0 0 0)
(0 0 0)
(0 0 0)
(0 0 0)
(0 0 0)
(0 0 0)
(0 0 0)
(0 0 0)
(0 0 0)
(0 0 0)
(0 0 0)
(0 0 0)
(0 0 0)
(0 0 0)
(0 0 0)
(0 0 0)
(0 0 0)
(0 0 0)
(0 0 0)
(0 0 0)
(0 0 0)
(0 0 0)
(0 0 0)
(0 0 0)
(0 0 0)
(0 0 0)
(0 0 0)
(0 0 0)
(0 0 0)
(0 0 0)
(0 0 0)
(0 0 0)
(0 0 0)
(0 0 0)
(0 0 0)
(0 0 0)
(0 0 0)
(0 0 0)
(0 0 0)
(0 0 0)
(0 0 0)
(0 0 0)
(0 0 0)
(0 0 0)
(0 0 0)
(0 0 0)
(0 0 0)
(0 0 0)
(0 0 0)
(0 0 0)
(0 0 0)
(0 0 0)
(0 0 0)
(0 0 0)
(0 0 0)
(0 0 0)
(0 0 0)
(0 0 0)
(0 0 0)
(0 0 0)
(0 0 0)
(0 0 0)
(0 0 0)
(0 0 0)
(0 0 0)
(0 0 0)
)
;
    }
    procBoundary3to2
    {
        type            processor;
        value           nonuniform List<vector> 
180
(
(0 0 0)
(0 0 0)
(0 0 0)
(0 0 0)
(0 0 0)
(0 0 0)
(0 0 0)
(0 0 0)
(0 0 0)
(0 0 0)
(0 0 0)
(0 0 0)
(0 0 0)
(0 0 0)
(0 0 0)
(0 0 0)
(0 0 0)
(0 0 0)
(0 0 0)
(0 0 0)
(0 0 0)
(0 0 0)
(0 0 0)
(0 0 0)
(0 0 0)
(0 0 0)
(0 0 0)
(0 0 0)
(0 0 0)
(0 0 0)
(0 0 0)
(0 0 0)
(0 0 0)
(0 0 0)
(0 0 0)
(0 0 0)
(0 0 0)
(0 0 0)
(0 0 0)
(0 0 0)
(0 0 0)
(0 0 0)
(0 0 0)
(0 0 0)
(0 0 0)
(0 0 0)
(0 0 0)
(0 0 0)
(0 0 0)
(0 0 0)
(0 0 0)
(0 0 0)
(0 0 0)
(0 0 0)
(0 0 0)
(0 0 0)
(0 0 0)
(0 0 0)
(0 0 0)
(0 0 0)
(0 0 0)
(0 0 0)
(0 0 0)
(0 0 0)
(0 0 0)
(0 0 0)
(0 0 0)
(0 0 0)
(0 0 0)
(0 0 0)
(0 0 0)
(0 0 0)
(0 0 0)
(0 0 0)
(0 0 0)
(0 0 0)
(0 0 0)
(0 0 0)
(0 0 0)
(0 0 0)
(-8.53007e-06 1.21673e-05 -4.33529e-06)
(-9.80796e-06 1.04153e-05 -1.40451e-06)
(-9.33877e-06 1.19391e-05 -4.68359e-06)
(-3.4819e-06 1.93636e-05 -4.34638e-06)
(2.08733e-07 3.64359e-05 9.86583e-07)
(-1.43337e-05 1.56805e-05 -8.37364e-06)
(-6.46831e-06 1.95791e-05 -1.06732e-05)
(-2.67484e-05 1.91425e-05 -7.91281e-06)
(-3.35932e-06 1.90145e-05 -1.88338e-05)
(8.88775e-06 1.31653e-05 -3.54279e-05)
(-6.54954e-06 -1.0071e-05 -6.21607e-05)
(1.95319e-06 -1.42424e-05 -6.71624e-05)
(-5.48421e-06 -1.77018e-05 -5.74759e-05)
(-3.11059e-05 -5.45878e-05 -6.54826e-05)
(-2.64075e-05 -5.41284e-05 -5.66548e-05)
(-4.14308e-05 -6.96722e-05 -8.28096e-05)
(-3.66032e-05 -5.19476e-05 -0.000100608)
(-3.37862e-05 -3.82143e-05 -0.000115981)
(-5.62862e-06 -5.4249e-05 -0.000102853)
(-2.80784e-06 -2.64873e-05 -9.02525e-05)
(2.23332e-06 1.88171e-05 -9.00106e-05)
(3.82933e-05 4.84621e-05 -2.04003e-05)
(3.21475e-05 5.0017e-05 -2.59384e-05)
(3.66597e-05 3.01721e-05 5.42489e-05)
(3.63277e-05 4.85754e-05 0.000103282)
(0 0 0)
(0 0 0)
(0 0 0)
(0 0 0)
(0 0 0)
(0 0 0)
(0 0 0)
(0 0 0)
(0 0 0)
(0 0 0)
(0 0 0)
(0 0 0)
(0 0 0)
(0 0 0)
(0 0 0)
(0 0 0)
(0 0 0)
(0 0 0)
(0 0 0)
(0 0 0)
(0 0 0)
(0 0 0)
(0 0 0)
(0 0 0)
(0 0 0)
(0 0 0)
(0 0 0)
(0 0 0)
(0 0 0)
(0 0 0)
(0 0 0)
(0 0 0)
(0 0 0)
(0 0 0)
(0 0 0)
(0 0 0)
(0 0 0)
(0 0 0)
(0 0 0)
(0 0 0)
(0 0 0)
(0 0 0)
(0 0 0)
(0 0 0)
(0 0 0)
(0 0 0)
(0 0 0)
(0 0 0)
(0 0 0)
(0 0 0)
(0 0 0)
(0 0 0)
(0 0 0)
(0 0 0)
(0 0 0)
(0 0 0)
(0 0 0)
(0 0 0)
(0 0 0)
(0 0 0)
(0 0 0)
(0 0 0)
(0 0 0)
(0 0 0)
(0 0 0)
(0 0 0)
(0 0 0)
(0 0 0)
(0 0 0)
(0 0 0)
(0 0 0)
(0 0 0)
(0 0 0)
(0 0 0)
(0 0 0)
)
;
    }
}


// ************************************************************************* //
