/*--------------------------------*- C++ -*----------------------------------*\
| =========                 |                                                 |
| \\      /  F ield         | OpenFOAM: The Open Source CFD Toolbox           |
|  \\    /   O peration     | Version:  5.x                                   |
|   \\  /    A nd           | Web:      www.OpenFOAM.org                      |
|    \\/     M anipulation  |                                                 |
\*---------------------------------------------------------------------------*/
FoamFile
{
    version     2.0;
    format      ascii;
    class       surfaceScalarField;
    location    "0.03";
    object      phi;
}
// * * * * * * * * * * * * * * * * * * * * * * * * * * * * * * * * * * * * * //

dimensions      [0 3 -1 0 0 0 0];

internalField   nonuniform List<scalar> 
5825
(
-5.65113e-17
-1.20408e-16
-9.99998e-10
-1.46801e-16
-1.14262e-16
-9.99998e-10
-1.99756e-16
-1.03064e-16
-9.99999e-10
-2.43574e-16
-8.18018e-17
-9.99999e-10
-4.17141e-17
-9.99999e-10
-5.04909e-17
-9.91385e-17
-9.99998e-10
-1.37431e-16
-9.58847e-17
-9.99998e-10
-1.85699e-16
-8.91158e-17
-9.99999e-10
-2.05799e-16
-7.78996e-17
-9.99999e-10
-6.30914e-17
-9.99999e-10
-4.67901e-17
-7.93314e-17
-9.99999e-10
-1.30982e-16
-8.23338e-17
-9.99999e-10
-1.75291e-16
-7.9638e-17
-9.99999e-10
-1.89843e-16
-7.36743e-17
-9.99999e-10
-6.74863e-17
-1e-09
-4.93603e-17
-5.0066e-17
-9.99999e-10
-1.28299e-16
-5.42284e-17
-9.99999e-10
-1.69308e-16
-5.06139e-17
-9.99999e-10
-1.82685e-16
-4.55039e-17
-9.99999e-10
-4.33798e-17
-1e-09
-5.31452e-17
-9.99999e-10
-1.24388e-16
-9.99999e-10
-1.63855e-16
-9.99999e-10
-1.79208e-16
-1e-09
-1e-09
-1.75352e-16
-3.65938e-16
-9.99998e-10
-4.06634e-16
-3.53028e-16
-9.99998e-10
-5.24967e-16
-3.32674e-16
-9.99998e-10
-6.20068e-16
-3.04327e-16
-9.99999e-10
-2.46116e-16
-9.99999e-10
-1.62732e-16
-3.00639e-16
-9.99998e-10
-3.90361e-16
-2.94588e-16
-9.99999e-10
-5.14875e-16
-2.78262e-16
-9.99999e-10
-5.60446e-16
-2.5632e-16
-9.99999e-10
-2.45111e-16
-9.99999e-10
-1.54789e-16
-2.41499e-16
-9.99999e-10
-3.74656e-16
-2.47877e-16
-9.99999e-10
-4.961e-16
-2.38037e-16
-9.99999e-10
-5.34403e-16
-2.23946e-16
-9.99999e-10
-2.11741e-16
-1e-09
-1.59236e-16
-1.52044e-16
-9.99999e-10
-3.64904e-16
-1.59468e-16
-9.99999e-10
-4.82393e-16
-1.47073e-16
-9.99999e-10
-5.20278e-16
-1.3518e-16
-1e-09
-1.27515e-16
-1e-09
-1.65486e-16
-9.99999e-10
-3.51804e-16
-9.99999e-10
-4.69291e-16
-9.99999e-10
-5.09053e-16
-1e-09
-1e-09
-3.11702e-16
-6.55859e-16
-9.99998e-10
-6.37983e-16
-6.44205e-16
-9.99998e-10
-7.78072e-16
-6.44703e-16
-9.99999e-10
-7.26037e-16
-7.05736e-16
-9.99999e-10
-8.11898e-16
-9.99999e-10
-2.98416e-16
-5.55537e-16
-9.99998e-10
-6.3591e-16
-5.51074e-16
-9.99999e-10
-8.23222e-16
-5.36146e-16
-9.99999e-10
-8.4297e-16
-5.3732e-16
-9.99999e-10
-5.75761e-16
-1e-09
-2.89719e-16
-4.40154e-16
-9.99999e-10
-6.22305e-16
-4.43893e-16
-9.99999e-10
-8.26457e-16
-4.28731e-16
-9.99999e-10
-8.91053e-16
-4.16305e-16
-1e-09
-4.14359e-16
-1e-09
-2.9017e-16
-2.68069e-16
-9.99999e-10
-6.07239e-16
-2.70435e-16
-9.99999e-10
-8.13838e-16
-2.54317e-16
-9.99999e-10
-8.94978e-16
-2.42708e-16
-1e-09
-2.31589e-16
-1e-09
-2.91463e-16
-9.99999e-10
-5.89392e-16
-9.99999e-10
-7.99896e-16
-1e-09
-8.8176e-16
-1e-09
-1e-09
-4.57016e-16
-1.01796e-15
-9.99998e-10
-8.93825e-16
-1.01097e-15
-9.99998e-10
-1.095e-15
-1.02997e-15
-9.99998e-10
-9.52626e-16
-1.14966e-15
-9.99999e-10
-1.40181e-15
-1e-09
-4.45002e-16
-8.85408e-16
-9.99998e-10
-9.08785e-16
-8.83953e-16
-9.99999e-10
-1.18967e-15
-8.72414e-16
-9.99999e-10
-1.19612e-15
-8.88801e-16
-9.99999e-10
-9.69556e-16
-1e-09
-4.37926e-16
-6.83934e-16
-9.99999e-10
-8.99361e-16
-6.82525e-16
-9.99999e-10
-1.21006e-15
-6.64942e-16
-9.99999e-10
-1.31211e-15
-6.51778e-16
-1e-09
-6.64115e-16
-1e-09
-4.33051e-16
-3.95054e-16
-9.99999e-10
-8.82096e-16
-3.95714e-16
-9.99999e-10
-1.19664e-15
-3.82232e-16
-1e-09
-1.33364e-15
-3.68361e-16
-1e-09
-3.53076e-16
-1e-09
-4.32318e-16
-9.99999e-10
-8.66061e-16
-1e-09
-1.17925e-15
-1e-09
-1.31714e-15
-1e-09
-1e-09
-6.27064e-16
-1.52035e-15
-9.99998e-10
-1.26448e-15
-1.52231e-15
-9.99998e-10
-1.63907e-15
-1.52638e-15
-9.99998e-10
-1.59705e-15
-1.58733e-15
-9.99999e-10
-1.72245e-15
-1e-09
-6.19409e-16
-1.32924e-15
-9.99998e-10
-1.26322e-15
-1.32979e-15
-9.99999e-10
-1.69036e-15
-1.30956e-15
-9.99999e-10
-1.75577e-15
-1.30158e-15
-1e-09
-1.35458e-15
-1e-09
-6.14528e-16
-1.00359e-15
-9.99999e-10
-1.24541e-15
-1.00077e-15
-9.99999e-10
-1.68538e-15
-9.78866e-16
-1e-09
-1.84212e-15
-9.49415e-16
-1e-09
-9.41889e-16
-1e-09
-6.08567e-16
-5.61059e-16
-9.99999e-10
-1.22365e-15
-5.67682e-16
-1e-09
-1.655e-15
-5.52509e-16
-1e-09
-1.84463e-15
-5.21097e-16
-1e-09
-4.82007e-16
-1e-09
-6.1401e-16
-1e-09
-1.20516e-15
-1e-09
-1.61943e-15
-1e-09
-1.8045e-15
-1e-09
-1e-09
-8.58218e-16
-2.23704e-15
-9.99997e-10
-1.75213e-15
-2.24322e-15
-9.99997e-10
-2.327e-15
-2.20092e-15
-9.99998e-10
-2.43527e-15
-2.1604e-15
-9.99999e-10
-2.17834e-15
-1e-09
-8.54621e-16
-1.92969e-15
-9.99998e-10
-1.70956e-15
-1.92782e-15
-9.99998e-10
-2.29376e-15
-1.88914e-15
-9.99999e-10
-2.49054e-15
-1.8417e-15
-1e-09
-1.82168e-15
-1e-09
-8.47677e-16
-1.43564e-15
-9.99999e-10
-1.67243e-15
-1.43458e-15
-9.99999e-10
-2.24865e-15
-1.40213e-15
-1e-09
-2.50174e-15
-1.34483e-15
-1e-09
-1.28124e-15
-1e-09
-8.43472e-16
-7.92409e-16
-9.99999e-10
-1.63961e-15
-8.01954e-16
-1e-09
-2.19e-15
-7.72767e-16
-1e-09
-2.44689e-15
-7.16771e-16
-1e-09
-6.48576e-16
-1e-09
-8.51285e-16
-1e-09
-1.60673e-15
-1e-09
-2.12973e-15
-1e-09
-2.37664e-15
-1e-09
-1e-09
-1.17057e-15
-3.17056e-15
-9.99997e-10
-2.28662e-15
-3.16575e-15
-9.99997e-10
-3.03145e-15
-3.103e-15
-9.99998e-10
-3.31039e-15
-3.03242e-15
-9.99998e-10
-3.03265e-15
-9.99999e-10
-1.15807e-15
-2.70659e-15
-9.99998e-10
-2.22586e-15
-2.7009e-15
-9.99998e-10
-2.9793e-15
-2.65267e-15
-9.99999e-10
-3.35182e-15
-2.58719e-15
-1e-09
-2.51791e-15
-1e-09
-1.14592e-15
-1.99975e-15
-9.99999e-10
-2.17714e-15
-1.99837e-15
-9.99999e-10
-2.91452e-15
-1.95335e-15
-1e-09
-3.31532e-15
-1.87722e-15
-1e-09
-1.77996e-15
-1e-09
-1.14018e-15
-1.09147e-15
-9.99999e-10
-2.13158e-15
-1.0901e-15
-1e-09
-2.83787e-15
-1.04588e-15
-1e-09
-3.22472e-15
-9.85328e-16
-1e-09
-9.27615e-16
-1e-09
-1.13492e-15
-1e-09
-2.08274e-15
-1e-09
-2.77154e-15
-1e-09
-3.162e-15
-1e-09
-1e-09
-1.53556e-15
-4.30925e-15
-9.99995e-10
-2.88003e-15
-4.29886e-15
-9.99996e-10
-3.8642e-15
-4.25803e-15
-9.99997e-10
-4.39877e-15
-4.21754e-15
-9.99998e-10
-4.20306e-15
-1e-09
-1.51683e-15
-3.69288e-15
-9.99997e-10
-2.84145e-15
-3.69087e-15
-9.99997e-10
-3.83625e-15
-3.64649e-15
-9.99998e-10
-4.4196e-15
-3.57933e-15
-9.99999e-10
-3.5117e-15
-1e-09
-1.50559e-15
-2.71881e-15
-9.99998e-10
-2.79557e-15
-2.71311e-15
-9.99999e-10
-3.76957e-15
-2.66351e-15
-1e-09
-4.36301e-15
-2.5966e-15
-1e-09
-2.54215e-15
-1e-09
-1.49332e-15
-1.45851e-15
-9.99999e-10
-2.74569e-15
-1.43947e-15
-1e-09
-3.70318e-15
-1.39716e-15
-1e-09
-4.31213e-15
-1.36414e-15
-1e-09
-1.36186e-15
-1e-09
-1.46793e-15
-1e-09
-2.69702e-15
-1e-09
-3.66188e-15
-1e-09
-4.302e-15
-1e-09
-1e-09
-1.96373e-15
-5.79096e-15
-9.99994e-10
-3.69e-15
-5.79973e-15
-9.99994e-10
-5.07488e-15
-5.77615e-15
-9.99996e-10
-5.91382e-15
-5.71372e-15
-9.99997e-10
-5.61401e-15
-9.99999e-10
-1.95968e-15
-4.99206e-15
-9.99996e-10
-3.6665e-15
-4.9976e-15
-9.99996e-10
-5.01751e-15
-4.95825e-15
-9.99998e-10
-5.85024e-15
-4.89459e-15
-9.99999e-10
-4.83992e-15
-1e-09
-1.95311e-15
-3.65607e-15
-9.99998e-10
-3.62637e-15
-3.64587e-15
-9.99998e-10
-4.95387e-15
-3.60605e-15
-9.99999e-10
-5.80403e-15
-3.57381e-15
-1e-09
-3.59384e-15
-1e-09
-1.93398e-15
-1.92827e-15
-9.99999e-10
-3.58587e-15
-1.90145e-15
-1e-09
-4.92167e-15
-1.87949e-15
-1e-09
-5.82577e-15
-1.88474e-15
-1e-09
-1.92314e-15
-1e-09
-1.8986e-15
-1e-09
-3.55537e-15
-1e-09
-4.91535e-15
-1e-09
-5.85131e-15
-1e-09
-1.00001e-09
-2.56992e-15
-7.86825e-15
-9.99991e-10
-4.89131e-15
-7.88984e-15
-9.99992e-10
-6.80127e-15
-7.84748e-15
-9.99994e-10
-8.02055e-15
-7.73017e-15
-9.99996e-10
-7.55553e-15
-9.99999e-10
-2.57323e-15
-6.75789e-15
-9.99994e-10
-4.84834e-15
-6.76431e-15
-9.99995e-10
-6.68548e-15
-6.72766e-15
-9.99997e-10
-7.88193e-15
-6.67559e-15
-9.99999e-10
-6.61789e-15
-1e-09
-2.56407e-15
-4.92187e-15
-9.99997e-10
-4.81181e-15
-4.91313e-15
-9.99998e-10
-6.63292e-15
-4.89021e-15
-9.99999e-10
-7.83342e-15
-4.88776e-15
-1e-09
-4.92052e-15
-1e-09
-2.54328e-15
-2.57382e-15
-9.99999e-10
-4.78772e-15
-2.55559e-15
-9.99999e-10
-6.62945e-15
-2.55505e-15
-1e-09
-7.87029e-15
-2.57572e-15
-1e-09
-2.59154e-15
-1.00001e-09
-2.51385e-15
-9.99999e-10
-4.7757e-15
-1e-09
-6.634e-15
-1e-09
-7.86844e-15
-1e-09
-1.00001e-09
-3.4716e-15
-1.07368e-14
-9.99988e-10
-6.6007e-15
-1.07491e-14
-9.9999e-10
-9.16438e-15
-1.06974e-14
-9.99992e-10
-1.08775e-14
-1.05831e-14
-9.99995e-10
-1.04023e-14
-9.99999e-10
-3.45911e-15
-9.16898e-15
-9.99992e-10
-6.54871e-15
-9.1788e-15
-9.99994e-10
-9.04875e-15
-9.148e-15
-9.99996e-10
-1.07454e-14
-9.10636e-15
-9.99999e-10
-9.01345e-15
-1e-09
-3.44741e-15
-6.66534e-15
-9.99996e-10
-6.51804e-15
-6.66429e-15
-9.99997e-10
-9.00618e-15
-6.64694e-15
-9.99999e-10
-1.06676e-14
-6.63733e-15
-1e-09
-6.60675e-15
-1.00001e-09
-3.4304e-15
-3.4838e-15
-9.99998e-10
-6.49954e-15
-3.47902e-15
-9.99999e-10
-8.99551e-15
-3.48194e-15
-1e-09
-1.06414e-14
-3.48522e-15
-1.00001e-09
-3.45202e-15
-1.00001e-09
-3.41052e-15
-9.99999e-10
-6.48667e-15
-1e-09
-8.9771e-15
-1e-09
-1.05845e-14
-1.00001e-09
-1.00001e-09
-4.73993e-15
-1.46236e-14
-9.99984e-10
-8.99683e-15
-1.46445e-14
-9.99986e-10
-1.2463e-14
-1.46088e-14
-9.99989e-10
-1.48665e-14
-1.45169e-14
-9.99994e-10
-1.43029e-14
-1e-09
-4.72698e-15
-1.2474e-14
-9.9999e-10
-8.96109e-15
-1.24959e-14
-9.99991e-10
-1.23741e-14
-1.2459e-14
-9.99995e-10
-1.46943e-14
-1.23987e-14
-1e-09
-1.22667e-14
-1e-09
-4.71966e-15
-9.0674e-15
-9.99994e-10
-8.92355e-15
-9.06742e-15
-9.99996e-10
-1.23129e-14
-9.03188e-15
-9.99999e-10
-1.45695e-14
-8.98663e-15
-1e-09
-8.89754e-15
-1.00001e-09
-4.69879e-15
-4.74186e-15
-9.99998e-10
-8.88749e-15
-4.7367e-15
-9.99999e-10
-1.22675e-14
-4.72526e-15
-1e-09
-1.44823e-14
-4.70622e-15
-1.00001e-09
-4.66113e-15
-1.00001e-09
-4.67188e-15
-9.99999e-10
-8.85427e-15
-1e-09
-1.22194e-14
-1e-09
-1.4404e-14
-1.00001e-09
-1.00001e-09
-6.51148e-15
-1.99438e-14
-9.99979e-10
-1.23601e-14
-1.99839e-14
-9.99981e-10
-1.7073e-14
-1.99273e-14
-9.99986e-10
-2.02725e-14
-1.97972e-14
-9.99992e-10
-1.95549e-14
-1e-09
-6.50584e-15
-1.69987e-14
-9.99986e-10
-1.23058e-14
-1.70155e-14
-9.99989e-10
-1.69597e-14
-1.69447e-14
-9.99993e-10
-2.00888e-14
-1.68491e-14
-9.99999e-10
-1.66991e-14
-1.00001e-09
-6.48359e-15
-1.23344e-14
-9.99992e-10
-1.22336e-14
-1.23182e-14
-9.99995e-10
-1.6863e-14
-1.22562e-14
-9.99999e-10
-1.99361e-14
-1.21889e-14
-1.00001e-09
-1.20938e-14
-1.00001e-09
-6.43917e-15
-6.43987e-15
-9.99997e-10
-1.21712e-14
-6.42116e-15
-9.99999e-10
-1.67957e-14
-6.40109e-15
-1e-09
-1.9839e-14
-6.38396e-15
-1.00001e-09
-6.36037e-15
-1.00002e-09
-6.3901e-15
-9.99999e-10
-1.21217e-14
-1e-09
-1.67393e-14
-1.00001e-09
-1.97687e-14
-1.00001e-09
-1.00002e-09
-8.97539e-15
-2.72056e-14
-9.99971e-10
-1.69827e-14
-2.72186e-14
-9.99974e-10
-2.33733e-14
-2.70952e-14
-9.99981e-10
-2.76077e-14
-2.69234e-14
-9.9999e-10
-2.6709e-14
-1e-09
-8.92635e-15
-2.3132e-14
-9.99981e-10
-1.68603e-14
-2.31169e-14
-9.99984e-10
-2.3215e-14
-2.30095e-14
-9.99991e-10
-2.74528e-14
-2.28982e-14
-9.99999e-10
-2.27414e-14
-1.00001e-09
-8.85846e-15
-1.67476e-14
-9.9999e-10
-1.67515e-14
-1.67179e-14
-9.99993e-10
-2.3103e-14
-1.66498e-14
-9.99999e-10
-2.72929e-14
-1.65875e-14
-1.00001e-09
-1.65053e-14
-1.00002e-09
-8.79019e-15
-8.73781e-15
-9.99996e-10
-1.66821e-14
-8.7205e-15
-9.99999e-10
-2.30398e-14
-8.71043e-15
-1.00001e-09
-2.72084e-14
-8.70607e-15
-1.00001e-09
-8.69166e-15
-1.00002e-09
-8.73274e-15
-9.99999e-10
-1.66324e-14
-1e-09
-2.29814e-14
-1.00001e-09
-2.71296e-14
-1.00002e-09
-1.00003e-09
-1.22968e-14
-3.7029e-14
-9.99961e-10
-2.32492e-14
-3.69917e-14
-9.99965e-10
-3.19899e-14
-3.6811e-14
-9.99974e-10
-3.77402e-14
-3.66067e-14
-9.99986e-10
-3.63547e-14
-1e-09
-1.21745e-14
-3.14459e-14
-9.99974e-10
-2.30671e-14
-3.14144e-14
-9.99979e-10
-3.17849e-14
-3.1291e-14
-9.99987e-10
-3.75188e-14
-3.11572e-14
-9.99999e-10
-3.09501e-14
-1.00001e-09
-1.20711e-14
-2.27692e-14
-9.99986e-10
-2.29427e-14
-2.27583e-14
-9.9999e-10
-3.16501e-14
-2.26942e-14
-9.99999e-10
-3.73155e-14
-2.26187e-14
-1.00001e-09
-2.25176e-14
-1.00002e-09
-1.20075e-14
-1.19106e-14
-9.99994e-10
-2.28764e-14
-1.19188e-14
-9.99999e-10
-3.1573e-14
-1.19079e-14
-1.00001e-09
-3.72137e-14
-1.18883e-14
-1.00002e-09
-1.18503e-14
-1.00003e-09
-1.19614e-14
-9.99999e-10
-2.28114e-14
-1e-09
-3.14788e-14
-1.00001e-09
-3.70882e-14
-1.00002e-09
-1.00004e-09
-1.67487e-14
-5.04171e-14
-9.99946e-10
-3.1783e-14
-5.03747e-14
-9.99952e-10
-4.38116e-14
-5.0158e-14
-9.99964e-10
-5.16762e-14
-4.98628e-14
-9.9998e-10
-4.94314e-14
-1e-09
-1.65907e-14
-4.28343e-14
-9.99965e-10
-3.15638e-14
-4.28279e-14
-9.99971e-10
-4.35136e-14
-4.26761e-14
-9.99983e-10
-5.12596e-14
-4.24546e-14
-9.99999e-10
-4.21389e-14
-1.00002e-09
-1.64861e-14
-3.10725e-14
-9.99981e-10
-3.141e-14
-3.10916e-14
-9.99987e-10
-4.32908e-14
-3.09906e-14
-9.99999e-10
-5.09491e-14
-3.08407e-14
-1.00001e-09
-3.06569e-14
-1.00003e-09
-1.6433e-14
-1.6308e-14
-9.99992e-10
-3.13062e-14
-1.63245e-14
-9.99999e-10
-4.31391e-14
-1.62729e-14
-1.00001e-09
-5.07658e-14
-1.61992e-14
-1.00003e-09
-1.61037e-14
-1.00004e-09
-1.63745e-14
-9.99999e-10
-3.11801e-14
-1e-09
-4.29627e-14
-1.00002e-09
-5.05515e-14
-1.00003e-09
-1.00005e-09
-2.28283e-14
-6.88136e-14
-9.99927e-10
-4.34455e-14
-6.87968e-14
-9.99935e-10
-5.99264e-14
-6.85029e-14
-9.99951e-10
-7.05696e-14
-6.80288e-14
-9.99974e-10
-6.74035e-14
-9.99999e-10
-2.26545e-14
-5.84976e-14
-9.99952e-10
-4.31495e-14
-5.85088e-14
-9.99961e-10
-5.94523e-14
-5.82542e-14
-9.99977e-10
-6.99569e-14
-5.78627e-14
-9.99999e-10
-5.73769e-14
-1.00002e-09
-2.25305e-14
-4.24862e-14
-9.99974e-10
-4.28913e-14
-4.24915e-14
-9.99983e-10
-5.906e-14
-4.22893e-14
-9.99998e-10
-6.94749e-14
-4.2004e-14
-1.00002e-09
-4.16591e-14
-1.00005e-09
-2.2437e-14
-2.232e-14
-9.9999e-10
-4.26852e-14
-2.23068e-14
-9.99998e-10
-5.87723e-14
-2.21907e-14
-1.00001e-09
-6.91294e-14
-2.20405e-14
-1.00004e-09
-2.18573e-14
-1.00006e-09
-2.23202e-14
-9.99998e-10
-4.2467e-14
-1.00001e-09
-5.84828e-14
-1.00002e-09
-6.87851e-14
-1.00004e-09
-1.00007e-09
-3.11743e-14
-9.40444e-14
-9.999e-10
-5.93481e-14
-9.40037e-14
-9.99912e-10
-8.17822e-14
-9.35087e-14
-9.99934e-10
-9.61591e-14
-9.27494e-14
-9.99964e-10
-9.18668e-14
-9.99999e-10
-3.09191e-14
-7.99552e-14
-9.99936e-10
-5.88503e-14
-7.99173e-14
-9.99947e-10
-8.10249e-14
-7.94654e-14
-9.99968e-10
-9.52864e-14
-7.88265e-14
-9.99998e-10
-7.80823e-14
-1.00003e-09
-3.06966e-14
-5.80685e-14
-9.99965e-10
-5.83942e-14
-5.80169e-14
-9.99977e-10
-8.03857e-14
-5.76711e-14
-9.99998e-10
-9.4544e-14
-5.72016e-14
-1.00003e-09
-5.66362e-14
-1.00006e-09
-3.05108e-14
-3.04942e-14
-9.99987e-10
-5.80431e-14
-3.04514e-14
-9.99998e-10
-7.9912e-14
-3.02653e-14
-1.00002e-09
-9.39759e-14
-3.00239e-14
-1.00005e-09
-2.97386e-14
-1.00008e-09
-3.03272e-14
-9.99999e-10
-5.7719e-14
-1.00001e-09
-7.94827e-14
-1.00003e-09
-9.34716e-14
-1.00006e-09
-1.00009e-09
-4.25366e-14
-1.28581e-13
-9.99865e-10
-8.09472e-14
-1.28431e-13
-9.9988e-10
-1.11386e-13
-1.27581e-13
-9.9991e-10
-1.30837e-13
-1.26415e-13
-9.99951e-10
-1.25138e-13
-9.99998e-10
-4.20934e-14
-1.09298e-13
-9.99913e-10
-8.00915e-14
-1.0916e-13
-9.99928e-10
-1.10222e-13
-1.08431e-13
-9.99957e-10
-1.29571e-13
-1.07447e-13
-9.99997e-10
-1.06319e-13
-1.00004e-09
-4.1706e-14
-7.93568e-14
-9.99954e-10
-7.93576e-14
-7.92487e-14
-9.99969e-10
-1.09237e-13
-7.87147e-14
-9.99998e-10
-1.28442e-13
-7.79948e-14
-1.00004e-09
-7.7153e-14
-1.00008e-09
-4.14153e-14
-4.16769e-14
-9.99983e-10
-7.88164e-14
-4.16176e-14
-9.99998e-10
-1.08511e-13
-4.13363e-14
-1.00003e-09
-1.27596e-13
-4.09697e-14
-1.00007e-09
-4.0552e-14
-1.00011e-09
-4.11654e-14
-9.99999e-10
-7.83489e-14
-1.00001e-09
-1.0789e-13
-1.00004e-09
-1.26881e-13
-1.00008e-09
-1.00013e-09
-5.79338e-14
-1.75937e-13
-9.99816e-10
-1.10226e-13
-1.75625e-13
-9.99837e-10
-1.51567e-13
-1.74279e-13
-9.99877e-10
-1.7803e-13
-1.72527e-13
-9.99933e-10
-1.70611e-13
-9.99998e-10
-5.72205e-14
-1.49512e-13
-9.99882e-10
-1.08872e-13
-1.49251e-13
-9.99903e-10
-1.49818e-13
-1.48127e-13
-9.99942e-10
-1.7612e-13
-1.46621e-13
-9.99997e-10
-1.44894e-13
-1.00006e-09
-5.66208e-14
-1.08539e-13
-9.99938e-10
-1.07741e-13
-1.08354e-13
-9.99959e-10
-1.4831e-13
-1.07536e-13
-9.99997e-10
-1.74392e-13
-1.06439e-13
-1.00005e-09
-1.05179e-13
-1.00011e-09
-5.6186e-14
-5.7013e-14
-9.99979e-10
-1.06914e-13
-5.69075e-14
-9.99999e-10
-1.47206e-13
-5.64776e-14
-1.00004e-09
-1.73125e-13
-5.59133e-14
-1.00009e-09
-5.52615e-14
-1.00015e-09
-5.58212e-14
-1e-09
-1.06231e-13
-1.00002e-09
-1.46296e-13
-1.00006e-09
-1.72068e-13
-1.00011e-09
-1.00017e-09
-7.88395e-14
-2.40926e-13
-9.9975e-10
-1.49975e-13
-2.40379e-13
-9.99779e-10
-2.06322e-13
-2.3832e-13
-9.99834e-10
-2.42561e-13
-2.35593e-13
-9.99909e-10
-2.32432e-13
-9.99998e-10
-7.7746e-14
-2.04665e-13
-9.99841e-10
-1.47907e-13
-2.04206e-13
-9.99869e-10
-2.03602e-13
-2.02474e-13
-9.99922e-10
-2.39408e-13
-2.0013e-13
-9.99996e-10
-1.97417e-13
-1.00008e-09
-7.68226e-14
-1.48526e-13
-9.99917e-10
-1.46165e-13
-1.48183e-13
-9.99945e-10
-2.01256e-13
-1.46931e-13
-9.99998e-10
-2.3669e-13
-1.45237e-13
-1.00007e-09
-1.43267e-13
-1.00016e-09
-7.61391e-14
-7.79884e-14
-9.99973e-10
-1.44901e-13
-7.77938e-14
-1e-09
-1.99553e-13
-7.71445e-14
-1.00005e-09
-2.34708e-13
-7.62628e-14
-1.00012e-09
-7.52085e-14
-1.00021e-09
-7.55909e-14
-1e-09
-1.43907e-13
-1.00003e-09
-1.98202e-13
-1.00008e-09
-2.33102e-13
-1.00015e-09
-1.00024e-09
-1.07236e-13
-3.30042e-13
-9.99661e-10
-2.04002e-13
-3.2911e-13
-9.997e-10
-2.80902e-13
-3.25972e-13
-9.99774e-10
-3.3039e-13
-3.21668e-13
-9.99877e-10
-3.16584e-13
-9.99998e-10
-1.05559e-13
-2.80235e-13
-9.99785e-10
-2.0085e-13
-2.79436e-13
-9.99823e-10
-2.76603e-13
-2.76785e-13
-9.99896e-10
-3.25324e-13
-2.73144e-13
-9.99996e-10
-2.68869e-13
-1.00011e-09
-1.04126e-13
-2.03263e-13
-9.9989e-10
-1.98185e-13
-2.0267e-13
-9.99928e-10
-2.72961e-13
-2.00765e-13
-9.99999e-10
-3.21042e-13
-1.98135e-13
-1.0001e-09
-1.95026e-13
-1.00021e-09
-1.0307e-13
-1.06686e-13
-9.99966e-10
-1.96262e-13
-1.06377e-13
-1e-09
-2.70319e-13
-1.05395e-13
-1.00007e-09
-3.17916e-13
-1.04014e-13
-1.00017e-09
-1.0238e-13
-1.00028e-09
-1.02282e-13
-1.00001e-09
-1.94812e-13
-1.00004e-09
-2.68302e-13
-1.00011e-09
-3.15532e-13
-1.00021e-09
-1.00032e-09
-1.45796e-13
-4.52311e-13
-9.99539e-10
-2.77483e-13
-4.50782e-13
-9.99593e-10
-3.82239e-13
-4.46e-13
-9.99694e-10
-4.49503e-13
-4.39362e-13
-9.99834e-10
-4.31674e-13
-9.99998e-10
-1.4325e-13
-3.83835e-13
-9.9971e-10
-2.7268e-13
-3.8251e-13
-9.99762e-10
-3.75596e-13
-3.78456e-13
-9.99861e-10
-4.41826e-13
-3.72841e-13
-9.99997e-10
-3.66205e-13
-1.00016e-09
-1.41062e-13
-2.78287e-13
-9.99854e-10
-2.68608e-13
-2.77323e-13
-9.99905e-10
-3.69981e-13
-2.74392e-13
-1e-09
-4.3519e-13
-2.70308e-13
-1.00013e-09
-2.6551e-13
-1.00029e-09
-1.39468e-13
-1.4605e-13
-9.99959e-10
-2.6565e-13
-1.45571e-13
-1.00001e-09
-3.65882e-13
-1.44038e-13
-1.0001e-09
-4.3037e-13
-1.41902e-13
-1.00023e-09
-1.39448e-13
-1.00039e-09
-1.38338e-13
-1.00001e-09
-2.63481e-13
-1.00006e-09
-3.62884e-13
-1.00016e-09
-4.26896e-13
-1.00029e-09
-1.00044e-09
-1.98307e-13
-6.20355e-13
-9.99375e-10
-3.77523e-13
-6.17834e-13
-9.99448e-10
-5.20014e-13
-6.1046e-13
-9.99586e-10
-6.11606e-13
-6.00282e-13
-9.99775e-10
-5.88461e-13
-9.99999e-10
-1.94396e-13
-5.26069e-13
-9.9961e-10
-3.70116e-13
-5.23892e-13
-9.9968e-10
-5.0982e-13
-5.17606e-13
-9.99814e-10
-5.99792e-13
-5.08908e-13
-9.99998e-10
-4.987e-13
-1.00022e-09
-1.91045e-13
-3.81258e-13
-9.99808e-10
-3.63808e-13
-3.7967e-13
-9.99877e-10
-5.01122e-13
-3.75082e-13
-1.00001e-09
-5.89592e-13
-3.68755e-13
-1.00019e-09
-3.6141e-13
-1.0004e-09
-1.88599e-13
-2.00087e-13
-9.99952e-10
-3.59187e-13
-1.99275e-13
-1.00002e-09
-4.94775e-13
-1.9685e-13
-1.00015e-09
-5.82223e-13
-1.93561e-13
-1.00032e-09
-1.89762e-13
-1.00053e-09
-1.86899e-13
-1.00003e-09
-3.55901e-13
-1.00009e-09
-4.90312e-13
-1.00022e-09
-5.77037e-13
-1.00039e-09
-1.0006e-09
-2.69833e-13
-8.51508e-13
-9.99153e-10
-5.13645e-13
-8.47289e-13
-9.99252e-10
-7.07446e-13
-8.3579e-13
-9.99439e-10
-8.32326e-13
-8.2005e-13
-9.99697e-10
-8.01672e-13
-1e-09
-2.63721e-13
-7.21479e-13
-9.99476e-10
-5.02106e-13
-7.17854e-13
-9.99572e-10
-6.9169e-13
-7.08009e-13
-9.99752e-10
-8.13944e-13
-6.94504e-13
-1e-09
-6.78791e-13
-1.0003e-09
-2.58496e-13
-5.22604e-13
-9.99749e-10
-4.92233e-13
-5.19938e-13
-9.99841e-10
-6.78187e-13
-5.12731e-13
-1.00002e-09
-7.98242e-13
-5.02916e-13
-1.00026e-09
-4.91497e-13
-1.00054e-09
-2.54662e-13
-2.74203e-13
-9.99946e-10
-4.84985e-13
-2.72788e-13
-1.00004e-09
-6.68342e-13
-2.68992e-13
-1.00021e-09
-7.86793e-13
-2.63842e-13
-1.00044e-09
-2.57793e-13
-1.00072e-09
-2.52038e-13
-1.00005e-09
-4.80023e-13
-1.00014e-09
-6.61591e-13
-1.00031e-09
-7.78863e-13
-1.00054e-09
-1.00082e-09
-3.67016e-13
-1.16962e-12
-9.98853e-10
-6.98625e-13
-1.16261e-12
-9.98987e-10
-9.62269e-13
-1.14466e-12
-9.99242e-10
-1.13241e-12
-1.12031e-12
-9.99593e-10
-1.09206e-12
-1.00001e-09
-3.57439e-13
-9.89999e-13
-9.99298e-10
-6.80636e-13
-9.83957e-13
-9.99427e-10
-9.3791e-13
-9.6853e-13
-9.99671e-10
-1.10414e-12
-9.4757e-13
-1.00001e-09
-9.23224e-13
-1.00041e-09
-3.49221e-13
-7.16613e-13
-9.99673e-10
-6.65175e-13
-7.12149e-13
-9.99797e-10
-9.16952e-13
-7.0086e-13
-1.00003e-09
-1.07979e-12
-6.8551e-13
-1.00036e-09
-6.67598e-13
-1.00074e-09
-3.43169e-13
-3.75841e-13
-9.99943e-10
-6.53832e-13
-3.73458e-13
-1.00006e-09
-9.01558e-13
-3.67522e-13
-1.00029e-09
-1.06183e-12
-3.59391e-13
-1.00061e-09
-3.49848e-13
-1.00098e-09
-3.3915e-13
-1.00009e-09
-6.46313e-13
-1.00021e-09
-8.91257e-13
-1.00043e-09
-1.04973e-12
-1.00074e-09
-1.00111e-09
-4.98923e-13
-1.60775e-12
-9.9845e-10
-9.49888e-13
-1.5962e-12
-9.98631e-10
-1.30875e-12
-1.56819e-12
-9.98977e-10
-1.5407e-12
-1.53043e-12
-9.99454e-10
-1.48684e-12
-1.00002e-09
-4.83886e-13
-1.35909e-12
-9.99063e-10
-9.21851e-13
-1.34908e-12
-9.99236e-10
-1.27102e-12
-1.32491e-12
-9.99565e-10
-1.49706e-12
-1.2922e-12
-1.00002e-09
-1.2543e-12
-1.00056e-09
-4.70924e-13
-9.82994e-13
-9.99578e-10
-8.9764e-13
-9.75603e-13
-9.99744e-10
-1.23831e-12
-9.57859e-13
-1.00006e-09
-1.45913e-12
-9.33685e-13
-1.0005e-09
-9.0562e-13
-1.00101e-09
-4.6138e-13
-5.15368e-13
-9.99949e-10
-8.79824e-13
-5.11452e-13
-1.00011e-09
-1.21409e-12
-5.02069e-13
-1.00041e-09
-1.43098e-12
-4.89207e-13
-1.00084e-09
-4.74268e-13
-1.00134e-09
-4.55248e-13
-1.00015e-09
-8.68294e-13
-1.0003e-09
-1.19829e-12
-1.0006e-09
-1.41256e-12
-1.00102e-09
-1.00151e-09
-6.77853e-13
-2.2117e-12
-9.97908e-10
-1.29111e-12
-2.19267e-12
-9.98153e-10
-1.77986e-12
-2.14877e-12
-9.98622e-10
-2.09618e-12
-2.08995e-12
-9.99271e-10
-2.02246e-12
-1.00004e-09
-6.54114e-13
-1.8666e-12
-9.98754e-10
-1.24721e-12
-1.85009e-12
-9.98986e-10
-1.72109e-12
-1.81204e-12
-9.99429e-10
-2.02862e-12
-1.76065e-12
-1.00004e-09
-1.70151e-12
-1.00077e-09
-6.33611e-13
-1.34902e-12
-9.99462e-10
-1.20914e-12
-1.33679e-12
-9.99682e-10
-1.66971e-12
-1.30868e-12
-1.0001e-09
-1.96941e-12
-1.27044e-12
-1.00069e-09
-1.22635e-12
-1.00138e-09
-6.18472e-13
-7.07259e-13
-9.99973e-10
-1.18093e-12
-7.00715e-13
-1.00018e-09
-1.63141e-12
-6.85764e-13
-1.00059e-09
-1.92518e-12
-6.6536e-13
-1.00115e-09
-6.41814e-13
-1.00182e-09
-6.08934e-13
-1.00025e-09
-1.16307e-12
-1.00045e-09
-1.60702e-12
-1.00084e-09
-1.8969e-12
-1.00139e-09
-1.00204e-09
-9.20132e-13
-3.04498e-12
-9.97183e-10
-1.75413e-12
-3.01351e-12
-9.97514e-10
-2.42032e-12
-2.9442e-12
-9.9815e-10
-2.85213e-12
-2.85204e-12
-9.99032e-10
-2.74768e-12
-1.00008e-09
-8.82337e-13
-2.56468e-12
-9.98352e-10
-1.68489e-12
-2.53732e-12
-9.98659e-10
-2.32825e-12
-2.47704e-12
-9.99252e-10
-2.74759e-12
-2.39577e-12
-1.00008e-09
-2.30313e-12
-1.00107e-09
-8.49644e-13
-1.85253e-12
-9.99325e-10
-1.6246e-12
-1.83197e-12
-9.99612e-10
-2.24704e-12
-1.78729e-12
-1.00017e-09
-2.65482e-12
-1.72643e-12
-1.00095e-09
-1.65676e-12
-1.00188e-09
-8.25194e-13
-9.71848e-13
-1.00003e-09
-1.57975e-12
-9.60689e-13
-1.0003e-09
-2.18612e-12
-9.37005e-13
-1.00083e-09
-2.5849e-12
-9.04479e-13
-1.00157e-09
-8.67038e-13
-1.00246e-09
-8.1002e-13
-1.00041e-09
-1.55211e-12
-1.00067e-09
-2.14822e-12
-1.00119e-09
-2.54099e-12
-1.0019e-09
-1.00277e-09
-1.2471e-12
-4.19608e-12
-9.96219e-10
-2.3818e-12
-4.14334e-12
-9.96662e-10
-3.29168e-12
-4.03276e-12
-9.97521e-10
-3.88347e-12
-3.88701e-12
-9.98724e-10
-3.72489e-12
-1.00016e-09
-1.18595e-12
-3.52463e-12
-9.97837e-10
-2.27134e-12
-3.47875e-12
-9.98239e-10
-3.14609e-12
-3.38302e-12
-9.99027e-10
-3.72088e-12
-3.25336e-12
-1.00014e-09
-3.10731e-12
-1.00148e-09
-1.13312e-12
-2.54635e-12
-9.9917e-10
-2.17559e-12
-2.51097e-12
-9.99537e-10
-3.01669e-12
-2.44033e-12
-1.00027e-09
-3.57455e-12
-2.34246e-12
-1.0013e-09
-2.23142e-12
-1.00255e-09
-1.09265e-12
-1.33893e-12
-1.00014e-09
-2.10453e-12
-1.31954e-12
-1.00048e-09
-2.91887e-12
-1.28263e-12
-1.00117e-09
-3.46308e-12
-1.2299e-12
-1.00214e-09
-1.16981e-12
-1.00332e-09
-1.06797e-12
-1.00068e-09
-2.06211e-12
-1.00099e-09
-2.85895e-12
-1.00167e-09
-3.39406e-12
-1.0026e-09
-1.00374e-09
-1.68574e-12
-5.7897e-12
-9.94941e-10
-3.23155e-12
-5.69889e-12
-9.95525e-10
-4.47909e-12
-5.5199e-12
-9.96685e-10
-5.29668e-12
-5.28577e-12
-9.9833e-10
-5.03119e-12
-1.00031e-09
-1.58376e-12
-4.84208e-12
-9.97201e-10
-3.05236e-12
-4.76407e-12
-9.97705e-10
-4.24507e-12
-4.61345e-12
-9.98741e-10
-5.04092e-12
-4.40368e-12
-1.00023e-09
-4.17103e-12
-1.00205e-09
-1.49727e-12
-3.50604e-12
-9.99008e-10
-2.90142e-12
-3.44186e-12
-9.99455e-10
-4.03639e-12
-3.33287e-12
-1.00042e-09
-4.80786e-12
-3.17203e-12
-1.00176e-09
-2.99332e-12
-1.00343e-09
-1.42671e-12
-1.85541e-12
-1.00037e-09
-2.79068e-12
-1.81896e-12
-1.00074e-09
-3.87631e-12
-1.76466e-12
-1.00166e-09
-4.62826e-12
-1.67671e-12
-1.00288e-09
-1.57945e-12
-1.00444e-09
-1.38347e-12
-1.00115e-09
-2.72797e-12
-1.00147e-09
-3.77916e-12
-1.00238e-09
-4.51827e-12
-1.00354e-09
-1.00504e-09
-2.2678e-12
-8.01024e-12
-9.93232e-10
-4.38053e-12
-7.84599e-12
-9.93989e-10
-6.10299e-12
-7.54982e-12
-9.95556e-10
-7.24936e-12
-7.16216e-12
-9.97826e-10
-6.75091e-12
-1.00062e-09
-2.08745e-12
-6.63752e-12
-9.96487e-10
-4.08095e-12
-6.50286e-12
-9.97054e-10
-5.71432e-12
-6.27582e-12
-9.98381e-10
-6.83565e-12
-5.92855e-12
-1.00034e-09
-5.55242e-12
-1.0028e-09
-1.94447e-12
-4.84545e-12
-9.98856e-10
-3.85161e-12
-4.71224e-12
-9.99339e-10
-5.37177e-12
-4.55949e-12
-1.00061e-09
-6.45946e-12
-4.28336e-12
-1.00232e-09
-3.99469e-12
-1.00453e-09
-1.80397e-12
-2.6031e-12
-1.0008e-09
-3.68941e-12
-2.52111e-12
-1.00104e-09
-5.09972e-12
-2.46045e-12
-1.00235e-09
-6.16822e-12
-2.30412e-12
-1.00379e-09
-2.14847e-12
-1.00584e-09
-1.71719e-12
-1.00204e-09
-3.61109e-12
-1.0021e-09
-4.93287e-12
-1.00352e-09
-5.99259e-12
-1.00478e-09
-1.00676e-09
-3.02954e-12
-1.11705e-11
-9.90792e-10
-5.93837e-12
-1.08436e-11
-9.918e-10
-8.34499e-12
-1.03321e-11
-9.93956e-10
-9.99006e-12
-9.65189e-12
-9.97181e-10
-8.93587e-12
-1.00119e-09
-2.66731e-12
-9.02022e-12
-9.9597e-10
-5.40379e-12
-8.79062e-12
-9.9637e-10
-7.65528e-12
-8.50134e-12
-9.97961e-10
-9.27157e-12
-7.90487e-12
-1.00047e-09
-7.28517e-12
-1.00365e-09
-2.44131e-12
-6.76222e-12
-9.98673e-10
-5.09994e-12
-6.40779e-12
-9.99063e-10
-7.07821e-12
-6.27647e-12
-1.00086e-09
-8.65506e-12
-5.75163e-12
-1.0029e-09
-5.29698e-12
-1.00566e-09
-2.12385e-12
-3.74651e-12
-1.0017e-09
-4.90579e-12
-3.5102e-12
-1.00116e-09
-6.56787e-12
-3.54555e-12
-1.00341e-09
-8.18994e-12
-3.22009e-12
-1.0047e-09
-2.99137e-12
-1.00734e-09
-1.95236e-12
-1.00383e-09
-4.86437e-12
-1.00269e-09
-6.23774e-12
-1.0057e-09
-7.92266e-12
-1.00632e-09
-1.00902e-09
-4.04707e-12
-1.59398e-11
-9.86477e-10
-8.09812e-12
-1.518e-11
-9.88186e-10
-1.15237e-11
-1.4227e-11
-9.91373e-10
-1.39361e-11
-1.2916e-11
-9.96366e-10
-1.14412e-11
-1.00227e-09
-3.14843e-12
-1.18982e-11
-9.96863e-10
-7.00165e-12
-1.15414e-11
-9.96156e-10
-1.01479e-11
-1.14197e-11
-9.97622e-10
-1.24692e-11
-1.03449e-11
-1.00072e-09
-9.30652e-12
-1.00391e-09
-2.94223e-12
-9.68888e-12
-9.9794e-10
-6.79321e-12
-8.51458e-12
-9.98239e-10
-9.14015e-12
-8.82097e-12
-1.00111e-09
-1.14476e-11
-7.57694e-12
-1.00336e-09
-6.97319e-12
-1.00591e-09
-2.19669e-12
-5.63021e-12
-1.00356e-09
-6.65044e-12
-4.87645e-12
-1.00034e-09
-8.05014e-12
-5.49086e-12
-1.00534e-09
-1.08019e-11
-4.60215e-12
-1.00493e-09
-4.39593e-12
-1.0081e-09
-1.91394e-12
-1.00755e-09
-6.80397e-12
-1.00268e-09
-7.43115e-12
-1.01056e-09
-1.05006e-11
-1.00785e-09
-1.01197e-09
-5.75673e-12
-2.37701e-11
-9.76674e-10
-1.13401e-11
-2.19449e-11
-9.80978e-10
-1.64005e-11
-2.00158e-11
-9.85994e-10
-1.97966e-11
-1.72377e-11
-9.95658e-10
-1.33795e-11
-1.00427e-09
-2.96046e-12
-1.49122e-11
-1.00276e-09
-8.51898e-12
-1.42009e-11
-9.98342e-10
-1.31674e-11
-1.51164e-11
-9.97873e-10
-1.62051e-11
-1.30343e-11
-1.00188e-09
-1.13214e-11
-1.00071e-09
-3.63786e-12
-1.46916e-11
-9.94523e-10
-9.24262e-12
-1.06867e-11
-9.96149e-10
-1.14925e-11
-1.30637e-11
-1.00091e-09
-1.47206e-11
-9.32786e-12
-1.00383e-09
-9.23883e-12
-1.00245e-09
-1.65925e-12
-8.94286e-12
-1.00765e-09
-9.12174e-12
-6.70493e-12
-9.96864e-10
-9.1939e-12
-9.48695e-12
-1.00885e-09
-1.40121e-11
-6.74291e-12
-1.00269e-09
-7.18467e-12
-1.00565e-09
-1.33797e-12
-1.01515e-09
-9.93142e-12
-1.00079e-09
-8.31623e-12
-1.02166e-09
-1.4092e-11
-1.00882e-09
-1.01617e-09
-9.68798e-12
-3.63628e-11
-9.54189e-10
-1.69231e-11
-3.32522e-11
-9.66383e-10
-2.5454e-11
-2.93473e-11
-9.71899e-10
-2.92841e-11
-2.34185e-11
-9.97106e-10
-1.24564e-11
-1.0078e-09
-8.8043e-13
-1.80236e-11
-1.02022e-09
-8.37314e-12
-1.59513e-11
-1.00815e-09
-1.60267e-11
-1.99383e-11
-9.99629e-10
-2.05216e-11
-1.50955e-11
-1.00571e-09
-1.27719e-11
-9.8723e-10
-5.55161e-12
-2.35807e-11
-9.83415e-10
-1.30832e-11
-1.18608e-11
-9.92708e-10
-1.45772e-11
-2.12239e-11
-9.98134e-10
-1.91978e-11
-9.92582e-12
-1.00438e-09
-1.32045e-11
-9.89356e-10
7.19518e-13
-1.48129e-11
-1.01714e-09
-1.22932e-11
-9.02855e-12
-9.86683e-10
-9.19095e-12
-1.84357e-11
-1.01474e-09
-1.76231e-11
-1.01836e-11
-9.94004e-10
-1.39131e-11
-9.93623e-10
6.25592e-13
-1.03059e-09
-1.5436e-11
-9.93759e-10
-8.22474e-12
-1.04731e-09
-1.91404e-11
-1.00808e-09
-1.02426e-09
-1.81912e-11
-5.47122e-11
-9.06997e-10
-2.69313e-11
-5.29764e-11
-9.39808e-10
-4.50436e-11
-4.48376e-11
-9.33699e-10
-4.81365e-11
-3.23721e-11
-1.00848e-09
-4.81673e-12
-1.01169e-09
8.43821e-12
-2.09458e-11
-1.06242e-09
-2.1035e-12
-1.52784e-11
-1.03531e-09
-1.38126e-11
-2.71372e-11
-1.00562e-09
-2.48389e-11
-1.44769e-11
-1.01258e-09
-1.14105e-11
-9.5026e-10
-1.26613e-11
-3.92326e-11
-9.52467e-10
-1.88937e-11
-8.15791e-12
-9.93596e-10
-1.81911e-11
-3.91259e-11
-9.86849e-10
-2.63076e-11
-7.14252e-12
-1.0036e-09
-2.20289e-11
-9.53334e-10
1.17229e-11
-2.61998e-11
-1.04189e-09
-1.59263e-11
-1.13467e-11
-9.55846e-10
-5.86418e-12
-4.01765e-11
-1.02375e-09
-2.16223e-11
-1.56883e-11
-9.697e-10
-3.1835e-11
-9.5581e-10
8.03134e-12
-1.06482e-09
-2.67322e-11
-9.70342e-10
-5.7977e-12
-1.10842e-09
-2.68637e-11
-1.00271e-09
-1.04642e-09
-3.44741e-11
-7.83645e-11
-8.18171e-10
-3.64574e-11
-8.99553e-11
-9.08015e-10
-7.19816e-11
-7.25271e-11
-8.54744e-10
-7.74125e-11
-4.88317e-11
-1.02397e-09
9.51851e-12
-9.89605e-10
3.39697e-11
-1.49061e-11
-1.15985e-09
3.16224e-11
-4.86284e-12
-1.11805e-09
6.8077e-12
-4.4829e-11
-1.0085e-09
-3.24439e-11
-1.64658e-11
-1.00569e-09
-1.15574e-11
-8.66924e-10
-3.08243e-11
-5.37189e-11
-8.8283e-10
-2.8433e-11
1.34005e-11
-1.01425e-09
-1.65439e-11
-7.07075e-11
-9.72859e-10
-3.8167e-11
2.40745e-12
-1.00085e-09
-4.41624e-11
-8.82245e-10
2.46778e-11
-6.54472e-11
-1.05484e-09
-2.31861e-11
-1.43737e-11
-8.80208e-10
5.65361e-12
-1.00099e-10
-1.0232e-09
-2.91416e-11
-1.97922e-11
-9.12705e-10
-7.94983e-11
-8.65845e-10
1.89172e-11
-1.14919e-09
-5.21279e-11
-9.13671e-10
9.39331e-12
-1.27004e-09
-4.52058e-11
-9.679e-10
-1.12759e-09
-7.1498e-11
-9.22439e-11
-6.12764e-10
-1.47904e-10
-1.51622e-10
-7.28456e-10
-2.81333e-10
-1.02754e-10
-5.40987e-10
-2.30827e-10
-4.51554e-11
-1.3049e-09
1.37529e-10
-1.08771e-09
2.17775e-11
-8.55513e-11
-1.18832e-09
-4.66381e-11
-5.49026e-11
-1.14636e-09
1.73287e-11
-3.47742e-11
-1.14045e-09
3.72374e-12
7.37326e-11
-1.11098e-09
1.25159e-10
-6.87375e-10
-1.0711e-10
-2.31039e-10
-6.30232e-10
-1.92654e-11
9.63725e-11
-1.25337e-09
1.46235e-11
-1.60792e-10
-8.8073e-10
-6.32526e-11
3.54157e-11
-8.84658e-10
-4.96442e-11
-5.44877e-10
2.00908e-10
-7.407e-11
-1.41272e-09
-1.49796e-12
2.05661e-11
-6.01995e-10
9.01699e-11
-1.12477e-10
-1.16318e-09
1.12967e-12
-7.93349e-11
-7.08915e-10
-1.43393e-10
-5.00725e-10
1.05088e-10
-1.32834e-09
-9.49366e-11
-6.9308e-10
-1.13973e-12
-1.47631e-09
-4.16309e-11
-1.00674e-09
-1.15922e-09
-1.02133e-10
-7.47197e-11
-4.12405e-10
5.09624e-11
-3.24256e-10
-8.45048e-10
7.10567e-11
-1.64345e-10
-5.00335e-10
-1.15119e-10
-1.28113e-10
-9.99105e-10
5.24028e-11
-6.49267e-10
2.46999e-10
3.0648e-10
-1.81652e-09
5.36839e-10
2.9411e-10
-2.05456e-09
2.08783e-10
-2.0616e-10
-7.70579e-10
-2.09977e-10
-9.3033e-11
-7.27297e-10
-1.93571e-10
-3.11578e-10
-1.09359e-10
9.07221e-11
-3.05115e-10
-1.64013e-10
1.98713e-10
-1.10332e-09
7.66917e-12
-2.54528e-10
-1.00404e-09
-9.05649e-11
8.75699e-11
-9.67026e-10
-3.90244e-10
-4.30986e-10
-5.78162e-11
-3.67066e-10
-8.97115e-10
-7.93873e-11
-1.08766e-11
-3.70834e-10
-2.09295e-11
-6.84504e-10
-7.91664e-10
-1.28792e-10
7.67725e-11
-5.90255e-10
-8.40164e-10
-7.88535e-11
-4.05526e-11
-1.65486e-09
-2.89358e-10
-4.55152e-10
-1.78981e-11
-2.43228e-09
-3.48336e-10
-5.99533e-10
-2.65363e-09
5.86219e-12
1.63385e-11
-2.45174e-10
-9.03877e-12
-1.2887e-10
-6.72014e-10
-5.15488e-11
-1.2018e-11
-4.37052e-10
4.50995e-12
1.77721e-11
-1.16737e-09
-3.54356e-14
-8.1219e-10
-1.2837e-10
-2.1561e-11
-1.65025e-09
-2.33586e-10
-3.37021e-10
-1.7412e-09
2.82563e-13
2.65693e-11
-1.04303e-09
-8.82409e-13
4.7417e-11
-7.55777e-10
2.02395e-11
-3.28045e-10
-3.56172e-11
-2.52058e-11
-2.65854e-10
1.29523e-10
5.7625e-11
-1.66311e-09
4.00576e-11
-4.01842e-11
-8.47825e-10
-1.07041e-11
4.89144e-11
-9.17762e-10
1.93253e-11
-3.53571e-10
3.6429e-11
9.00337e-11
-1.04878e-09
5.20713e-13
-5.99762e-12
-2.71303e-10
4.66043e-11
1.49451e-10
-1.02738e-09
2.50546e-11
-1.44619e-11
-5.05329e-10
6.39214e-11
-6.1202e-11
1.09712e-10
-1.67454e-09
-1.66802e-10
-1.84634e-10
-1.76071e-10
-2.27356e-09
-1.96599e-10
-5.93468e-10
-2.17337e-09
1.75243e-11
9.90262e-11
-5.36303e-10
-1.37399e-10
3.3543e-11
-3.02487e-10
3.30284e-10
4.92966e-10
-1.46615e-09
-1.63208e-11
-5.07491e-11
-8.98361e-10
-8.59792e-11
-6.61328e-10
-1.04283e-11
2.71798e-11
-1.56798e-09
-1.92914e-10
-9.11106e-11
-1.43406e-09
-1.28957e-10
4.26605e-10
-1.04063e-09
-2.37215e-11
2.31078e-11
-9.3487e-10
4.94006e-11
-3.97562e-10
1.46833e-11
-7.91253e-11
-1.74232e-10
-6.2409e-11
-2.23473e-10
-1.45365e-09
-7.7145e-11
3.60035e-11
-4.42487e-10
-1.31776e-11
-1.18233e-10
-8.40389e-10
-3.04067e-12
-1.32589e-10
4.94768e-11
3.02418e-10
-1.4798e-09
-1.18196e-10
1.32282e-11
-3.40331e-10
-3.06335e-10
2.95553e-10
-1.09879e-09
-4.73147e-11
7.68068e-11
-9.59388e-10
5.08953e-12
-2.86669e-10
5.25861e-11
-1.4247e-09
-1.03731e-10
-1.50891e-11
-4.63158e-10
-1.61858e-09
-3.57293e-12
-9.76246e-10
-1.96874e-09
-2.16011e-11
2.49358e-10
-6.3074e-10
-7.09048e-11
2.35603e-10
-3.20712e-10
1.609e-10
3.66678e-10
-1.9766e-09
-7.08795e-15
-2.9907e-11
-7.03821e-10
-2.50818e-12
-3.98074e-10
-2.6823e-10
9.38077e-11
-1.1442e-09
-1.73983e-10
4.38967e-10
-1.73167e-09
-2.8505e-11
2.67047e-11
-8.46135e-10
-3.63767e-11
-1.95238e-11
-9.37381e-10
4.15076e-12
-4.91383e-10
1.6266e-11
-4.87818e-12
-9.1812e-11
-1.37839e-10
-1.3519e-10
-7.25391e-10
-1.31628e-10
-4.39062e-11
-3.78087e-10
-3.69848e-11
1.28606e-10
-1.08316e-09
-7.63899e-11
-8.1047e-11
-3.29471e-11
9.32313e-11
-1.54497e-09
-6.74331e-11
-2.85261e-11
-4.12509e-10
-3.15974e-11
2.03624e-10
-1.38216e-09
-9.3362e-11
4.15134e-10
-1.18415e-09
-1.71591e-10
-5.96804e-10
-5.89305e-11
-1.27254e-09
3.15566e-11
-1.34102e-10
-1.69849e-10
-1.21355e-09
-9.3585e-12
-7.21602e-10
-2.96398e-09
6.98262e-11
1.68092e-10
-1.08906e-09
-4.26185e-11
2.04471e-10
-2.20304e-10
-5.65776e-10
-6.37024e-11
-1.14409e-09
1.74488e-10
3.5222e-10
-1.83175e-09
4.27913e-11
-1.64214e-09
-3.93036e-10
-9.30601e-11
-4.90009e-10
-5.05979e-10
-1.11655e-10
-1.3026e-09
-2.07254e-10
-8.78757e-11
-1.12069e-09
5.63459e-11
2.59803e-10
-1.10856e-09
1.18709e-10
-1.1369e-09
5.43603e-13
-6.01983e-11
-1.25217e-10
-2.37438e-11
3.05532e-12
-8.15814e-10
1.32423e-10
4.61188e-11
-6.68249e-10
6.50946e-11
1.14204e-10
-8.70233e-10
-4.06536e-11
-2.31901e-11
-1.19011e-10
-4.44752e-10
-1.0414e-09
-8.72065e-11
-4.9207e-11
-3.92051e-10
8.78446e-11
1.22133e-10
-1.63322e-09
-9.97654e-11
-7.51698e-11
-8.07169e-10
1.22101e-10
-9.40609e-10
1.25984e-11
-1.72989e-09
3.11812e-11
-2.01892e-10
-1.29103e-11
-1.04733e-09
1.08973e-10
-9.18655e-10
-2.90463e-09
4.47694e-11
-9.57133e-11
-1.12539e-09
7.49763e-11
4.60376e-11
-2.31365e-10
1.79056e-10
-2.91702e-11
-1.14601e-09
4.25166e-10
3.01667e-10
-1.58117e-09
1.36088e-10
-1.8026e-09
1.48594e-10
-2.83802e-11
-7.05936e-10
-6.08117e-11
-2.73302e-10
-7.73855e-10
-2.39394e-10
-2.51448e-10
-7.19827e-10
-4.23931e-11
-7.16918e-11
-9.32205e-10
-6.68686e-11
-1.13137e-09
2.85179e-10
1.19545e-11
-4.50731e-10
1.84765e-10
-1.43985e-10
-8.44717e-10
6.8937e-11
-9.00526e-11
-7.13817e-10
-2.08405e-11
-9.97738e-11
-7.52373e-10
-2.04774e-10
-3.95471e-10
-1.37198e-10
-8.29986e-10
-6.22631e-11
-4.5849e-11
-1.37905e-10
-4.89479e-10
-8.37609e-11
-2.06925e-10
-1.47844e-09
-2.79019e-10
-2.99878e-10
-4.11806e-10
1.94514e-10
-2.04891e-09
-4.57177e-10
-2.1027e-09
2.05223e-10
-1.0022e-09
5.74863e-11
-1.10651e-09
4.63526e-12
-1.16568e-09
-2.86196e-09
-8.38346e-11
-2.50731e-10
-1.73629e-10
4.58139e-10
-1.66282e-11
-6.54754e-10
2.97376e-10
4.18112e-11
-9.11855e-10
-1.11109e-10
-1.14885e-10
-3.93886e-10
-3.79007e-10
-5.45417e-10
3.80679e-11
-1.43635e-10
-8.511e-10
6.00858e-11
3.03191e-11
-8.4282e-10
-4.55533e-11
-9.118e-11
-4.81196e-10
-1.02241e-10
-2.3814e-11
-9.66588e-10
-5.36607e-10
-7.96742e-10
1.88026e-10
-1.29572e-11
-7.69435e-10
-1.07064e-11
1.94559e-11
-6.35122e-10
-3.95048e-11
9.8628e-12
-7.86061e-10
-1.3921e-10
-5.50192e-11
-6.21463e-10
8.84342e-10
-2.27283e-09
8.11745e-11
4.67961e-10
-6.24356e-10
9.46121e-11
-5.32318e-11
-4.30229e-10
-2.70861e-11
-2.95442e-10
-1.05144e-09
-1.32431e-10
-7.78642e-11
-2.83616e-10
6.00292e-10
-1.83356e-09
-8.83324e-10
-7.51417e-10
-4.96869e-10
-1.44188e-09
-1.09835e-10
-1.78899e-09
2.30772e-10
-1.58415e-09
-2.02808e-09
9.45424e-11
-9.8524e-12
-1.04833e-09
4.03673e-10
1.3463e-10
-1.47851e-09
-1.09577e-11
-1.02854e-10
-2.76122e-10
2.23866e-11
2.30432e-11
-2.48719e-10
-2.58905e-12
-5.70686e-11
2.58476e-10
9.78627e-12
-1.12921e-09
2.85003e-10
1.23948e-10
-8.58665e-10
1.31708e-10
7.65484e-11
-5.07304e-10
1.58825e-10
5.68119e-11
-1.02747e-09
1.90127e-10
-6.53941e-10
-5.61621e-13
2.29249e-11
-7.82012e-10
1.02673e-10
1.81741e-11
-6.32583e-10
2.30526e-10
3.4065e-10
-1.17802e-09
-2.87521e-10
-6.612e-12
-3.99918e-11
5.95731e-10
-2.73708e-09
3.43066e-10
3.05878e-10
-1.25038e-09
6.56642e-11
2.37452e-11
-1.58398e-10
-3.50286e-11
-2.99301e-10
-3.10792e-10
5.12094e-11
2.28967e-10
-6.05433e-10
2.12295e-10
-1.19206e-09
-4.98574e-11
-3.95681e-10
2.11599e-10
-1.6796e-09
9.59956e-10
-2.83665e-09
1.07487e-09
-1.4701e-09
-6.08746e-10
5.54187e-10
-9.34645e-10
-1.20531e-09
3.80923e-10
-1.58769e-10
-1.37858e-09
2.5724e-12
3.59609e-11
-8.03201e-11
-1.48514e-12
-7.16807e-11
-2.6078e-11
1.91241e-10
-1.07186e-09
3.17586e-10
-1.82722e-10
-2.19872e-09
1.24349e-10
2.42523e-11
-8.4845e-10
2.41697e-10
1.46971e-10
-7.35662e-10
2.61175e-10
-1.24355e-10
-9.94279e-10
3.26425e-10
-5.04259e-10
3.16783e-10
-2.1947e-10
-1.06205e-09
3.48061e-10
-3.75888e-11
-6.02019e-10
5.37972e-11
1.0694e-10
-8.43721e-10
7.30613e-11
1.75263e-10
-3.58874e-10
9.93352e-11
-2.04081e-09
3.14861e-10
3.61776e-10
-2.14648e-09
8.48551e-11
5.52282e-10
-5.18263e-10
1.17038e-10
2.16394e-10
-4.52429e-10
2.23054e-10
2.18259e-10
-7.54445e-10
2.79976e-10
-1.14724e-09
8.06133e-10
-8.40038e-10
9.04586e-10
-1.22577e-09
4.19741e-10
-2.13541e-09
1.57204e-11
-8.47818e-10
-2.29163e-10
2.07069e-11
3.69233e-10
-1.77599e-09
-3.0165e-11
-3.49405e-10
-8.78669e-10
9.1624e-12
1.36832e-10
-4.97754e-10
3.66311e-10
1.18292e-10
-8.86811e-10
-1.36487e-10
-2.07577e-09
-4.15413e-10
-2.27497e-10
-1.18658e-09
5.82747e-12
-3.57329e-10
-1.26177e-09
1.85784e-10
5.91029e-11
-8.3789e-10
-5.48526e-11
-5.57211e-11
-5.79629e-10
1.41538e-10
-8.3193e-10
9.56505e-11
-6.99014e-10
-6.8618e-10
3.55405e-11
9.71244e-11
-9.96362e-10
6.53502e-11
-4.93019e-11
-7.65126e-10
1.51912e-10
-5.47935e-11
-4.46364e-10
-1.01665e-10
-9.77923e-10
3.13904e-11
-8.92448e-10
-1.98444e-09
-1.89701e-11
2.38307e-10
-6.09085e-10
1.68028e-10
1.23248e-10
-8.11977e-10
4.70135e-11
-1.94318e-11
-6.68792e-10
-8.9735e-11
-1.12515e-09
2.98293e-10
-2.03078e-09
-1.13333e-10
-5.75833e-10
-1.56077e-10
-1.96942e-09
-2.65628e-10
-7.57699e-10
-6.05841e-10
7.13298e-10
3.15612e-10
-3.09796e-09
5.23427e-10
3.15055e-10
-1.15024e-09
5.24479e-10
-7.6514e-11
-5.08356e-10
6.72044e-10
4.21658e-12
-1.27491e-09
1.92962e-11
-1.02162e-09
-5.26127e-11
-9.37885e-11
-7.24567e-10
-2.94164e-11
-2.23456e-10
-7.46452e-10
1.3564e-10
-3.22222e-10
-7.57239e-10
-2.05354e-10
-3.21669e-11
-2.02251e-10
6.06937e-11
-9.57337e-10
-2.88736e-10
-1.13504e-10
-3.77727e-10
-3.50423e-10
-1.79393e-10
-9.78738e-10
5.28091e-11
1.28727e-10
-1.61931e-09
1.49502e-11
1.31863e-11
-4.53858e-10
-4.37366e-10
-3.22483e-10
-6.62445e-11
-9.38058e-10
-1.09364e-09
3.12056e-11
-8.31427e-11
-8.02785e-10
1.64216e-10
3.24751e-10
-1.14101e-09
-1.73401e-11
2.16016e-11
-4.9565e-10
-6.92997e-10
-1.0177e-09
5.52165e-10
-3.521e-09
3.8926e-10
-4.9607e-10
2.80317e-10
-1.53572e-09
-2.27348e-10
-2.28432e-10
-1.59778e-09
1.34278e-10
5.85461e-11
-3.28229e-09
4.6197e-10
3.37982e-10
-1.72039e-09
1.93739e-10
-6.5721e-11
-9.57914e-11
1.25224e-10
-2.03323e-10
-6.62119e-10
-3.31623e-11
-3.07073e-10
1.03543e-10
-7.736e-11
-6.92204e-10
-3.85643e-11
-1.88021e-11
-2.4756e-10
3.5403e-12
-1.54371e-10
-7.10694e-10
1.20916e-10
-4.30603e-11
-4.79889e-10
-2.43158e-10
-4.48222e-10
5.26582e-12
4.85683e-12
-4.6521e-10
5.47736e-11
-1.32893e-10
-9.14155e-10
1.55807e-10
-1.03398e-10
-1.77131e-09
1.4455e-10
-6.46666e-11
-4.20996e-10
-7.58537e-11
-2.63818e-10
-5.17754e-11
-9.34601e-11
-9.4355e-10
1.33396e-10
-6.23666e-11
-1.05848e-09
1.02979e-11
1.0841e-11
-1.13215e-09
4.05041e-11
3.68012e-13
-5.90891e-10
1.89289e-10
-1.27573e-09
-2.24992e-10
-3.38947e-09
5.41991e-12
-7.88848e-10
3.88017e-14
-1.5195e-09
-1.17118e-10
-1.10906e-10
-1.21611e-09
-6.39392e-10
1.25421e-10
-2.59394e-09
-2.87121e-10
-9.56747e-12
-1.99448e-09
5.33013e-12
1.48998e-11
-4.12072e-10
4.90395e-13
-1.15047e-10
-5.15651e-10
-8.51524e-13
-3.61523e-10
5.54459e-13
-4.47796e-11
-5.22557e-10
-2.22387e-11
-1.61722e-11
-2.18162e-10
1.12759e-11
1.07986e-10
-8.37295e-10
5.68053e-11
-6.03921e-11
-5.80074e-10
-5.64575e-12
-4.30027e-10
1.81844e-10
1.10379e-10
-8.02213e-10
3.59357e-10
-1.50578e-11
-1.09278e-09
3.36679e-11
-2.19167e-10
-1.11847e-09
-3.82696e-12
-1.02132e-10
-3.41761e-10
1.00027e-10
-3.9847e-10
-2.04826e-10
2.90624e-10
-9.18968e-10
-1.28826e-10
-3.28092e-12
-1.14626e-09
-5.03385e-11
-1.37767e-10
-1.29204e-09
6.97847e-11
-4.70082e-11
-7.66139e-10
2.33941e-10
-1.36564e-09
-8.73118e-10
-2.22573e-09
-3.37022e-10
-1.32823e-09
-3.26532e-11
-1.96164e-09
2.46523e-11
-2.1522e-10
-7.46422e-10
-3.31617e-10
-1.40403e-10
-1.72425e-09
-6.65739e-10
-9.97629e-11
-1.45539e-09
-2.78459e-10
1.44704e-10
-8.58543e-10
2.1559e-11
-6.37667e-12
-8.91629e-10
-4.32663e-11
-5.8654e-10
7.19747e-11
1.77717e-10
-9.12652e-10
1.45935e-10
1.93569e-10
-5.85454e-10
8.23969e-12
2.85032e-10
-8.39927e-10
9.75927e-11
3.75451e-11
-7.13349e-10
1.566e-10
-8.36881e-10
-4.68856e-11
3.42456e-10
-9.20066e-10
-2.55991e-10
2.12569e-10
-9.02676e-10
-3.21064e-10
3.23787e-10
-1.09215e-09
-4.22799e-11
8.81062e-11
-6.71106e-10
2.94379e-10
-7.99481e-10
3.53796e-11
4.63134e-10
-1.07503e-09
-6.4547e-11
2.02163e-10
-1.03593e-09
-2.23718e-10
3.26368e-10
-1.13545e-09
-6.17598e-11
-1.99152e-11
-8.20076e-10
-6.93097e-11
-9.44277e-10
-2.22192e-10
-1.5404e-09
-2.58566e-10
-1.08969e-09
-6.34554e-10
-1.25928e-09
-1.57893e-10
-7.11796e-10
-1.13583e-09
-1.6274e-10
-7.75874e-11
-1.28815e-09
-2.39881e-10
-1.24101e-10
-1.19017e-09
-1.29977e-10
2.291e-11
-9.43332e-10
-8.81245e-11
-1.22679e-10
-9.1109e-10
-9.58374e-12
-8.29531e-10
-7.71271e-11
-2.78862e-11
-8.85226e-10
1.26812e-11
9.46188e-12
-8.08826e-10
1.59335e-11
9.31149e-11
-9.13384e-10
7.19278e-11
-2.30644e-11
-8.68957e-10
6.36841e-11
-8.85272e-10
-5.19651e-11
1.24103e-10
-1.02009e-09
-5.52013e-11
9.60249e-11
-9.86002e-10
-1.21236e-10
9.13381e-11
-1.02434e-09
2.69064e-11
4.84632e-12
-8.4716e-10
8.01812e-11
-8.80313e-10
-5.37604e-11
1.62048e-10
-1.05921e-09
-4.68953e-11
6.47717e-11
-1.01154e-09
-1.14704e-10
8.31101e-11
-1.05941e-09
-2.07983e-11
-7.03093e-12
-9.02104e-10
1.15732e-10
-1.00544e-09
-1.4771e-10
-1.23065e-09
-1.06076e-10
-1.06655e-09
-1.48899e-10
-1.13335e-09
-1.15911e-11
-8.56135e-10
-1.02012e-09
-6.27164e-11
-3.28294e-11
-1.11192e-09
-1.11279e-10
-4.92939e-11
-1.07122e-09
-6.4442e-11
6.01522e-12
-9.80616e-10
-2.23486e-11
-4.5236e-11
-9.54882e-10
-1.96496e-11
-9.26966e-10
-9.84182e-12
2.71572e-11
-9.35371e-10
1.38298e-11
2.69851e-11
-9.08776e-10
3.93352e-12
4.69821e-11
-9.44455e-10
2.52378e-11
-6.27178e-12
-9.29226e-10
2.23865e-11
-9.39134e-10
-3.42999e-11
6.32277e-11
-1.02186e-09
-4.30604e-11
4.69148e-11
-9.97172e-10
-7.05687e-11
4.81873e-11
-9.98037e-10
-4.01326e-12
5.6561e-12
-9.25643e-10
4.9005e-11
-9.45545e-10
-3.16774e-11
6.85929e-11
-1.0329e-09
-3.02801e-11
3.8432e-11
-1.00445e-09
-6.31355e-11
4.33258e-11
-1.0217e-09
-1.35605e-11
-3.77969e-13
-9.45645e-10
2.88088e-11
-9.93408e-10
-6.2385e-11
-1.09967e-09
-5.65529e-11
-1.03395e-09
-9.3539e-11
-1.05304e-09
-1.83502e-11
-9.31702e-10
-1.00794e-09
-2.61658e-11
-1.49949e-11
-1.04189e-09
-4.52714e-11
-2.29019e-11
-1.02575e-09
-2.87715e-11
-5.77756e-12
-9.92027e-10
-8.28634e-12
-2.58899e-11
-9.75737e-10
-1.7119e-11
-9.66544e-10
-4.92942e-12
1.85643e-11
-9.64e-10
2.76137e-12
1.54092e-11
-9.54778e-10
1.29504e-12
1.76479e-11
-9.66414e-10
1.13771e-11
-4.48789e-12
-9.6071e-10
5.40076e-12
-9.66893e-10
-1.95639e-11
2.77236e-11
-1.01146e-09
-2.41683e-11
2.11936e-11
-9.98352e-10
-3.34203e-11
2.09935e-11
-9.92131e-10
-3.66521e-12
2.24207e-12
-9.62129e-10
1.76727e-11
-9.71349e-10
-1.80982e-11
2.83434e-11
-1.01542e-09
-1.82265e-11
1.82005e-11
-1.00133e-09
-3.30338e-11
1.84643e-11
-1.00436e-09
-7.61269e-12
9.67358e-13
-9.69792e-10
1.25811e-11
-9.90169e-10
-2.91552e-11
-1.04217e-09
-2.89047e-11
-1.016e-09
-4.56125e-11
-1.01786e-09
-1.02739e-11
-9.66073e-10
-9.98078e-10
-1.11071e-11
-9.13044e-12
-1.01449e-09
-1.85138e-11
-1.26557e-11
-1.00792e-09
-1.22439e-11
-8.73154e-12
-9.94312e-10
-2.03042e-12
-1.61277e-11
-9.86273e-10
-1.38767e-11
-9.83444e-10
-2.53079e-12
9.4718e-12
-9.80072e-10
-1.46221e-13
7.03117e-12
-9.7685e-10
-5.65838e-14
5.05056e-12
-9.80285e-10
4.86629e-12
-3.85694e-12
-9.77904e-10
-1.96219e-12
-9.8111e-10
-1.0055e-11
1.17494e-11
-1.00368e-09
-1.30602e-11
9.09417e-12
-9.9741e-10
-1.60732e-11
7.90569e-12
-9.91973e-10
-2.74248e-12
1.95447e-13
-9.79512e-10
4.47078e-12
-9.83001e-10
-9.68031e-12
1.17458e-11
-1.00574e-09
-1.0851e-11
8.26879e-12
-9.99335e-10
-1.71391e-11
7.30932e-12
-9.97475e-10
-4.70115e-12
3.99775e-13
-9.82434e-10
4.16217e-12
-9.90112e-10
-1.38129e-11
-1.01661e-09
-1.52558e-11
-1.00629e-09
-2.25811e-11
-1.00323e-09
-6.31714e-12
-9.81938e-10
-9.93656e-10
-4.84511e-12
-6.68226e-12
-1.004e-09
-7.33414e-12
-8.20189e-12
-1.00086e-09
-4.49459e-12
-7.90626e-12
-9.95217e-10
2.60622e-13
-1.07533e-11
-9.91738e-10
-1.07605e-11
-9.91207e-10
-1.3514e-12
3.39891e-12
-9.88802e-10
-5.99459e-13
1.81806e-12
-9.87622e-10
-4.864e-13
-2.72209e-13
-9.88033e-10
1.93587e-12
-3.72393e-12
-9.87355e-10
-4.25055e-12
-9.88698e-10
-4.97084e-12
4.41888e-12
-9.99727e-10
-6.97731e-12
3.27086e-12
-9.96856e-10
-7.82025e-12
2.10249e-12
-9.93505e-10
-1.84835e-12
-1.20098e-12
-9.88007e-10
-5.86853e-13
-9.88975e-10
-5.01418e-12
4.63366e-12
-1.00094e-09
-6.44942e-12
3.37982e-12
-9.98009e-10
-8.75675e-12
2.45549e-12
-9.9552e-10
-3.02171e-12
-2.21734e-13
-9.89149e-10
5.76762e-13
-9.91389e-10
-6.59435e-12
-1.00538e-09
-8.31622e-12
-1.00119e-09
-1.11789e-11
-9.97911e-10
-3.99419e-12
-9.89344e-10
-9.92741e-10
-1.86619e-12
-5.16073e-12
-9.99759e-10
-2.59605e-12
-5.86152e-12
-9.98379e-10
-1.20891e-12
-6.27542e-12
-9.96124e-10
9.17969e-13
-7.54688e-12
-9.94874e-10
-8.15258e-12
-9.95001e-10
-6.54348e-13
5.0452e-14
-9.93358e-10
-5.69661e-13
-6.29085e-13
-9.92939e-10
-4.56428e-13
-1.5934e-12
-9.92828e-10
7.23596e-13
-3.58406e-12
-9.92498e-10
-4.54597e-12
-9.92968e-10
-2.50621e-12
1.13735e-12
-9.98308e-10
-3.70641e-12
6.16348e-13
-9.96901e-10
-3.7438e-12
-1.45538e-13
-9.94915e-10
-1.11679e-12
-1.77037e-12
-9.92447e-10
-2.12146e-12
-9.92527e-10
-2.6011e-12
1.55834e-12
-9.98757e-10
-3.77171e-12
1.06126e-12
-9.97284e-10
-4.42563e-12
4.61013e-13
-9.95473e-10
-1.94063e-12
-6.05451e-13
-9.92799e-10
-7.17275e-13
-9.93014e-10
-3.22813e-12
-1.0006e-09
-4.63413e-12
-9.98721e-10
-5.56965e-12
-9.96514e-10
-2.53414e-12
-9.92985e-10
-9.93409e-10
-5.99795e-13
-3.99391e-12
-9.9844e-10
-7.01996e-13
-4.361e-12
-9.97894e-10
-2.38803e-14
-4.76945e-12
-9.97108e-10
8.6736e-13
-5.4989e-12
-9.96791e-10
-6.12482e-12
-9.9702e-10
-3.62895e-13
-9.72826e-13
-9.96016e-10
-4.57393e-13
-1.38556e-12
-9.9582e-10
-3.22016e-13
-2.13599e-12
-9.95596e-10
3.03561e-13
-3.28197e-12
-9.9534e-10
-4.05145e-12
-9.95475e-10
-1.25023e-12
-2.19955e-13
-9.97811e-10
-1.83086e-12
-6.61784e-13
-9.97045e-10
-1.69812e-12
-1.19849e-12
-9.95985e-10
-6.25285e-13
-1.85586e-12
-9.94946e-10
-2.36058e-12
-9.94788e-10
-1.32393e-12
2.564e-13
-9.9791e-10
-2.0652e-12
-1.1274e-14
-9.97193e-10
-2.27545e-12
-2.90577e-13
-9.96171e-10
-1.22413e-12
-7.87926e-13
-9.94918e-10
-1.04576e-12
-9.94607e-10
-1.6191e-12
-9.98721e-10
-2.53028e-12
-9.97821e-10
-2.7977e-12
-9.96538e-10
-1.58971e-12
-9.94981e-10
-9.94612e-10
-1.16309e-13
-3.0804e-12
-9.98394e-10
-3.95262e-14
-3.29172e-12
-9.98223e-10
2.74359e-13
-3.61124e-12
-9.98004e-10
6.63074e-13
-4.10701e-12
-9.9798e-10
-4.58818e-12
-9.98167e-10
-2.07522e-13
-1.43243e-12
-9.97457e-10
-2.77337e-13
-1.72057e-12
-9.97321e-10
-1.44917e-13
-2.21453e-12
-9.97125e-10
1.9312e-13
-2.8171e-12
-9.96968e-10
-3.32448e-12
-9.97004e-10
-5.68693e-13
-8.90121e-13
-9.97785e-10
-8.44274e-13
-1.0552e-12
-9.97434e-10
-7.71473e-13
-1.33416e-12
-9.96939e-10
-3.36559e-13
-1.72342e-12
-9.96475e-10
-2.11176e-12
-9.96309e-10
-6.954e-13
-2.37966e-13
-9.97867e-10
-1.11234e-12
-3.4843e-13
-9.97483e-10
-1.16848e-12
-5.45896e-13
-9.96903e-10
-7.38944e-13
-7.94514e-13
-9.96277e-10
-1.00719e-12
-9.95961e-10
-8.27673e-13
-9.98131e-10
-1.32607e-12
-9.97671e-10
-1.42568e-12
-9.96984e-10
-9.69801e-13
-9.96232e-10
-9.95832e-10
2.48323e-14
-2.39909e-12
-9.98755e-10
1.11654e-13
-2.54118e-12
-9.98712e-10
2.87971e-13
-2.78131e-12
-9.98671e-10
4.83778e-13
-3.10607e-12
-9.98711e-10
-3.42989e-12
-9.98845e-10
-9.38018e-14
-1.54081e-12
-9.98222e-10
-1.12165e-13
-1.70356e-12
-9.9814e-10
-1.63903e-14
-1.97149e-12
-9.98031e-10
1.63865e-13
-2.30416e-12
-9.9795e-10
-2.61935e-12
-9.97969e-10
-2.571e-13
-9.64553e-13
-9.98104e-10
-3.86743e-13
-1.06832e-12
-9.9794e-10
-3.47022e-13
-1.2482e-12
-9.97702e-10
-1.57624e-13
-1.48782e-12
-9.97481e-10
-1.7355e-12
-9.97369e-10
-3.56419e-13
-4.08446e-13
-9.98066e-10
-5.72103e-13
-4.72232e-13
-9.97863e-10
-5.91182e-13
-5.81207e-13
-9.97551e-10
-4.10407e-13
-7.18257e-13
-9.97227e-10
-8.56901e-13
-9.97015e-10
-4.21532e-13
-9.98118e-10
-6.84353e-13
-9.9788e-10
-7.32132e-13
-9.97518e-10
-5.5318e-13
-9.97129e-10
-9.96859e-10
5.55797e-14
-1.89476e-12
-9.9911e-10
1.35623e-13
-1.98887e-12
-9.99104e-10
2.43698e-13
-2.1469e-12
-9.99111e-10
3.52773e-13
-2.35009e-12
-9.9916e-10
-2.55747e-12
-9.99256e-10
-2.71885e-14
-1.38859e-12
-9.98701e-10
-1.60823e-14
-1.47879e-12
-9.98662e-10
4.73211e-14
-1.63198e-12
-9.98609e-10
1.46932e-13
-1.82108e-12
-9.98579e-10
-2.01652e-12
-9.98597e-10
-1.13007e-13
-9.02928e-13
-9.98476e-10
-1.68007e-13
-9.66471e-13
-9.98397e-10
-1.42439e-13
-1.07688e-12
-9.98282e-10
-4.95248e-14
-1.22263e-12
-9.98172e-10
-1.37324e-12
-9.98112e-10
-1.75633e-13
-4.28303e-13
-9.98365e-10
-2.81735e-13
-4.64945e-13
-9.98259e-10
-2.87532e-13
-5.26736e-13
-9.98096e-10
-2.02525e-13
-6.07938e-13
-9.97927e-10
-6.91024e-13
-9.97804e-10
-2.11406e-13
-9.98335e-10
-3.45109e-13
-9.98212e-10
-3.68627e-13
-9.98021e-10
-2.88772e-13
-9.97817e-10
-9.97659e-10
5.70588e-14
-1.48894e-12
-9.99373e-10
1.20761e-13
-1.54731e-12
-9.99378e-10
1.93518e-13
-1.64614e-12
-9.99398e-10
2.59022e-13
-1.77118e-12
-9.99442e-10
-1.90188e-12
-9.9951e-10
4.61457e-15
-1.15573e-12
-9.99039e-10
2.60599e-14
-1.20884e-12
-9.99022e-10
7.08419e-14
-1.29807e-12
-9.99002e-10
1.28852e-13
-1.41143e-12
-9.98997e-10
-1.53135e-12
-9.99016e-10
-4.46944e-14
-7.76843e-13
-9.9881e-10
-6.22331e-14
-8.16406e-13
-9.98772e-10
-4.17569e-14
-8.84586e-13
-9.98717e-10
9.02075e-15
-9.69698e-13
-9.98665e-10
-1.06253e-12
-9.98637e-10
-8.16582e-14
-3.8523e-13
-9.98675e-10
-1.29368e-13
-4.06867e-13
-9.98621e-10
-1.28321e-13
-4.43934e-13
-9.98537e-10
-8.3879e-14
-4.90741e-13
-9.9845e-10
-5.41377e-13
-9.98385e-10
-1.02245e-13
-9.98618e-10
-1.66703e-13
-9.98554e-10
-1.75807e-13
-9.98455e-10
-1.35363e-13
-9.98348e-10
-9.98262e-10
4.90868e-14
-1.15513e-12
-9.99557e-10
9.95002e-14
-1.19124e-12
-9.99565e-10
1.49807e-13
-1.25201e-12
-9.99586e-10
1.91318e-13
-1.32885e-12
-9.99621e-10
-1.41097e-12
-9.99671e-10
1.69322e-14
-9.24297e-13
-9.99286e-10
4.14142e-14
-9.56397e-13
-9.99281e-10
7.35538e-14
-1.00945e-12
-9.99277e-10
1.09582e-13
-1.07877e-12
-9.99283e-10
-1.15275e-12
-9.99302e-10
-1.19632e-14
-6.37613e-13
-9.99085e-10
-1.175e-14
-6.61446e-13
-9.99067e-10
5.39688e-15
-7.01202e-13
-9.99042e-10
3.5485e-14
-7.53379e-13
-9.9902e-10
-8.10081e-13
-9.99011e-10
-3.42129e-14
-3.22991e-13
-9.98956e-10
-5.22912e-14
-3.35943e-13
-9.98928e-10
-4.6784e-14
-3.57396e-13
-9.98887e-10
-2.09157e-14
-3.85653e-13
-9.98844e-10
-4.1631e-13
-9.98812e-10
-4.61096e-14
-9.98895e-10
-7.40474e-14
-9.98862e-10
-7.53608e-14
-9.98812e-10
-5.22469e-14
-9.98757e-10
-9.98713e-10
3.98092e-14
-8.858e-13
-9.99684e-10
7.86502e-14
-9.08209e-13
-9.99693e-10
1.14423e-13
-9.45237e-13
-9.99711e-10
1.42049e-13
-9.9299e-13
-9.99739e-10
-1.04474e-12
-9.99775e-10
1.98922e-14
-7.21682e-13
-9.9947e-10
4.20196e-14
-7.41246e-13
-9.9947e-10
6.70836e-14
-7.741e-13
-9.99474e-10
9.04112e-14
-8.1637e-13
-9.99483e-10
-8.62515e-13
-9.99501e-10
2.6485e-15
-5.05993e-13
-9.99304e-10
1.02222e-14
-5.20378e-13
-9.99296e-10
2.4957e-14
-5.44762e-13
-9.99286e-10
4.43436e-14
-5.76593e-13
-9.99279e-10
-6.11498e-13
-9.99279e-10
-1.06188e-14
-2.59401e-13
-9.99192e-10
-1.37491e-14
-2.67234e-13
-9.99178e-10
-6.5716e-15
-2.80143e-13
-9.99159e-10
9.57796e-15
-2.97472e-13
-9.99139e-10
-3.16194e-13
-9.99126e-10
-1.77472e-14
-9.99137e-10
-2.72616e-14
-9.9912e-10
-2.38446e-14
-9.99096e-10
-9.56898e-15
-9.99069e-10
-9.99048e-10
3.11435e-14
-6.72971e-13
-9.99774e-10
6.07259e-14
-6.86899e-13
-9.99781e-10
8.66535e-14
-7.09759e-13
-9.99795e-10
1.05733e-13
-7.3953e-13
-9.99817e-10
-7.72332e-13
-9.99845e-10
1.90132e-14
-5.5505e-13
-9.99607e-10
3.83881e-14
-5.67282e-13
-9.99609e-10
5.70497e-14
-5.8728e-13
-9.99615e-10
7.29536e-14
-6.13509e-13
-9.99625e-10
-6.42434e-13
-9.99641e-10
8.31507e-15
-3.93112e-13
-9.99474e-10
1.8382e-14
-4.02133e-13
-9.99472e-10
3.10326e-14
-4.17102e-13
-9.99469e-10
4.40227e-14
-4.36668e-13
-9.99469e-10
-4.58359e-13
-9.99474e-10
3.5239e-16
-2.03074e-13
-9.99382e-10
3.76211e-15
-2.07986e-13
-9.99376e-10
1.15462e-14
-2.15945e-13
-9.99368e-10
2.23688e-14
-2.26469e-13
-9.99361e-10
-2.38066e-13
-9.99357e-10
-3.96755e-15
-9.99336e-10
-4.36934e-15
-9.99328e-10
8.95051e-16
-9.99317e-10
1.06356e-14
-9.99305e-10
-9.99297e-10
2.39294e-14
-5.07642e-13
-9.99837e-10
4.63186e-14
-5.16452e-13
-9.99843e-10
6.51942e-14
-5.30639e-13
-9.99854e-10
7.85604e-14
-5.4928e-13
-9.99871e-10
-5.70021e-13
-9.99891e-10
1.64017e-14
-4.22262e-13
-9.99709e-10
3.22034e-14
-4.29952e-13
-9.99712e-10
4.65985e-14
-4.42316e-13
-9.99718e-10
5.78301e-14
-4.58634e-13
-9.99727e-10
-4.76862e-13
-9.9974e-10
9.76672e-15
-3.0121e-13
-9.99605e-10
1.99041e-14
-3.06872e-13
-9.99605e-10
3.03195e-14
-3.16103e-13
-9.99606e-10
3.96256e-14
-3.28222e-13
-9.99609e-10
-3.41807e-13
-9.99615e-10
4.89002e-15
-1.56401e-13
-9.99532e-10
1.08319e-14
-1.59476e-13
-9.9953e-10
1.8289e-14
-1.64404e-13
-9.99527e-10
2.61963e-14
-1.70863e-13
-9.99526e-10
-1.78057e-13
-9.99527e-10
2.21102e-15
-9.99495e-10
5.91667e-15
-9.99492e-10
1.1692e-14
-9.99487e-10
1.87478e-14
-9.99483e-10
-9.99481e-10
1.82381e-14
-3.80784e-13
-9.99882e-10
3.50662e-14
-3.86466e-13
-9.99887e-10
4.88913e-14
-3.95361e-13
-9.99896e-10
5.84696e-14
-4.07077e-13
-9.99908e-10
-4.2027e-13
-9.99923e-10
1.349e-14
-3.18684e-13
-9.99785e-10
2.62017e-14
-3.23573e-13
-9.99787e-10
3.71898e-14
-3.31274e-13
-9.99793e-10
4.52855e-14
-3.41522e-13
-9.99801e-10
-3.53097e-13
-9.99811e-10
9.38472e-15
-2.28462e-13
-9.99705e-10
1.85561e-14
-2.32068e-13
-9.99706e-10
2.70171e-14
-2.37797e-13
-9.99708e-10
3.37541e-14
-2.45355e-13
-9.99712e-10
-2.53877e-13
-9.99718e-10
6.34305e-15
-1.19053e-13
-9.99648e-10
1.28425e-14
-1.20986e-13
-9.99647e-10
1.94074e-14
-1.24011e-13
-9.99648e-10
2.51829e-14
-1.28038e-13
-9.99649e-10
-1.3256e-13
-9.99652e-10
4.68166e-15
-9.99619e-10
9.80003e-15
-9.99618e-10
1.53634e-14
-9.99617e-10
2.05539e-14
-9.99617e-10
-9.99618e-10
1.3775e-14
-2.84413e-13
-9.99914e-10
2.63522e-14
-2.88084e-13
-9.99918e-10
3.66345e-14
-2.93662e-13
-9.99925e-10
4.36753e-14
-3.01116e-13
-9.99934e-10
-3.09726e-13
-9.99945e-10
1.07894e-14
-2.39062e-13
-9.99841e-10
2.07895e-14
-2.42198e-13
-9.99843e-10
2.91782e-14
-2.47049e-13
-9.99848e-10
3.50723e-14
-2.53536e-13
-9.99855e-10
-2.60938e-13
-9.99863e-10
8.23435e-15
-1.72004e-13
-9.9978e-10
1.59695e-14
-1.74338e-13
-9.99781e-10
2.27034e-14
-1.77905e-13
-9.99784e-10
2.76797e-14
-1.82642e-13
-9.99788e-10
-1.88014e-13
-9.99794e-10
6.31103e-15
-8.98682e-14
-9.99736e-10
1.24058e-14
-9.10967e-14
-9.99737e-10
1.79673e-14
-9.29642e-14
-9.99738e-10
2.23251e-14
-9.54726e-14
-9.99741e-10
-9.83119e-14
-9.99744e-10
5.26974e-15
-9.99714e-10
1.04906e-14
-9.99714e-10
1.53842e-14
-9.99715e-10
1.93832e-14
-9.99716e-10
-9.99718e-10
1.02838e-14
-2.11735e-13
-9.99938e-10
1.96751e-14
-2.14075e-13
-9.9994e-10
2.73717e-14
-2.17588e-13
-9.99945e-10
3.24926e-14
-2.22387e-13
-9.99952e-10
-2.28009e-13
-9.99961e-10
8.44999e-15
-1.78524e-13
-9.99882e-10
1.61719e-14
-1.80581e-13
-9.99884e-10
2.2567e-14
-1.83647e-13
-9.99888e-10
2.68803e-14
-1.8776e-13
-9.99893e-10
-1.92459e-13
-9.999e-10
6.81956e-15
-1.2884e-13
-9.99836e-10
1.31174e-14
-1.30359e-13
-9.99838e-10
1.84544e-14
-1.32569e-13
-9.9984e-10
2.21951e-14
-1.35537e-13
-9.99844e-10
-1.38909e-13
-9.99849e-10
5.60944e-15
-6.74478e-14
-9.99803e-10
1.09215e-14
-6.82265e-14
-9.99804e-10
1.54962e-14
-6.93757e-14
-9.99806e-10
1.88296e-14
-7.0936e-14
-9.99809e-10
-7.27304e-14
-9.99812e-10
4.96697e-15
-9.99786e-10
9.72996e-15
-9.99787e-10
1.38833e-14
-9.99788e-10
1.69794e-14
-9.9979e-10
-9.99793e-10
7.64628e-15
-1.57222e-13
-9.99954e-10
1.46537e-14
-1.58752e-13
-9.99956e-10
2.03493e-14
-1.60995e-13
-9.9996e-10
2.40279e-14
-1.64056e-13
-9.99965e-10
-1.67623e-13
-9.99972e-10
6.48851e-15
-1.32924e-13
-9.99913e-10
1.24176e-14
-1.3429e-13
-9.99915e-10
1.7284e-14
-1.36211e-13
-9.99918e-10
2.04751e-14
-1.38801e-13
-9.99922e-10
-1.41758e-13
-9.99927e-10
5.43607e-15
-9.61636e-14
-9.99879e-10
1.05023e-14
-9.71323e-14
-9.9988e-10
1.46936e-14
-9.84937e-14
-9.99882e-10
1.7531e-14
-1.00359e-13
-9.99885e-10
-1.02514e-13
-9.99889e-10
4.69423e-15
-5.0392e-14
-9.99854e-10
9.14467e-15
-5.08707e-14
-9.99855e-10
1.28293e-14
-5.15823e-14
-9.99856e-10
1.53757e-14
-5.2578e-14
-9.99859e-10
-5.37619e-14
-9.99862e-10
4.31989e-15
-9.99841e-10
8.40816e-15
-9.99841e-10
1.17938e-14
-9.99843e-10
1.41445e-14
-9.99845e-10
-9.99848e-10
5.69733e-15
-1.1656e-13
-9.99967e-10
1.09291e-14
-1.17604e-13
-9.99968e-10
1.51093e-14
-1.19038e-13
-9.99971e-10
1.77539e-14
-1.20965e-13
-9.99975e-10
-1.23209e-13
-9.99979e-10
4.92384e-15
-9.8762e-14
-9.99936e-10
9.49531e-15
-9.96474e-14
-9.99937e-10
1.31743e-14
-1.00848e-13
-9.99939e-10
1.55242e-14
-1.0249e-13
-9.99943e-10
-1.04389e-13
-9.99946e-10
4.27022e-15
-7.15293e-14
-9.9991e-10
8.30023e-15
-7.21353e-14
-9.99911e-10
1.15326e-14
-7.29942e-14
-9.99913e-10
1.36369e-14
-7.42069e-14
-9.99915e-10
-7.56443e-14
-9.99919e-10
3.83293e-15
-3.74764e-14
-9.99891e-10
7.44426e-15
-3.77669e-14
-9.99892e-10
1.03187e-14
-3.82367e-14
-9.99894e-10
1.22001e-14
-3.89141e-14
-9.99896e-10
-3.97159e-14
-9.99899e-10
3.62024e-15
-9.99882e-10
6.95303e-15
-9.99882e-10
9.60993e-15
-9.99884e-10
1.13638e-14
-9.99886e-10
-9.99888e-10
4.24521e-15
-8.62817e-14
-9.99975e-10
8.17848e-15
-8.69801e-14
-9.99977e-10
1.12469e-14
-8.79058e-14
-9.99979e-10
1.31275e-14
-8.91546e-14
-9.99982e-10
-9.05989e-14
-9.99985e-10
3.74452e-15
-7.31867e-14
-9.99953e-10
7.24975e-15
-7.37469e-14
-9.99953e-10
9.98801e-15
-7.45238e-14
-9.99955e-10
1.1697e-14
-7.56032e-14
-9.99958e-10
-7.68683e-14
-9.99961e-10
3.35756e-15
-5.30057e-14
-9.99933e-10
6.47863e-15
-5.34012e-14
-9.99934e-10
8.90844e-15
-5.39865e-14
-9.99936e-10
1.0443e-14
-5.48125e-14
-9.99938e-10
-5.57826e-14
-9.9994e-10
3.08731e-15
-2.7756e-14
-9.99919e-10
5.89517e-15
-2.79625e-14
-9.9992e-10
8.08128e-15
-2.83047e-14
-9.99921e-10
9.47449e-15
-2.87703e-14
-9.99923e-10
-2.92882e-14
-9.99925e-10
2.93673e-15
-9.99912e-10
5.53736e-15
-9.99913e-10
7.59416e-15
-9.99914e-10
8.93212e-15
-9.99916e-10
-9.99918e-10
3.17867e-15
-6.37088e-14
-9.99982e-10
6.09947e-15
-6.4172e-14
-9.99982e-10
8.32363e-15
-6.4794e-14
-9.99984e-10
9.67495e-15
-6.56279e-14
-9.99986e-10
-6.6556e-14
-9.99989e-10
2.86127e-15
-5.40809e-14
-9.99965e-10
5.47547e-15
-5.44591e-14
-9.99965e-10
7.48264e-15
-5.49912e-14
-9.99967e-10
8.75735e-15
-5.57099e-14
-9.99969e-10
-5.65416e-14
-9.99971e-10
2.61205e-15
-3.91797e-14
-9.9995e-10
4.94767e-15
-3.94763e-14
-9.99951e-10
6.76338e-15
-3.98944e-14
-9.99952e-10
7.93292e-15
-4.04431e-14
-9.99954e-10
-4.10671e-14
-9.99956e-10
2.40726e-15
-2.05377e-14
-9.9994e-10
4.5305e-15
-2.07159e-14
-9.99941e-10
6.2146e-15
-2.09506e-14
-9.99942e-10
7.31078e-15
-2.12375e-14
-9.99943e-10
-2.15542e-14
-9.99945e-10
2.27076e-15
-9.99935e-10
4.28569e-15
-9.99935e-10
5.91201e-15
-9.99936e-10
6.97459e-15
-9.99938e-10
-9.99939e-10
2.36931e-15
-4.70019e-14
-9.99986e-10
4.44334e-15
-4.73391e-14
-9.99987e-10
6.04136e-15
-4.77446e-14
-9.99988e-10
7.02915e-15
-4.82522e-14
-9.9999e-10
-4.87791e-14
-9.99992e-10
2.14055e-15
-3.99416e-14
-9.99974e-10
4.03679e-15
-4.02274e-14
-9.99974e-10
5.52217e-15
-4.05762e-14
-9.99975e-10
6.51143e-15
-4.10111e-14
-9.99977e-10
-4.15101e-14
-9.99979e-10
1.94974e-15
-2.89818e-14
-9.99963e-10
3.69085e-15
-2.92132e-14
-9.99964e-10
5.08761e-15
-2.94781e-14
-9.99965e-10
6.02207e-15
-2.98012e-14
-9.99966e-10
-3.01786e-14
-9.99968e-10
1.78591e-15
-1.52336e-14
-9.99956e-10
3.42657e-15
-1.53603e-14
-9.99956e-10
4.7641e-15
-1.54836e-14
-9.99957e-10
5.64661e-15
-1.56417e-14
-9.99958e-10
-1.58455e-14
-9.99959e-10
1.69141e-15
-9.99952e-10
3.29591e-15
-9.99952e-10
4.59234e-15
-9.99953e-10
5.42721e-15
-9.99954e-10
-9.99955e-10
1.68321e-15
-3.47716e-14
-9.9999e-10
3.13875e-15
-3.50097e-14
-9.9999e-10
4.33624e-15
-3.52283e-14
-9.99991e-10
5.09781e-15
-3.55035e-14
-9.99992e-10
-3.57874e-14
-9.99994e-10
1.52594e-15
-2.95595e-14
-9.99981e-10
2.91902e-15
-2.97595e-14
-9.99981e-10
4.04848e-15
-2.99442e-14
-9.99982e-10
4.82602e-15
-3.01728e-14
-9.99983e-10
-3.04706e-14
-9.99984e-10
1.39511e-15
-2.14783e-14
-9.99973e-10
2.73707e-15
-2.16214e-14
-9.99973e-10
3.8212e-15
-2.17514e-14
-9.99974e-10
4.54338e-15
-2.1927e-14
-9.99975e-10
-2.21662e-14
-9.99976e-10
1.30248e-15
-1.12942e-14
-9.99967e-10
2.60751e-15
-1.13423e-14
-9.99967e-10
3.64377e-15
-1.13956e-14
-9.99968e-10
4.30728e-15
-1.1496e-14
-9.99969e-10
-1.16421e-14
-9.9997e-10
1.27825e-15
-9.99964e-10
2.54731e-15
-9.99964e-10
3.53137e-15
-9.99965e-10
4.14983e-15
-9.99966e-10
-9.99967e-10
1.13639e-15
-2.57437e-14
-9.99992e-10
2.20744e-15
-2.5872e-14
-9.99993e-10
3.1229e-15
-2.59713e-14
-9.99993e-10
3.76171e-15
-2.61486e-14
-9.99994e-10
-2.63838e-14
-9.99995e-10
1.06795e-15
-2.18736e-14
-9.99985e-10
2.10812e-15
-2.19781e-14
-9.99986e-10
2.93932e-15
-2.20573e-14
-9.99986e-10
3.54204e-15
-2.21867e-14
-9.99987e-10
-2.2411e-14
-9.99988e-10
1.01486e-15
-1.58776e-14
-9.9998e-10
2.03133e-15
-1.59379e-14
-9.9998e-10
2.81135e-15
-1.5998e-14
-9.9998e-10
3.32777e-15
-1.61071e-14
-9.99981e-10
-1.62739e-14
-9.99982e-10
9.91219e-16
-8.31328e-15
-9.99975e-10
1.97096e-15
-8.31747e-15
-9.99976e-10
2.69987e-15
-8.35825e-15
-9.99976e-10
3.1629e-15
-8.43553e-15
-9.99977e-10
-8.52425e-15
-9.99978e-10
1.00288e-15
-9.99973e-10
1.92368e-15
-9.99973e-10
2.61372e-15
-9.99974e-10
3.06592e-15
-9.99975e-10
-9.99976e-10
7.94647e-16
-1.89571e-14
-9.99994e-10
1.54809e-15
-1.90182e-14
-9.99994e-10
2.15842e-15
-1.9079e-14
-9.99995e-10
2.6398e-15
-1.92119e-14
-9.99996e-10
-1.94154e-14
-9.99997e-10
7.78793e-16
-1.61022e-14
-9.99989e-10
1.48831e-15
-1.61451e-14
-9.99989e-10
2.0215e-15
-1.61905e-14
-9.9999e-10
2.45613e-15
-1.62778e-14
-9.99991e-10
-1.64482e-14
-9.99991e-10
7.73086e-16
-1.16573e-14
-9.99985e-10
1.44407e-15
-1.16862e-14
-9.99985e-10
1.93507e-15
-1.17317e-14
-9.99985e-10
2.29575e-15
-1.17992e-14
-9.99986e-10
-1.18824e-14
-9.99987e-10
7.7005e-16
-6.07884e-15
-9.99981e-10
1.39744e-15
-6.0941e-15
-9.99982e-10
1.86546e-15
-6.13711e-15
-9.99982e-10
2.21287e-15
-6.1742e-15
-9.99983e-10
-6.18294e-15
-9.99984e-10
7.64851e-16
-9.9998e-10
1.3509e-15
-9.9998e-10
1.82265e-15
-9.99981e-10
2.19804e-15
-9.99981e-10
-9.99982e-10
5.74499e-16
-1.38861e-14
-9.99995e-10
1.0053e-15
-1.39279e-14
-9.99996e-10
1.33862e-15
-1.39736e-14
-9.99996e-10
1.63119e-15
-1.40421e-14
-9.99997e-10
-1.41265e-14
-9.99997e-10
5.65926e-16
-1.17833e-14
-9.99992e-10
9.59185e-16
-1.18091e-14
-9.99992e-10
1.2614e-15
-1.18474e-14
-9.99992e-10
1.57049e-15
-1.1893e-14
-9.99993e-10
-1.19789e-14
-9.99993e-10
5.66633e-16
-8.52366e-15
-9.99988e-10
9.21419e-16
-8.55889e-15
-9.99989e-10
1.2164e-15
-8.5972e-15
-9.99989e-10
1.50473e-15
-8.61317e-15
-9.9999e-10
-8.60335e-15
-9.9999e-10
5.49027e-16
-4.4629e-15
-9.99986e-10
8.82742e-16
-4.50361e-15
-9.99986e-10
1.19866e-15
-4.52592e-15
-9.99987e-10
1.51702e-15
-4.50748e-15
-9.99987e-10
-4.4575e-15
-9.99988e-10
5.16059e-16
-9.99985e-10
8.59172e-16
-9.99985e-10
1.21332e-15
-9.99986e-10
1.56353e-15
-9.99986e-10
-9.99986e-10
3.68219e-16
-1.0161e-14
-9.99997e-10
5.80904e-16
-1.01858e-14
-9.99997e-10
8.0893e-16
-1.02161e-14
-9.99997e-10
1.05821e-15
-1.02563e-14
-9.99997e-10
-1.02779e-14
-9.99997e-10
3.67867e-16
-8.60776e-15
-9.99994e-10
5.49699e-16
-8.63373e-15
-9.99994e-10
7.56581e-16
-8.66377e-15
-9.99994e-10
1.02384e-15
-8.67936e-15
-9.99994e-10
-8.72252e-15
-9.99995e-10
3.60334e-16
-6.25139e-15
-9.99991e-10
5.2041e-16
-6.29341e-15
-9.99992e-10
7.3857e-16
-6.31361e-15
-9.99992e-10
1.01213e-15
-6.29151e-15
-9.99992e-10
-6.25338e-15
-9.99992e-10
3.31613e-16
-3.31824e-15
-9.9999e-10
5.00814e-16
-3.36095e-15
-9.9999e-10
7.57983e-16
-3.34965e-15
-9.9999e-10
1.05651e-15
-3.3008e-15
-9.9999e-10
-3.25501e-15
-9.99991e-10
2.96159e-16
-9.99989e-10
5.11189e-16
-9.99989e-10
8.04567e-16
-9.99989e-10
1.10038e-15
-9.9999e-10
-9.9999e-10
2.07225e-16
-7.4288e-15
-9.99997e-10
3.41149e-16
-7.44081e-15
-9.99997e-10
5.90204e-16
-7.47142e-15
-9.99998e-10
9.19294e-16
-7.54172e-15
-9.99998e-10
-7.65439e-15
-9.99998e-10
2.12369e-16
-6.30977e-15
-9.99995e-10
3.08505e-16
-6.3376e-15
-9.99995e-10
5.05842e-16
-6.35937e-15
-9.99996e-10
7.88356e-16
-6.37328e-15
-9.99996e-10
-6.4412e-15
-9.99996e-10
1.97521e-16
-4.62139e-15
-9.99994e-10
2.87708e-16
-4.65576e-15
-9.99994e-10
4.88586e-16
-4.65632e-15
-9.99994e-10
7.45358e-16
-4.62996e-15
-9.99994e-10
-4.62884e-15
-9.99994e-10
1.73245e-16
-2.49024e-15
-9.99993e-10
2.88034e-16
-2.51232e-15
-9.99993e-10
5.1293e-16
-2.48172e-15
-9.99993e-10
7.5198e-16
-2.43891e-15
-9.99993e-10
-2.42705e-15
-9.99993e-10
1.56859e-16
-9.99992e-10
3.17898e-16
-9.99992e-10
5.53787e-16
-9.99992e-10
7.61671e-16
-9.99992e-10
-9.99992e-10
1.26657e-16
-5.4608e-15
-9.99998e-10
2.17707e-16
-5.47906e-15
-9.99998e-10
4.44032e-16
-5.50234e-15
-9.99998e-10
7.36786e-16
-5.56171e-15
-9.99998e-10
-5.67011e-15
-9.99999e-10
1.22779e-16
-4.67286e-15
-9.99997e-10
1.93179e-16
-4.69649e-15
-9.99997e-10
3.70514e-16
-4.6997e-15
-9.99997e-10
6.3066e-16
-4.69946e-15
-9.99997e-10
-4.75928e-15
-9.99997e-10
1.09091e-16
-3.44775e-15
-9.99995e-10
1.91625e-16
-3.46393e-15
-9.99995e-10
3.70379e-16
-3.44812e-15
-9.99995e-10
5.8851e-16
-3.42625e-15
-9.99995e-10
-3.44832e-15
-9.99996e-10
1.01889e-16
-1.86851e-15
-9.99995e-10
2.0878e-16
-1.86967e-15
-9.99995e-10
3.90836e-16
-1.84054e-15
-9.99995e-10
5.67544e-16
-1.81358e-15
-9.99995e-10
-1.8156e-15
-9.99995e-10
1.03778e-16
-9.99994e-10
2.37746e-16
-9.99994e-10
4.16105e-16
-9.99994e-10
5.6515e-16
-9.99994e-10
-9.99994e-10
8.31823e-17
-4.10711e-15
-9.99998e-10
1.22585e-16
-4.1184e-15
-9.99998e-10
2.56333e-16
-4.09606e-15
-9.99998e-10
4.00362e-16
-4.06271e-15
-9.99999e-10
-3.98017e-15
-9.99999e-10
8.29348e-17
-3.51674e-15
-9.99997e-10
1.4471e-16
-3.52424e-15
-9.99997e-10
2.77929e-16
-3.49676e-15
-9.99997e-10
4.74422e-16
-3.45481e-15
-9.99997e-10
-3.44364e-15
-9.99998e-10
8.51622e-17
-2.59509e-15
-9.99997e-10
1.73938e-16
-2.59336e-15
-9.99997e-10
3.19358e-16
-2.56623e-15
-9.99997e-10
4.99618e-16
-2.53872e-15
-9.99997e-10
-2.5464e-15
-9.99997e-10
9.2824e-17
-1.39938e-15
-9.99996e-10
2.01621e-16
-1.39528e-15
-9.99996e-10
3.45517e-16
-1.375e-15
-9.99996e-10
4.93766e-16
-1.35577e-15
-9.99996e-10
-1.35537e-15
-9.99996e-10
9.82014e-17
-9.99996e-10
2.21537e-16
-9.99996e-10
3.63406e-16
-9.99996e-10
4.9464e-16
-9.99996e-10
-9.99996e-10
5.80202e-17
-3.16057e-15
-9.99999e-10
9.84937e-17
-3.15037e-15
-9.99999e-10
1.724e-16
-3.09297e-15
-9.99999e-10
2.32095e-16
-2.99026e-15
-9.99999e-10
-2.80785e-15
-9.99999e-10
7.76914e-17
-2.68393e-15
-9.99998e-10
1.56248e-16
-2.67769e-15
-9.99998e-10
2.63978e-16
-2.63616e-15
-9.99998e-10
4.07468e-16
-2.57461e-15
-9.99998e-10
-2.52444e-15
-9.99998e-10
9.13598e-17
-1.97196e-15
-9.99998e-10
1.98775e-16
-1.96424e-15
-9.99998e-10
3.24427e-16
-1.9363e-15
-9.99998e-10
4.68949e-16
-1.90723e-15
-9.99998e-10
-1.90347e-15
-9.99998e-10
1.02617e-16
-1.05605e-15
-9.99997e-10
2.26288e-16
-1.05468e-15
-9.99997e-10
3.51563e-16
-1.04005e-15
-9.99997e-10
4.74649e-16
-1.02646e-15
-9.99997e-10
-1.02934e-15
-9.99997e-10
1.05686e-16
-9.99997e-10
2.40519e-16
-9.99997e-10
3.63799e-16
-9.99997e-10
4.71767e-16
-9.99997e-10
-9.99997e-10
7.86102e-17
-2.44485e-15
-9.99999e-10
1.89368e-16
-2.4334e-15
-9.99999e-10
2.79312e-16
-2.39524e-15
-9.99999e-10
3.22962e-16
-2.30517e-15
-9.99999e-10
-2.20719e-15
-9.99999e-10
9.47198e-17
-2.07043e-15
-9.99999e-10
2.16833e-16
-2.06734e-15
-9.99999e-10
3.23106e-16
-2.04014e-15
-9.99999e-10
4.19401e-16
-1.99836e-15
-9.99999e-10
-1.97749e-15
-9.99999e-10
1.03522e-16
-1.51698e-15
-9.99998e-10
2.47216e-16
-1.51006e-15
-9.99998e-10
3.67966e-16
-1.4876e-15
-9.99998e-10
4.58696e-16
-1.46637e-15
-9.99998e-10
-1.4686e-15
-9.99998e-10
1.13602e-16
-8.03957e-16
-9.99998e-10
2.6895e-16
-7.97986e-16
-9.99998e-10
3.86107e-16
-7.86003e-16
-9.99998e-10
4.64482e-16
-7.81492e-16
-9.99998e-10
-7.92566e-16
-9.99998e-10
1.21101e-16
-9.99998e-10
2.80544e-16
-9.99998e-10
3.89112e-16
-9.99998e-10
4.55731e-16
-9.99998e-10
-9.99998e-10
1.29421e-16
-1.90011e-15
-1e-09
3.06579e-16
-1.90955e-15
-9.99999e-10
4.3125e-16
-1.90975e-15
-9.99999e-10
3.7166e-16
-1.84457e-15
-9.99999e-10
-1.78598e-15
-9.99999e-10
1.16574e-16
-1.62926e-15
-9.99999e-10
2.83761e-16
-1.63171e-15
-9.99999e-10
3.92466e-16
-1.61918e-15
-9.99999e-10
4.2484e-16
-1.59007e-15
-9.99999e-10
-1.60519e-15
-9.99999e-10
1.1967e-16
-1.18204e-15
-9.99999e-10
3.05086e-16
-1.16829e-15
-9.99999e-10
4.27199e-16
-1.14889e-15
-9.99999e-10
4.68816e-16
-1.13337e-15
-9.99999e-10
-1.14447e-15
-9.99999e-10
1.35435e-16
-6.06677e-16
-9.99999e-10
3.24019e-16
-5.89169e-16
-9.99999e-10
4.35424e-16
-5.82715e-16
-9.99999e-10
4.71817e-16
-5.90627e-16
-9.99998e-10
-6.10702e-16
-9.99998e-10
1.53463e-16
-9.99998e-10
3.30467e-16
-9.99998e-10
4.26144e-16
-9.99998e-10
4.55598e-16
-9.99998e-10
-9.99998e-10
1.6396e-16
-1.54558e-15
-1e-09
3.45461e-16
-1.56799e-15
-1e-09
4.91463e-16
-1.56137e-15
-1e-09
3.73188e-16
-1.4778e-15
-1e-09
-1.37576e-15
-9.99999e-10
1.37019e-16
-1.33528e-15
-9.99999e-10
3.33234e-16
-1.32676e-15
-9.99999e-10
4.61227e-16
-1.30688e-15
-9.99999e-10
4.6684e-16
-1.2661e-15
-9.99999e-10
-1.27628e-15
-9.99999e-10
1.49396e-16
-9.35142e-16
-9.99999e-10
3.65185e-16
-9.08946e-16
-9.99999e-10
4.9806e-16
-8.92835e-16
-9.99999e-10
5.24536e-16
-8.86278e-16
-9.99999e-10
-9.1794e-16
-9.99999e-10
1.76285e-16
-4.51992e-16
-9.99999e-10
3.81932e-16
-4.31547e-16
-9.99999e-10
4.92758e-16
-4.37583e-16
-9.99999e-10
5.10505e-16
-4.62247e-16
-9.99999e-10
-5.02897e-16
-9.99999e-10
1.98096e-16
-9.99999e-10
3.75976e-16
-9.99999e-10
4.66721e-16
-9.99999e-10
4.74223e-16
-9.99999e-10
-9.99999e-10
1.65715e-16
-1.38099e-15
-1e-09
3.27264e-16
-1.38249e-15
-1e-09
5.14616e-16
-1.32859e-15
-1e-09
4.40108e-16
-1.2056e-15
-1e-09
-1.08237e-15
-9.99999e-10
1.5827e-16
-1.15904e-15
-1e-09
3.77599e-16
-1.12832e-15
-1e-09
5.47523e-16
-1.09587e-15
-1e-09
5.57429e-16
-1.05431e-15
-9.99999e-10
-1.0726e-15
-9.99999e-10
1.90695e-16
-7.68176e-16
-1e-09
4.21003e-16
-7.38659e-16
-9.99999e-10
5.73111e-16
-7.36464e-16
-9.99999e-10
6.00089e-16
-7.55473e-16
-9.99999e-10
-8.2526e-16
-9.99999e-10
2.2156e-16
-3.52201e-16
-9.99999e-10
4.25164e-16
-3.43604e-16
-9.99999e-10
5.39361e-16
-3.67173e-16
-9.99999e-10
5.50548e-16
-4.10407e-16
-9.99999e-10
-4.77434e-16
-9.99999e-10
2.30611e-16
-9.99999e-10
4.01886e-16
-9.99999e-10
4.93088e-16
-9.99999e-10
4.90364e-16
-9.99999e-10
-9.99999e-10
1.35596e-16
-1.35309e-15
3.30919e-16
-1.30544e-15
5.7061e-16
-1.21503e-15
6.48455e-16
-1.12951e-15
-1.19948e-15
1.79019e-16
-1.06488e-15
4.17471e-16
-1.02174e-15
6.18113e-16
-9.98793e-16
6.02489e-16
-9.88884e-16
-1.01556e-15
2.24286e-16
-6.8333e-16
4.49744e-16
-6.66487e-16
6.09148e-16
-6.8642e-16
5.83568e-16
-7.28939e-16
-8.03453e-16
2.43111e-16
-3.14129e-16
4.32562e-16
-3.24644e-16
5.49639e-16
-3.63406e-16
5.39462e-16
-4.14601e-16
-4.79389e-16
2.32014e-16
3.94666e-16
4.93212e-16
4.88844e-16
)
;

boundaryField
{
    inlet
    {
        type            calculated;
        value           nonuniform List<scalar> 
25
(
-1e-09
-1e-09
-1e-09
-1e-09
-1e-09
-1e-09
-1e-09
-1e-09
-1e-09
-1e-09
-1e-09
-1e-09
-1e-09
-1e-09
-1e-09
-1e-09
-1e-09
-1e-09
-1e-09
-1e-09
-1e-09
-1e-09
-1e-09
-1e-09
-1e-09
)
;
    }
    outlet
    {
        type            calculated;
        value           nonuniform List<scalar> 
25
(
9.99998e-10
9.99998e-10
9.99999e-10
9.99999e-10
9.99999e-10
9.99998e-10
9.99998e-10
9.99999e-10
9.99999e-10
9.99999e-10
9.99999e-10
9.99999e-10
9.99999e-10
9.99999e-10
9.99999e-10
9.99999e-10
9.99999e-10
9.99999e-10
9.99999e-10
9.99999e-10
9.99999e-10
9.99999e-10
1e-09
1e-09
1e-09
)
;
    }
    repeat_boundary
    {
        type            calculated;
        value           uniform 0;
    }
    procBoundary2to0
    {
        type            processor;
        value           nonuniform List<scalar> 
450
(
1.21353e-16
1.17786e-16
1.24661e-16
1.46686e-16
1.92115e-16
3.53254e-16
3.40563e-16
3.49675e-16
3.83706e-16
4.80018e-16
6.33481e-16
6.17401e-16
6.06831e-16
5.26131e-16
3.92668e-16
1.0166e-15
1.0143e-15
1.00768e-15
8.61714e-16
4.7932e-16
1.53498e-15
1.54772e-15
1.57467e-15
1.49614e-15
1.1059e-15
2.21855e-15
2.2302e-15
2.27383e-15
2.28637e-15
2.14834e-15
3.12992e-15
3.12927e-15
3.14915e-15
3.1503e-15
3.15935e-15
4.36737e-15
4.36781e-15
4.35238e-15
4.277e-15
4.11628e-15
6.04099e-15
6.05639e-15
6.03527e-15
5.94888e-15
5.66985e-15
8.28437e-15
8.29899e-15
8.27503e-15
8.24331e-15
8.19197e-15
1.12992e-14
1.12932e-14
1.12364e-14
1.11876e-14
1.13046e-14
1.53874e-14
1.53707e-14
1.52756e-14
1.51752e-14
1.52736e-14
2.09588e-14
2.09508e-14
2.08332e-14
2.06929e-14
2.07144e-14
2.85593e-14
2.85552e-14
2.84005e-14
2.82153e-14
2.81939e-14
3.89326e-14
3.89176e-14
3.87022e-14
3.8431e-14
3.82608e-14
5.30976e-14
5.30682e-14
5.27911e-14
5.24357e-14
5.21305e-14
7.2472e-14
7.24237e-14
7.20491e-14
7.15651e-14
7.1084e-14
9.90162e-14
9.89313e-14
9.83673e-14
9.76157e-14
9.67704e-14
1.35392e-13
1.35232e-13
1.34364e-13
1.33189e-13
1.31776e-13
1.85252e-13
1.84951e-13
1.83611e-13
1.8177e-13
1.79522e-13
2.5368e-13
2.53139e-13
2.5107e-13
2.48191e-13
2.44659e-13
3.47676e-13
3.46738e-13
3.43543e-13
3.3915e-13
3.33898e-13
4.7686e-13
4.75247e-13
4.70277e-13
4.63536e-13
4.55719e-13
6.54568e-13
6.51866e-13
6.44153e-13
6.33657e-13
6.21509e-13
8.99323e-13
8.94895e-13
8.82989e-13
8.66701e-13
8.47828e-13
1.23689e-12
1.22963e-12
1.21117e-12
1.18596e-12
1.15694e-12
1.70313e-12
1.69121e-12
1.66241e-12
1.62342e-12
1.57883e-12
2.34794e-12
2.32841e-12
2.28333e-12
2.22313e-12
2.15476e-12
3.241e-12
3.20885e-12
3.138e-12
3.04504e-12
2.94068e-12
4.47955e-12
4.42614e-12
4.31416e-12
4.17057e-12
4.01262e-12
6.19733e-12
6.10819e-12
5.93054e-12
5.7092e-12
5.47295e-12
8.56802e-12
8.4231e-12
8.14305e-12
7.80575e-12
7.45553e-12
1.17607e-11
1.15636e-11
1.11392e-11
1.06507e-11
1.01242e-11
1.56704e-11
1.56164e-11
1.50698e-11
1.45136e-11
1.36391e-11
1.97247e-11
2.03206e-11
1.96969e-11
1.99262e-11
1.80058e-11
2.35651e-11
2.5891e-11
2.37837e-11
2.86968e-11
2.24074e-11
2.57108e-11
3.5141e-11
2.47498e-11
4.68422e-11
2.18928e-11
2.40121e-11
6.01447e-11
2.90961e-11
6.97458e-11
-1.39695e-11
-4.16657e-11
4.84697e-11
-7.75753e-11
2.75581e-10
3.92064e-11
-2.3506e-11
2.87752e-10
1.03598e-10
8.49238e-12
-5.1023e-10
-1.89432e-10
-2.92636e-11
-8.75479e-12
9.44348e-11
2.01878e-10
1.74579e-10
-2.48146e-10
6.84491e-11
1.28344e-10
3.32761e-10
-1.3332e-10
-1.68074e-10
-8.80327e-11
-3.72669e-12
-3.35056e-11
2.20403e-10
-1.92435e-10
-2.4565e-10
3.54464e-11
-1.8099e-11
8.72727e-11
-6.51825e-11
-7.29928e-11
-7.98363e-10
-7.15676e-10
-6.17195e-10
-1.01958e-10
-1.15199e-10
-6.63909e-10
-8.21747e-10
7.90007e-10
3.79995e-10
-1.18247e-10
-2.01555e-10
1.67935e-11
5.37436e-10
2.32109e-10
1.46588e-10
-1.46903e-10
1.09658e-10
1.80741e-10
-9.96385e-11
2.41275e-10
3.85294e-10
7.84301e-10
2.93065e-10
1.46385e-10
8.60631e-11
2.36316e-10
-2.42285e-11
-8.49669e-12
-9.55257e-11
-7.86127e-11
-3.40954e-10
-4.13138e-10
-1.7438e-10
-6.86127e-11
8.92914e-12
-2.65808e-11
-1.33413e-11
-3.97666e-10
-1.05197e-10
-8.55136e-11
8.2337e-11
1.79077e-10
-1.95771e-10
-6.39859e-11
-4.8024e-11
1.00286e-10
1.02559e-10
-8.06832e-11
-2.10878e-11
-1.55685e-11
4.69345e-11
5.63629e-11
-2.88665e-11
-3.46602e-12
6.88742e-13
2.62593e-11
3.1722e-11
-7.17086e-12
2.2304e-12
4.74608e-12
1.64501e-11
2.0811e-11
1.04237e-12
3.63808e-12
5.97155e-12
1.14634e-11
1.46238e-11
2.78517e-12
4.1073e-12
5.79501e-12
8.55653e-12
1.0501e-11
3.275e-12
3.97768e-12
5.0753e-12
6.52385e-12
7.5781e-12
3.15104e-12
3.54476e-12
4.19384e-12
4.90716e-12
5.4833e-12
2.73533e-12
2.94261e-12
3.27132e-12
3.641e-12
3.98067e-12
2.1934e-12
2.30167e-12
2.47928e-12
2.69081e-12
2.89891e-12
1.69482e-12
1.75725e-12
1.85996e-12
1.9869e-12
2.11685e-12
1.29004e-12
1.32743e-12
1.38896e-12
1.46673e-12
1.5488e-12
9.73729e-13
9.96767e-13
1.03425e-12
1.08247e-12
1.13445e-12
7.30952e-13
7.45385e-13
7.68566e-13
7.98732e-13
8.31752e-13
5.46553e-13
5.55659e-13
5.70132e-13
5.89161e-13
6.10275e-13
4.07451e-13
4.13241e-13
4.22314e-13
4.34357e-13
4.4793e-13
3.02997e-13
3.06746e-13
3.12444e-13
3.20103e-13
3.28886e-13
2.2485e-13
2.27303e-13
2.30899e-13
2.35796e-13
2.41465e-13
1.6659e-13
1.68196e-13
1.70495e-13
1.73649e-13
1.77282e-13
1.2327e-13
1.24333e-13
1.25817e-13
1.27858e-13
1.3021e-13
9.11206e-14
9.18397e-14
9.27856e-14
9.40669e-14
9.55183e-14
6.73124e-14
6.78094e-14
6.84124e-14
6.91957e-14
7.0012e-14
4.97009e-14
5.00408e-14
5.04316e-14
5.09334e-14
5.14186e-14
3.66648e-14
3.68857e-14
3.71205e-14
3.74224e-14
3.76866e-14
2.70055e-14
2.715e-14
2.7274e-14
2.7415e-14
2.74141e-14
1.98439e-14
1.99467e-14
2.00246e-14
2.01188e-14
1.99789e-14
1.45411e-14
1.46088e-14
1.46776e-14
1.48198e-14
1.47916e-14
1.06361e-14
1.0671e-14
1.07303e-14
1.08657e-14
1.08692e-14
7.78455e-15
7.8038e-15
7.85143e-15
7.92302e-15
7.83276e-15
5.72045e-15
5.7403e-15
5.78213e-15
5.81795e-15
5.62529e-15
4.24396e-15
4.26454e-15
4.29845e-15
4.33096e-15
4.18902e-15
3.20139e-15
3.21501e-15
3.23397e-15
3.27203e-15
3.21664e-15
2.47216e-15
2.47863e-15
2.48083e-15
2.55306e-15
2.56139e-15
1.9692e-15
1.97492e-15
1.96304e-15
2.05702e-15
2.13118e-15
1.63878e-15
1.64819e-15
1.61393e-15
1.70327e-15
1.7792e-15
1.43902e-15
1.44656e-15
1.39435e-15
1.48846e-15
1.63382e-15
1.33123e-15
1.32974e-15
1.28746e-15
1.38536e-15
1.62609e-15
)
;
    }
    procBoundary2to3
    {
        type            processor;
        value           nonuniform List<scalar> 
450
(
-9.75101e-17
-1.40907e-16
-1.6559e-16
-1.71499e-16
-1.70632e-16
-4.01636e-16
-3.79829e-16
-4.51316e-16
-4.78612e-16
-4.80023e-16
-1.12637e-15
-8.10857e-16
-7.84785e-16
-8.13028e-16
-8.14652e-16
-1.90309e-15
-1.37856e-15
-1.237e-15
-1.23781e-15
-1.23059e-15
-2.26291e-15
-1.93579e-15
-1.80508e-15
-1.78208e-15
-1.76094e-15
-2.56947e-15
-2.5096e-15
-2.46799e-15
-2.45208e-15
-2.42708e-15
-3.37512e-15
-3.33499e-15
-3.32179e-15
-3.30955e-15
-3.28788e-15
-4.791e-15
-4.61464e-15
-4.52863e-15
-4.48344e-15
-4.45461e-15
-6.46271e-15
-6.32829e-15
-6.19007e-15
-6.11241e-15
-6.06607e-15
-8.34155e-15
-8.48219e-15
-8.39709e-15
-8.32859e-15
-8.27038e-15
-1.12269e-14
-1.14319e-14
-1.13873e-14
-1.1336e-14
-1.12719e-14
-1.54312e-14
-1.55881e-14
-1.55163e-14
-1.54524e-14
-1.5378e-14
-2.11804e-14
-2.12688e-14
-2.11705e-14
-2.10817e-14
-2.09903e-14
-2.89451e-14
-2.8989e-14
-2.88645e-14
-2.87477e-14
-2.86274e-14
-3.96759e-14
-3.95693e-14
-3.93506e-14
-3.91788e-14
-3.90087e-14
-5.41756e-14
-5.39256e-14
-5.36006e-14
-5.3357e-14
-5.31183e-14
-7.38685e-14
-7.34024e-14
-7.29396e-14
-7.25993e-14
-7.22594e-14
-1.00816e-13
-9.99512e-14
-9.92258e-14
-9.86987e-14
-9.81845e-14
-1.37468e-13
-1.36059e-13
-1.34904e-13
-1.34057e-13
-1.33282e-13
-1.87363e-13
-1.85111e-13
-1.83277e-13
-1.81933e-13
-1.80799e-13
-2.55227e-13
-2.51758e-13
-2.48879e-13
-2.46765e-13
-2.45098e-13
-3.47197e-13
-3.42098e-13
-3.37716e-13
-3.34459e-13
-3.31979e-13
-4.724e-13
-4.64637e-13
-4.57911e-13
-4.52922e-13
-4.49216e-13
-6.43253e-13
-6.31073e-13
-6.20564e-13
-6.12819e-13
-6.07284e-13
-8.7567e-13
-8.5677e-13
-8.40431e-13
-8.28359e-13
-8.20068e-13
-1.19168e-12
-1.1625e-12
-1.13719e-12
-1.11841e-12
-1.1059e-12
-1.62169e-12
-1.57659e-12
-1.53731e-12
-1.50809e-12
-1.48905e-12
-2.20688e-12
-2.13732e-12
-2.07627e-12
-2.03065e-12
-2.00143e-12
-3.0039e-12
-2.89685e-12
-2.80183e-12
-2.73004e-12
-2.68465e-12
-4.09147e-12
-3.92748e-12
-3.77921e-12
-3.66506e-12
-3.59325e-12
-5.58246e-12
-5.33342e-12
-5.10165e-12
-4.91766e-12
-4.80093e-12
-7.6512e-12
-7.27913e-12
-6.91793e-12
-6.61568e-12
-6.41824e-12
-1.06023e-11
-1.00682e-11
-9.51421e-12
-9.00198e-12
-8.65048e-12
-1.50597e-11
-1.4352e-11
-1.3535e-11
-1.26159e-11
-1.19524e-11
-2.24283e-11
-2.14585e-11
-2.02625e-11
-1.85151e-11
-1.70734e-11
-3.56984e-11
-3.36867e-11
-3.18579e-11
-2.89433e-11
-2.49591e-11
-6.13275e-11
-5.52162e-11
-5.17116e-11
-4.963e-11
-3.65452e-11
-9.50426e-11
-9.47042e-11
-7.66518e-11
-8.37709e-11
-4.35319e-11
-3.09462e-10
-1.63455e-10
-2.25817e-10
-2.70241e-10
-1.53397e-10
-9.57309e-11
-3.398e-10
-7.78275e-12
-1.00743e-10
3.05914e-10
-3.44099e-11
-4.69117e-12
-8.72051e-11
-3.71933e-11
-6.12939e-10
-4.13963e-10
-8.95827e-11
-1.81718e-10
1.70023e-10
-2.03111e-10
-2.27248e-10
5.07853e-11
-7.98684e-12
3.11973e-10
8.14286e-10
1.39386e-09
6.25949e-10
1.66601e-10
8.12855e-11
1.71723e-10
1.16522e-09
1.55034e-10
4.89347e-10
4.29992e-10
1.56477e-10
-1.67541e-10
-2.79273e-10
3.17198e-10
-6.37325e-11
-2.80979e-12
-4.80167e-10
-1.76691e-10
-2.28872e-10
-2.06849e-10
-1.3217e-10
7.12411e-10
-2.36908e-11
-3.96121e-10
-2.41237e-12
-8.38872e-11
7.224e-10
-5.20542e-12
-6.6777e-10
1.29994e-11
2.13159e-11
-3.77171e-10
-1.21345e-10
-1.42431e-10
1.30836e-10
7.15927e-11
-1.43021e-10
-1.78204e-10
-8.14183e-11
3.33916e-11
-3.09498e-10
6.91339e-11
4.34048e-11
2.51533e-11
2.57815e-11
-2.11094e-10
1.10766e-10
3.0458e-10
2.20953e-10
-1.19434e-10
1.62206e-10
6.18901e-11
4.70507e-11
9.12414e-11
4.80941e-12
-1.15711e-11
3.83731e-11
3.70644e-11
3.46006e-11
-5.39235e-12
-1.71883e-12
1.66882e-11
1.66151e-11
9.86601e-12
-5.75983e-12
-7.55451e-12
7.93489e-12
7.16881e-12
2.47639e-12
-4.45014e-12
-6.57758e-12
4.15984e-12
3.01468e-12
4.60373e-13
-2.90872e-12
-4.33305e-12
2.36354e-12
1.38631e-12
1.07783e-14
-1.71914e-12
-2.58402e-12
1.43156e-12
7.37494e-13
-5.61645e-14
-9.46429e-13
-1.43196e-12
9.15281e-13
4.58516e-13
-2.79606e-14
-4.90082e-13
-7.56646e-13
6.11101e-13
3.1786e-13
1.84339e-14
-2.34439e-13
-3.82954e-13
4.21646e-13
2.33756e-13
4.98857e-14
-9.55922e-14
-1.80759e-13
2.98345e-13
1.7763e-13
6.48502e-14
-2.36254e-14
-7.31532e-14
2.14859e-13
1.373e-13
6.66154e-14
1.23061e-14
-1.78168e-14
1.5629e-13
1.0656e-13
6.18614e-14
2.79999e-14
9.35764e-15
1.14546e-13
8.2579e-14
5.42102e-14
3.2863e-14
2.11762e-14
8.44236e-14
6.37992e-14
4.57975e-14
3.21958e-14
2.48135e-14
6.24264e-14
4.90997e-14
3.75366e-14
2.88987e-14
2.41891e-14
4.62846e-14
3.76339e-14
3.01486e-14
2.46556e-14
2.16268e-14
3.42634e-14
2.86601e-14
2.38199e-14
2.03016e-14
1.83867e-14
2.531e-14
2.16886e-14
1.85884e-14
1.63562e-14
1.51201e-14
1.87165e-14
1.63918e-14
1.44021e-14
1.29757e-14
1.21759e-14
1.37068e-14
1.23285e-14
1.10826e-14
1.01688e-14
9.64883e-15
9.99012e-15
9.20458e-15
8.44847e-15
7.87361e-15
7.53809e-15
7.38962e-15
6.89987e-15
6.4099e-15
6.03883e-15
5.8165e-15
5.41573e-15
5.17215e-15
4.8478e-15
4.59795e-15
4.44251e-15
3.77292e-15
3.78448e-15
3.61102e-15
3.45682e-15
3.35362e-15
2.62447e-15
2.7242e-15
2.63126e-15
2.55189e-15
2.49426e-15
1.95091e-15
2.00671e-15
1.90358e-15
1.86247e-15
1.83315e-15
1.38048e-15
1.49264e-15
1.39334e-15
1.36088e-15
1.34028e-15
8.6814e-16
1.05787e-15
1.01915e-15
9.97232e-16
9.77637e-16
5.81917e-16
7.24912e-16
7.37472e-16
7.32449e-16
7.19459e-16
4.4046e-16
5.37305e-16
5.44694e-16
5.55283e-16
5.53858e-16
4.3278e-16
4.44907e-16
4.41398e-16
4.57958e-16
4.65303e-16
4.40179e-16
4.40593e-16
3.99365e-16
4.17231e-16
4.24982e-16
4.43942e-16
4.77631e-16
3.73785e-16
3.93381e-16
3.94828e-16
4.46333e-16
4.54135e-16
3.41258e-16
3.57846e-16
3.55252e-16
6.01037e-16
4.48423e-16
3.18662e-16
3.17051e-16
3.13694e-16
8.17282e-16
5.34398e-16
3.65974e-16
3.3274e-16
3.09988e-16
)
;
    }
}


// ************************************************************************* //
