/*--------------------------------*- C++ -*----------------------------------*\
| =========                 |                                                 |
| \\      /  F ield         | OpenFOAM: The Open Source CFD Toolbox           |
|  \\    /   O peration     | Version:  5.x                                   |
|   \\  /    A nd           | Web:      www.OpenFOAM.org                      |
|    \\/     M anipulation  |                                                 |
\*---------------------------------------------------------------------------*/
FoamFile
{
    version     2.0;
    format      ascii;
    class       volVectorField;
    location    "0.07";
    object      Us;
}
// * * * * * * * * * * * * * * * * * * * * * * * * * * * * * * * * * * * * * //

dimensions      [0 1 -1 0 0 0 0];

internalField   nonuniform List<vector> 
2250
(
(0 0 0)
(0 0 0)
(0 0 0)
(0 0 0)
(0 0 0)
(0 0 0)
(0 0 0)
(0 0 0)
(0 0 0)
(0 0 0)
(0 0 0)
(0 0 0)
(0 0 0)
(0 0 0)
(0 0 0)
(0 0 0)
(0 0 0)
(0 0 0)
(0 0 0)
(0 0 0)
(0 0 0)
(0 0 0)
(0 0 0)
(0 0 0)
(0 0 0)
(0 0 0)
(0 0 0)
(0 0 0)
(0 0 0)
(0 0 0)
(0 0 0)
(0 0 0)
(0 0 0)
(0 0 0)
(0 0 0)
(0 0 0)
(0 0 0)
(0 0 0)
(0 0 0)
(0 0 0)
(0 0 0)
(0 0 0)
(0 0 0)
(0 0 0)
(0 0 0)
(0 0 0)
(0 0 0)
(0 0 0)
(0 0 0)
(0 0 0)
(0 0 0)
(0 0 0)
(0 0 0)
(0 0 0)
(0 0 0)
(0 0 0)
(0 0 0)
(0 0 0)
(0 0 0)
(0 0 0)
(0 0 0)
(0 0 0)
(0 0 0)
(0 0 0)
(0 0 0)
(0 0 0)
(0 0 0)
(0 0 0)
(0 0 0)
(0 0 0)
(0 0 0)
(0 0 0)
(0 0 0)
(0 0 0)
(0 0 0)
(0 0 0)
(0 0 0)
(0 0 0)
(0 0 0)
(0 0 0)
(0 0 0)
(0 0 0)
(0 0 0)
(0 0 0)
(0 0 0)
(0 0 0)
(0 0 0)
(0 0 0)
(0 0 0)
(0 0 0)
(0 0 0)
(0 0 0)
(0 0 0)
(0 0 0)
(0 0 0)
(0 0 0)
(0 0 0)
(0 0 0)
(0 0 0)
(0 0 0)
(0 0 0)
(0 0 0)
(0 0 0)
(0 0 0)
(0 0 0)
(0 0 0)
(0 0 0)
(0 0 0)
(0 0 0)
(0 0 0)
(0 0 0)
(0 0 0)
(0 0 0)
(0 0 0)
(0 0 0)
(0 0 0)
(0 0 0)
(0 0 0)
(0 0 0)
(0 0 0)
(0 0 0)
(0 0 0)
(0 0 0)
(0 0 0)
(0 0 0)
(0 0 0)
(0 0 0)
(0 0 0)
(0 0 0)
(0 0 0)
(0 0 0)
(0 0 0)
(0 0 0)
(0 0 0)
(0 0 0)
(0 0 0)
(0 0 0)
(0 0 0)
(0 0 0)
(0 0 0)
(0 0 0)
(0 0 0)
(0 0 0)
(0 0 0)
(0 0 0)
(0 0 0)
(0 0 0)
(0 0 0)
(0 0 0)
(0 0 0)
(0 0 0)
(0 0 0)
(0 0 0)
(0 0 0)
(0 0 0)
(0 0 0)
(0 0 0)
(0 0 0)
(0 0 0)
(0 0 0)
(0 0 0)
(0 0 0)
(0 0 0)
(0 0 0)
(0 0 0)
(0 0 0)
(0 0 0)
(0 0 0)
(0 0 0)
(0 0 0)
(0 0 0)
(0 0 0)
(0 0 0)
(0 0 0)
(0 0 0)
(0 0 0)
(0 0 0)
(0 0 0)
(0 0 0)
(0 0 0)
(0 0 0)
(0 0 0)
(0 0 0)
(0 0 0)
(0 0 0)
(0 0 0)
(0 0 0)
(0 0 0)
(0 0 0)
(0 0 0)
(0 0 0)
(0 0 0)
(0 0 0)
(0 0 0)
(0 0 0)
(0 0 0)
(0 0 0)
(0 0 0)
(0 0 0)
(0 0 0)
(0 0 0)
(0 0 0)
(0 0 0)
(0 0 0)
(0 0 0)
(0 0 0)
(0 0 0)
(0 0 0)
(0 0 0)
(0 0 0)
(0 0 0)
(0 0 0)
(0 0 0)
(0 0 0)
(0 0 0)
(0 0 0)
(0 0 0)
(0 0 0)
(0 0 0)
(0 0 0)
(0 0 0)
(0 0 0)
(0 0 0)
(0 0 0)
(0 0 0)
(0 0 0)
(0 0 0)
(0 0 0)
(0 0 0)
(0 0 0)
(0 0 0)
(0 0 0)
(0 0 0)
(0 0 0)
(0 0 0)
(0 0 0)
(0 0 0)
(0 0 0)
(0 0 0)
(0 0 0)
(0 0 0)
(0 0 0)
(0 0 0)
(0 0 0)
(0 0 0)
(0 0 0)
(0 0 0)
(0 0 0)
(0 0 0)
(0 0 0)
(0 0 0)
(0 0 0)
(0 0 0)
(0 0 0)
(0 0 0)
(0 0 0)
(0 0 0)
(0 0 0)
(0 0 0)
(0 0 0)
(0 0 0)
(0 0 0)
(0 0 0)
(0 0 0)
(0 0 0)
(0 0 0)
(0 0 0)
(0 0 0)
(0 0 0)
(0 0 0)
(0 0 0)
(0 0 0)
(0 0 0)
(0 0 0)
(0 0 0)
(0 0 0)
(0 0 0)
(0 0 0)
(0 0 0)
(0 0 0)
(0 0 0)
(0 0 0)
(0 0 0)
(0 0 0)
(0 0 0)
(0 0 0)
(0 0 0)
(0 0 0)
(0 0 0)
(0 0 0)
(0 0 0)
(0 0 0)
(0 0 0)
(0 0 0)
(0 0 0)
(0 0 0)
(0 0 0)
(0 0 0)
(0 0 0)
(0 0 0)
(0 0 0)
(0 0 0)
(0 0 0)
(0 0 0)
(0 0 0)
(0 0 0)
(0 0 0)
(0 0 0)
(0 0 0)
(0 0 0)
(0 0 0)
(0 0 0)
(0 0 0)
(0 0 0)
(0 0 0)
(0 0 0)
(0 0 0)
(0 0 0)
(0 0 0)
(0 0 0)
(0 0 0)
(0 0 0)
(0 0 0)
(0 0 0)
(0 0 0)
(0 0 0)
(0 0 0)
(0 0 0)
(0 0 0)
(0 0 0)
(0 0 0)
(0 0 0)
(0 0 0)
(0 0 0)
(0 0 0)
(0 0 0)
(0 0 0)
(0 0 0)
(0 0 0)
(0 0 0)
(0 0 0)
(0 0 0)
(0 0 0)
(0 0 0)
(0 0 0)
(0 0 0)
(0 0 0)
(0 0 0)
(0 0 0)
(0 0 0)
(0 0 0)
(0 0 0)
(0 0 0)
(0 0 0)
(0 0 0)
(0 0 0)
(0 0 0)
(0 0 0)
(0 0 0)
(0 0 0)
(0 0 0)
(0 0 0)
(0 0 0)
(0 0 0)
(0 0 0)
(0 0 0)
(0 0 0)
(0 0 0)
(0 0 0)
(0 0 0)
(0 0 0)
(0 0 0)
(0 0 0)
(0 0 0)
(0 0 0)
(0 0 0)
(0 0 0)
(0 0 0)
(0 0 0)
(0 0 0)
(0 0 0)
(0 0 0)
(0 0 0)
(0 0 0)
(0 0 0)
(0 0 0)
(0 0 0)
(0 0 0)
(0 0 0)
(0 0 0)
(0 0 0)
(0 0 0)
(0 0 0)
(0 0 0)
(0 0 0)
(0 0 0)
(0 0 0)
(0 0 0)
(0 0 0)
(0 0 0)
(0 0 0)
(0 0 0)
(0 0 0)
(0 0 0)
(0 0 0)
(0 0 0)
(0 0 0)
(0 0 0)
(0 0 0)
(0 0 0)
(0 0 0)
(0 0 0)
(0 0 0)
(0 0 0)
(0 0 0)
(0 0 0)
(0 0 0)
(0 0 0)
(0 0 0)
(0 0 0)
(0 0 0)
(0 0 0)
(0 0 0)
(0 0 0)
(0 0 0)
(0 0 0)
(0 0 0)
(0 0 0)
(0 0 0)
(0 0 0)
(0 0 0)
(0 0 0)
(0 0 0)
(0 0 0)
(0 0 0)
(0 0 0)
(0 0 0)
(0 0 0)
(0 0 0)
(0 0 0)
(0 0 0)
(0 0 0)
(0 0 0)
(0 0 0)
(0 0 0)
(0 0 0)
(0 0 0)
(0 0 0)
(0 0 0)
(0 0 0)
(0 0 0)
(0 0 0)
(0 0 0)
(0 0 0)
(0 0 0)
(0 0 0)
(0 0 0)
(0 0 0)
(0 0 0)
(0 0 0)
(0 0 0)
(0 0 0)
(0 0 0)
(0 0 0)
(0 0 0)
(0 0 0)
(0 0 0)
(0 0 0)
(0 0 0)
(0 0 0)
(0 0 0)
(0 0 0)
(0 0 0)
(0 0 0)
(0 0 0)
(0 0 0)
(0 0 0)
(0 0 0)
(0 0 0)
(0 0 0)
(0 0 0)
(0 0 0)
(0 0 0)
(0 0 0)
(0 0 0)
(0 0 0)
(0 0 0)
(0 0 0)
(0 0 0)
(0 0 0)
(0 0 0)
(0 0 0)
(0 0 0)
(0 0 0)
(0 0 0)
(0 0 0)
(0 0 0)
(0 0 0)
(0 0 0)
(0 0 0)
(0 0 0)
(0 0 0)
(0 0 0)
(0 0 0)
(0 0 0)
(0 0 0)
(0 0 0)
(0 0 0)
(0 0 0)
(0 0 0)
(0 0 0)
(0 0 0)
(0 0 0)
(0 0 0)
(0 0 0)
(0 0 0)
(0 0 0)
(0 0 0)
(0 0 0)
(0 0 0)
(0 0 0)
(0 0 0)
(0 0 0)
(0 0 0)
(0 0 0)
(0 0 0)
(0 0 0)
(0 0 0)
(0 0 0)
(0 0 0)
(0 0 0)
(0 0 0)
(0 0 0)
(0 0 0)
(0 0 0)
(0 0 0)
(0 0 0)
(0 0 0)
(0 0 0)
(0 0 0)
(0 0 0)
(0 0 0)
(0 0 0)
(0 0 0)
(0 0 0)
(0 0 0)
(0 0 0)
(0 0 0)
(0 0 0)
(0 0 0)
(0 0 0)
(0 0 0)
(0 0 0)
(0 0 0)
(0 0 0)
(0 0 0)
(0 0 0)
(0 0 0)
(0 0 0)
(0 0 0)
(0 0 0)
(0 0 0)
(0 0 0)
(0 0 0)
(0 0 0)
(0 0 0)
(0 0 0)
(0 0 0)
(0 0 0)
(0 0 0)
(0 0 0)
(0 0 0)
(0 0 0)
(0 0 0)
(0 0 0)
(0 0 0)
(0 0 0)
(0 0 0)
(0 0 0)
(0 0 0)
(0 0 0)
(0 0 0)
(0 0 0)
(0 0 0)
(0 0 0)
(0 0 0)
(0 0 0)
(0 0 0)
(0 0 0)
(0 0 0)
(0 0 0)
(0 0 0)
(0 0 0)
(0 0 0)
(0 0 0)
(0 0 0)
(0 0 0)
(0 0 0)
(0 0 0)
(0 0 0)
(0 0 0)
(0 0 0)
(0 0 0)
(0 0 0)
(0 0 0)
(0 0 0)
(0 0 0)
(0 0 0)
(0 0 0)
(0 0 0)
(0 0 0)
(0 0 0)
(0 0 0)
(0 0 0)
(0 0 0)
(0 0 0)
(0 0 0)
(0 0 0)
(0 0 0)
(0 0 0)
(0 0 0)
(0 0 0)
(0 0 0)
(0 0 0)
(0 0 0)
(0 0 0)
(0 0 0)
(0 0 0)
(0 0 0)
(0 0 0)
(0 0 0)
(0 0 0)
(0 0 0)
(0 0 0)
(0 0 0)
(0 0 0)
(0 0 0)
(0 0 0)
(0 0 0)
(0 0 0)
(0 0 0)
(0 0 0)
(0 0 0)
(0 0 0)
(0 0 0)
(0 0 0)
(0 0 0)
(0 0 0)
(0 0 0)
(0 0 0)
(0 0 0)
(0 0 0)
(0 0 0)
(0 0 0)
(0 0 0)
(0 0 0)
(0 0 0)
(0 0 0)
(0 0 0)
(0 0 0)
(0 0 0)
(0 0 0)
(0 0 0)
(0 0 0)
(0 0 0)
(0 0 0)
(0 0 0)
(0 0 0)
(0 0 0)
(0 0 0)
(0 0 0)
(0 0 0)
(0 0 0)
(0 0 0)
(0 0 0)
(0 0 0)
(0 0 0)
(0 0 0)
(0 0 0)
(0 0 0)
(0 0 0)
(0 0 0)
(0 0 0)
(0 0 0)
(0 0 0)
(0 0 0)
(0 0 0)
(0 0 0)
(0 0 0)
(0 0 0)
(0 0 0)
(0 0 0)
(0 0 0)
(0 0 0)
(0 0 0)
(0 0 0)
(0 0 0)
(0 0 0)
(0 0 0)
(0 0 0)
(0 0 0)
(0 0 0)
(0 0 0)
(0 0 0)
(0 0 0)
(0 0 0)
(0 0 0)
(0 0 0)
(0 0 0)
(0 0 0)
(0 0 0)
(0 0 0)
(0 0 0)
(0 0 0)
(0 0 0)
(0 0 0)
(0 0 0)
(0 0 0)
(0 0 0)
(0 0 0)
(0 0 0)
(0 0 0)
(0 0 0)
(0 0 0)
(0 0 0)
(0 0 0)
(0 0 0)
(0 0 0)
(0 0 0)
(0 0 0)
(0 0 0)
(0 0 0)
(0 0 0)
(0 0 0)
(0 0 0)
(0 0 0)
(0 0 0)
(0 0 0)
(0 0 0)
(0 0 0)
(0 0 0)
(0 0 0)
(0 0 0)
(0 0 0)
(0 0 0)
(0 0 0)
(0 0 0)
(0 0 0)
(0 0 0)
(0 0 0)
(0 0 0)
(0 0 0)
(0 0 0)
(0 0 0)
(0 0 0)
(0 0 0)
(0 0 0)
(0 0 0)
(0 0 0)
(0 0 0)
(0 0 0)
(0 0 0)
(0 0 0)
(0 0 0)
(0 0 0)
(0 0 0)
(0 0 0)
(0 0 0)
(0 0 0)
(0 0 0)
(0 0 0)
(0 0 0)
(0 0 0)
(0 0 0)
(0 0 0)
(0 0 0)
(0 0 0)
(0 0 0)
(0 0 0)
(0 0 0)
(0 0 0)
(0 0 0)
(0 0 0)
(0 0 0)
(0 0 0)
(0 0 0)
(0 0 0)
(0 0 0)
(0 0 0)
(0 0 0)
(0 0 0)
(0 0 0)
(0 0 0)
(0 0 0)
(0 0 0)
(0 0 0)
(0 0 0)
(0 0 0)
(0 0 0)
(0 0 0)
(0 0 0)
(0 0 0)
(0 0 0)
(0 0 0)
(0 0 0)
(0 0 0)
(0 0 0)
(0 0 0)
(0 0 0)
(0 0 0)
(0 0 0)
(0 0 0)
(0 0 0)
(0 0 0)
(0 0 0)
(0 0 0)
(0 0 0)
(0 0 0)
(0 0 0)
(0 0 0)
(0 0 0)
(0 0 0)
(0 0 0)
(0 0 0)
(0 0 0)
(0 0 0)
(0 0 0)
(0 0 0)
(0 0 0)
(0 0 0)
(0 0 0)
(0 0 0)
(0 0 0)
(0 0 0)
(0 0 0)
(0 0 0)
(0 0 0)
(0 0 0)
(0 0 0)
(0 0 0)
(0 0 0)
(0 0 0)
(0 0 0)
(0 0 0)
(0 0 0)
(0 0 0)
(0 0 0)
(0 0 0)
(0 0 0)
(0 0 0)
(0 0 0)
(0 0 0)
(0 0 0)
(0 0 0)
(0 0 0)
(0 0 0)
(0 0 0)
(0 0 0)
(0 0 0)
(0 0 0)
(0 0 0)
(0 0 0)
(0 0 0)
(0 0 0)
(0 0 0)
(0 0 0)
(0 0 0)
(0 0 0)
(0 0 0)
(0 0 0)
(0 0 0)
(0 0 0)
(0 0 0)
(0 0 0)
(0 0 0)
(0 0 0)
(0 0 0)
(0 0 0)
(0 0 0)
(0 0 0)
(0 0 0)
(0 0 0)
(0 0 0)
(0 0 0)
(0 0 0)
(0 0 0)
(0 0 0)
(0 0 0)
(0 0 0)
(0 0 0)
(0 0 0)
(0 0 0)
(0 0 0)
(0 0 0)
(0 0 0)
(0 0 0)
(0 0 0)
(0 0 0)
(0 0 0)
(0 0 0)
(0 0 0)
(0 0 0)
(0 0 0)
(0 0 0)
(0 0 0)
(0 0 0)
(0 0 0)
(0 0 0)
(0 0 0)
(0 0 0)
(0 0 0)
(0 0 0)
(0 0 0)
(0 0 0)
(0 0 0)
(0 0 0)
(0 0 0)
(0 0 0)
(0 0 0)
(0 0 0)
(0 0 0)
(0 0 0)
(0 0 0)
(0 0 0)
(0 0 0)
(0 0 0)
(0 0 0)
(0 0 0)
(0 0 0)
(0 0 0)
(0 0 0)
(0 0 0)
(0 0 0)
(0 0 0)
(0 0 0)
(0 0 0)
(0 0 0)
(0 0 0)
(0 0 0)
(0 0 0)
(0 0 0)
(0 0 0)
(0 0 0)
(0 0 0)
(0 0 0)
(0 0 0)
(0 0 0)
(0 0 0)
(0 0 0)
(0 0 0)
(0 0 0)
(0 0 0)
(0 0 0)
(0 0 0)
(0 0 0)
(0 0 0)
(0 0 0)
(0 0 0)
(0 0 0)
(0 0 0)
(0 0 0)
(0 0 0)
(0 0 0)
(0 0 0)
(0 0 0)
(0 0 0)
(0 0 0)
(0 0 0)
(0 0 0)
(0 0 0)
(0 0 0)
(0 0 0)
(0 0 0)
(0 0 0)
(0 0 0)
(0 0 0)
(0 0 0)
(0 0 0)
(0 0 0)
(0 0 0)
(0 0 0)
(0 0 0)
(0 0 0)
(0 0 0)
(0 0 0)
(0 0 0)
(0 0 0)
(0 0 0)
(0 0 0)
(0 0 0)
(0 0 0)
(0 0 0)
(0 0 0)
(0 0 0)
(0 0 0)
(0 0 0)
(0 0 0)
(0 0 0)
(0 0 0)
(0 0 0)
(2.31538e-06 -3.46243e-06 -1.18921e-05)
(2.82064e-06 -3.93283e-06 -1.32332e-05)
(4.26312e-06 2.78193e-06 -1.56565e-05)
(2.59103e-06 3.30215e-06 -1.6991e-05)
(1.56811e-06 2.30236e-06 -1.53548e-05)
(1.53814e-06 3.09124e-06 -9.32371e-06)
(1.95167e-06 -2.42065e-06 -1.21741e-05)
(2.25862e-06 -1.127e-06 -1.37021e-05)
(1.53026e-06 1.54061e-07 -1.68076e-05)
(9.24048e-07 6.19035e-07 -1.29127e-05)
(1.55436e-06 -2.30344e-07 -1.26115e-05)
(1.96283e-06 -6.66657e-07 -1.31276e-05)
(1.85993e-06 -1.07469e-06 -1.40783e-05)
(7.63203e-07 3.16669e-07 -1.34678e-05)
(4.99627e-07 9.88754e-07 -1.4453e-05)
(7.84043e-07 2.14593e-06 -1.22883e-05)
(4.97873e-07 5.82949e-07 -1.62818e-05)
(1.14017e-06 2.32174e-08 -1.37627e-05)
(2.9237e-07 6.22476e-07 -1.54681e-05)
(4.78774e-07 5.20515e-07 -1.36867e-05)
(3.46901e-07 -1.16911e-06 -1.22179e-05)
(-4.71932e-07 6.0012e-07 -1.08301e-05)
(8.17199e-08 5.0099e-07 -1.69818e-05)
(-3.06694e-07 -1.21807e-07 -1.36439e-05)
(-5.275e-07 -1.63082e-06 -1.47876e-05)
(2.99492e-06 -3.41968e-06 -2.69322e-05)
(4.78959e-06 1.12075e-06 -2.98078e-05)
(4.55644e-06 1.80597e-06 -3.10818e-05)
(3.30588e-06 4.32475e-06 -2.77257e-05)
(1.02853e-06 4.95078e-06 -2.57788e-05)
(5.41809e-07 2.43686e-06 -2.89334e-05)
(3.34114e-06 4.72555e-07 -3.36181e-05)
(3.21363e-06 2.19535e-06 -3.05332e-05)
(1.84432e-06 1.4899e-06 -2.77704e-05)
(4.43895e-07 2.49582e-06 -3.14915e-05)
(9.76567e-07 2.53972e-06 -2.21984e-05)
(3.64977e-06 -8.85828e-07 -3.43514e-05)
(5.12743e-06 -5.57663e-07 -3.01057e-05)
(3.7134e-06 1.15094e-06 -3.06801e-05)
(1.34266e-06 2.16407e-06 -2.86181e-05)
(3.56396e-07 2.12517e-06 -2.82408e-05)
(2.15266e-06 -3.08993e-06 -3.00605e-05)
(1.60867e-06 6.59732e-07 -3.01272e-05)
(1.31168e-06 1.87797e-06 -3.0048e-05)
(1.61406e-06 1.06981e-06 -2.58175e-05)
(-8.00702e-07 1.82912e-06 -2.3624e-05)
(-3.03085e-07 -1.83423e-06 -2.80091e-05)
(-8.67695e-07 2.41302e-06 -3.1242e-05)
(3.80503e-07 -7.0228e-07 -2.4414e-05)
(-1.02216e-06 -4.86679e-07 -2.81675e-05)
(1.76207e-06 4.58526e-06 -4.85341e-05)
(6.86812e-06 3.35345e-06 -4.65951e-05)
(5.36215e-06 1.14121e-06 -4.63902e-05)
(2.7227e-06 -1.4338e-06 -3.87753e-05)
(1.62431e-06 -5.77029e-07 -3.51098e-05)
(-7.37924e-07 7.169e-06 -4.85456e-05)
(7.93803e-07 3.28655e-06 -4.77123e-05)
(2.58575e-06 4.5563e-06 -4.0684e-05)
(2.62416e-06 2.94825e-06 -4.23246e-05)
(2.24465e-06 2.32704e-06 -3.97501e-05)
(3.28475e-06 2.25243e-06 -4.66037e-05)
(8.73188e-07 -6.42672e-07 -4.93514e-05)
(2.20101e-06 2.76806e-06 -4.8579e-05)
(5.90117e-07 3.06762e-06 -4.49466e-05)
(-1.06245e-06 3.11838e-06 -4.26193e-05)
(4.8342e-06 -2.86189e-08 -5.27516e-05)
(-2.13229e-07 -5.52941e-07 -5.02664e-05)
(-5.94508e-07 3.27117e-06 -4.72772e-05)
(-1.29984e-06 2.29079e-06 -4.66989e-05)
(-1.54453e-06 1.50078e-06 -4.23415e-05)
(7.93045e-07 4.7668e-07 -5.40882e-05)
(-8.53031e-07 1.4653e-06 -4.78411e-05)
(-1.65535e-06 2.93262e-06 -4.48201e-05)
(-2.21552e-07 1.58807e-07 -4.64215e-05)
(-7.08727e-07 1.58932e-06 -3.93156e-05)
(-4.05801e-07 -3.91075e-07 -7.05942e-05)
(3.56526e-06 9.09081e-07 -6.34967e-05)
(4.03087e-06 1.57145e-06 -6.57748e-05)
(3.99013e-06 1.48755e-07 -6.34343e-05)
(2.59648e-06 1.49383e-06 -6.46771e-05)
(-3.56363e-06 1.76395e-06 -7.30925e-05)
(-2.94798e-07 2.38999e-06 -6.76023e-05)
(9.94471e-07 3.08075e-06 -6.00873e-05)
(4.83911e-06 1.66297e-06 -6.1894e-05)
(3.60641e-06 1.64967e-06 -6.5939e-05)
(-2.31085e-06 2.1044e-06 -6.37892e-05)
(-1.10392e-06 1.45376e-06 -6.92974e-05)
(4.95438e-07 8.97968e-07 -6.33942e-05)
(-5.31811e-07 3.39848e-06 -6.10558e-05)
(-2.51132e-06 7.43254e-06 -6.27932e-05)
(9.63571e-07 8.9147e-07 -6.51326e-05)
(-1.04904e-06 1.54935e-06 -6.46602e-05)
(-1.38368e-06 2.57115e-06 -6.47027e-05)
(-1.75734e-06 3.62251e-06 -6.42485e-05)
(-3.63206e-06 3.96965e-06 -6.51608e-05)
(-1.12046e-06 -2.2302e-06 -6.86719e-05)
(-1.93776e-06 4.23043e-07 -6.49014e-05)
(-1.43057e-06 2.04528e-06 -6.26393e-05)
(-1.29224e-06 3.21888e-06 -6.29358e-05)
(-3.12813e-06 3.93861e-06 -6.90419e-05)
(-4.53875e-06 -4.56977e-06 -8.99186e-05)
(-8.07487e-06 6.31703e-06 -7.49837e-05)
(6.22869e-06 1.37107e-06 -8.02494e-05)
(4.26007e-06 3.15604e-06 -8.31927e-05)
(3.37238e-06 2.83818e-07 -8.2736e-05)
(-4.55085e-06 -4.71608e-06 -9.00415e-05)
(2.41728e-07 2.41963e-06 -8.29983e-05)
(4.34931e-06 3.84433e-07 -8.64372e-05)
(2.17106e-06 1.71891e-06 -8.22492e-05)
(-2.1036e-06 3.28914e-06 -8.49164e-05)
(1.39132e-06 -5.44908e-06 -8.63093e-05)
(1.80317e-06 9.48774e-07 -8.42716e-05)
(1.49598e-06 -2.31549e-06 -8.2432e-05)
(-2.69591e-06 1.93722e-06 -8.08996e-05)
(-4.84353e-06 5.45262e-06 -7.58351e-05)
(1.75458e-06 -1.64006e-06 -8.52673e-05)
(2.39783e-07 1.14869e-06 -8.06855e-05)
(-7.40267e-07 1.18484e-06 -7.95342e-05)
(-3.32245e-06 1.61636e-06 -7.75781e-05)
(-4.28522e-06 2.65028e-06 -7.68381e-05)
(-3.86263e-07 -4.50877e-07 -8.087e-05)
(-2.21717e-07 4.92408e-07 -8.01338e-05)
(4.85688e-07 1.15666e-06 -7.78232e-05)
(5.61751e-07 4.86641e-06 -8.28682e-05)
(-3.13359e-06 4.3639e-06 -7.87425e-05)
(-1.93555e-06 -4.71325e-06 -0.000100012)
(2.63795e-06 -4.69985e-06 -0.000106274)
(6.54212e-06 1.42467e-06 -9.88742e-05)
(3.64458e-06 1.69037e-06 -9.50512e-05)
(3.44684e-06 2.727e-06 -9.20704e-05)
(-3.46934e-07 -7.30407e-06 -0.000101959)
(4.56083e-07 -4.45922e-06 -0.000103159)
(2.43081e-06 -1.90084e-06 -9.86344e-05)
(1.98399e-06 2.48713e-07 -9.52714e-05)
(6.14359e-07 1.17962e-06 -9.53432e-05)
(1.8144e-06 -1.01153e-05 -0.000100105)
(1.06177e-06 -3.93733e-06 -9.84782e-05)
(-9.54201e-08 -2.54156e-06 -9.52735e-05)
(-1.77941e-06 -2.33387e-06 -9.57307e-05)
(-3.72999e-06 -3.14458e-07 -9.59007e-05)
(2.05419e-06 -6.24169e-06 -0.000100693)
(6.90876e-07 -2.48758e-06 -9.48892e-05)
(-3.55077e-06 -4.25751e-06 -9.23236e-05)
(-4.77631e-06 -1.90547e-06 -9.01594e-05)
(-6.08002e-06 3.80992e-07 -9.24216e-05)
(-6.24187e-07 -4.27914e-06 -9.62146e-05)
(1.37821e-06 -3.38161e-06 -9.9965e-05)
(6.38771e-07 -2.71912e-06 -9.39888e-05)
(-1.84148e-06 3.67342e-08 -9.61233e-05)
(-3.12673e-06 5.78505e-06 -9.58295e-05)
(1.09748e-05 -5.09417e-06 -0.000109407)
(3.6083e-06 -3.89406e-06 -0.00011231)
(4.16977e-06 -4.4212e-07 -0.000110517)
(2.72196e-06 1.76566e-06 -0.000108119)
(3.76081e-06 1.98159e-07 -0.000105694)
(1.42624e-06 -1.65088e-05 -0.000108867)
(2.23293e-06 -8.71007e-06 -0.000112244)
(2.56629e-06 -4.32162e-06 -0.000110128)
(-2.31628e-07 -1.88912e-06 -0.000105213)
(1.64532e-06 -2.8446e-06 -0.000105658)
(8.95518e-07 -1.01557e-05 -0.000109763)
(1.44777e-06 -7.88462e-06 -0.000108931)
(6.32956e-07 -5.50613e-06 -0.000110005)
(-5.01104e-06 -2.58285e-06 -0.000106225)
(-5.20279e-06 -5.49471e-06 -0.000105541)
(-1.43108e-06 -9.22889e-06 -0.000118536)
(-1.37652e-07 -5.5651e-06 -0.00011432)
(-2.97652e-06 -4.34577e-06 -0.000111448)
(-5.34859e-06 -3.09337e-06 -0.000111069)
(-7.5362e-06 -2.43387e-07 -0.000106802)
(-2.71693e-06 -7.46461e-06 -0.000118208)
(-7.55435e-07 -4.09723e-06 -0.000111721)
(-3.0846e-06 -5.58799e-06 -0.000111908)
(-3.49182e-06 -2.66564e-06 -0.000108819)
(-2.52244e-06 2.27881e-06 -0.000110806)
(6.70284e-06 -9.4053e-06 -0.000123265)
(4.77074e-06 -5.94588e-06 -0.000126066)
(1.76936e-06 -4.21269e-06 -0.000122928)
(2.23643e-06 -5.09769e-07 -0.000117237)
(3.63344e-06 -8.34556e-06 -0.000119297)
(1.33716e-06 -1.17628e-05 -0.000128906)
(2.41419e-06 -8.98576e-06 -0.000124916)
(1.94471e-06 -5.54998e-06 -0.000120433)
(-2.85374e-06 -1.45335e-06 -0.000114194)
(1.80053e-06 -9.06804e-06 -0.00011586)
(-7.09049e-07 -1.31282e-05 -0.000129011)
(3.69495e-07 -9.78381e-06 -0.000125928)
(-2.07822e-06 -7.1857e-06 -0.000126908)
(-5.25616e-06 -3.00227e-06 -0.000119207)
(-2.04602e-06 -8.35224e-06 -0.000112609)
(-1.49636e-06 -1.12795e-05 -0.000130109)
(-2.40614e-06 -9.00899e-06 -0.000128179)
(-4.46697e-06 -4.08717e-06 -0.000125968)
(-8.48407e-06 -3.19276e-06 -0.000127472)
(-7.40402e-06 -7.0524e-06 -0.00012159)
(-4.39904e-06 -1.16024e-05 -0.000133534)
(-3.03838e-06 -6.84527e-06 -0.000128091)
(-5.06365e-06 -3.92945e-06 -0.000124063)
(-6.01256e-06 -5.73397e-06 -0.00012902)
(-5.74661e-06 -1.96202e-06 -0.000126108)
(4.14503e-08 -1.42067e-05 -0.000139683)
(1.84714e-06 -6.80815e-06 -0.000132314)
(-1.26115e-07 -4.8897e-06 -0.000130846)
(4.34375e-06 -7.67085e-07 -0.000133014)
(2.44035e-06 -4.37255e-06 -0.000122345)
(-1.78932e-06 -6.53746e-06 -0.000143776)
(-1.1848e-06 -7.07771e-06 -0.000135029)
(-5.73246e-06 -9.60291e-06 -0.00012515)
(-1.33314e-06 -3.55804e-06 -0.000127207)
(1.69279e-06 -5.80061e-07 -0.000132633)
(8.62837e-08 -6.34317e-06 -0.000147236)
(1.57594e-06 -7.78152e-06 -0.000138653)
(1.33026e-07 -5.96083e-06 -0.000134532)
(1.23876e-06 7.57407e-07 -0.000139076)
(3.80152e-06 1.15209e-06 -0.000140184)
(2.19806e-06 -9.7132e-06 -0.000143329)
(3.18641e-07 -8.69171e-06 -0.000143613)
(-1.67939e-06 -6.10714e-06 -0.000141139)
(-6.47043e-06 -1.06142e-06 -0.000143526)
(-8.22328e-07 -4.43529e-07 -0.000132324)
(-1.55601e-06 -1.12228e-05 -0.000148428)
(3.22979e-06 -7.13329e-06 -0.000144818)
(-1.43479e-06 -3.35467e-06 -0.000148621)
(-8.7663e-06 -3.43831e-06 -0.000144703)
(-9.49829e-06 -2.64815e-06 -0.000135671)
(6.36111e-07 -1.00978e-05 -0.00015216)
(9.44759e-07 6.05012e-06 -0.00015818)
(4.41746e-06 9.80522e-08 -0.000161897)
(5.98862e-06 5.6984e-07 -0.00014857)
(2.22246e-06 -1.65731e-06 -0.000133986)
(1.63668e-06 6.58738e-07 -0.000156104)
(7.39143e-06 2.76024e-06 -0.000157116)
(4.09623e-06 -2.76488e-06 -0.00014686)
(5.68581e-06 3.3429e-06 -0.000147033)
(1.82529e-06 2.17395e-06 -0.000141974)
(-3.14664e-07 -1.29584e-06 -0.000155933)
(4.14388e-06 -5.25414e-07 -0.000152185)
(5.36488e-06 -7.05985e-07 -0.000147762)
(1.11488e-05 8.76098e-06 -0.000154096)
(2.09765e-06 3.89421e-06 -0.000149939)
(5.34204e-08 -4.99446e-06 -0.000159499)
(-1.14682e-06 -3.22726e-06 -0.000155434)
(8.14254e-09 -2.88517e-06 -0.000148523)
(1.93336e-06 3.44526e-06 -0.000154866)
(-2.75111e-06 5.50605e-06 -0.000151013)
(-6.68192e-08 -1.08449e-05 -0.000157697)
(1.24974e-06 -8.3093e-06 -0.000152695)
(-5.06559e-07 -4.77306e-06 -0.000154929)
(-3.12805e-07 2.31018e-06 -0.000160476)
(-1.57508e-06 2.77956e-06 -0.000158187)
(9.05404e-06 2.06133e-05 -0.000162384)
(-2.28634e-06 7.80939e-06 -0.000183688)
(2.11405e-07 -1.21754e-06 -0.000165826)
(-4.81006e-06 4.9028e-06 -0.000159252)
(-1.06742e-05 -1.06243e-05 -0.00014664)
(1.06442e-05 9.89013e-06 -0.000164969)
(1.5715e-05 6.30245e-06 -0.000173471)
(5.43154e-06 -8.31311e-06 -0.000163087)
(-4.69806e-06 -6.62265e-06 -0.000142662)
(-7.31217e-06 4.48966e-06 -0.000143709)
(1.27892e-06 4.48895e-06 -0.000164187)
(5.91277e-06 3.30027e-06 -0.000169421)
(4.84896e-06 7.73472e-06 -0.000171004)
(2.7258e-06 9.61598e-06 -0.000160993)
(1.88578e-06 1.1145e-05 -0.000152767)
(1.76959e-06 -5.38453e-06 -0.000165968)
(2.74915e-06 1.84516e-06 -0.000168322)
(3.05088e-06 6.72798e-06 -0.000165887)
(5.5336e-06 7.86921e-06 -0.000159045)
(2.27711e-06 9.12413e-06 -0.000161977)
(7.57459e-07 -1.01893e-05 -0.000167523)
(-3.51419e-06 -3.36231e-07 -0.000164531)
(-3.18887e-06 4.44311e-06 -0.000168819)
(-1.24758e-07 7.83246e-06 -0.000165479)
(1.13462e-06 1.10858e-05 -0.000171123)
(8.89652e-06 1.25936e-05 -0.000165605)
(-1.73629e-06 -5.53483e-06 -0.000185994)
(-1.94803e-05 9.24189e-06 -0.000175702)
(-3.73954e-05 3.44326e-05 -0.000157728)
(-1.07203e-05 -9.93036e-06 -0.000147554)
(2.39262e-05 2.48777e-05 -0.000174374)
(-6.05287e-06 -7.24723e-06 -0.000188365)
(-1.35239e-05 -1.2337e-05 -0.000176724)
(-4.71227e-05 4.90211e-06 -0.000161015)
(-2.14623e-06 1.16213e-05 -0.000149478)
(1.29406e-06 5.30708e-06 -0.000166168)
(3.07126e-06 1.48173e-06 -0.000180593)
(6.00925e-06 5.69014e-06 -0.000179937)
(-2.15913e-06 1.54548e-05 -0.000159164)
(1.89268e-05 2.7714e-05 -0.000165536)
(4.82662e-06 -1.58651e-06 -0.000172707)
(2.49271e-06 1.03718e-06 -0.000174379)
(8.28672e-07 1.06317e-05 -0.0001727)
(5.66472e-06 1.67784e-05 -0.000162264)
(3.06126e-06 1.18205e-05 -0.000164684)
(6.23569e-06 -8.77883e-06 -0.000174855)
(-1.74544e-06 -7.16705e-06 -0.000170113)
(-6.66833e-06 1.00855e-05 -0.000174841)
(-2.33386e-06 1.58317e-05 -0.000173664)
(4.6029e-06 3.40227e-05 -0.00017715)
(0 0 0)
(0 0 0)
(0 0 0)
(0 0 0)
(0 0 0)
(0 0 0)
(-3.68864e-05 -3.39657e-05 -0.000199279)
(-3.68864e-05 -3.39657e-05 -0.000199279)
(0 0 0)
(0 0 0)
(0 0 0)
(0 0 0)
(9.86486e-06 4.33534e-06 -0.00018299)
(0 0 0)
(0 0 0)
(0 0 0)
(0 0 0)
(0 0 0)
(0 0 0)
(0 0 0)
(0 0 0)
(-2.26627e-06 -8.54521e-06 -0.000169898)
(-6.78519e-06 1.13984e-05 -0.00017528)
(0 0 0)
(0 0 0)
(0 0 0)
(0 0 0)
(0 0 0)
(0 0 0)
(0 0 0)
(0 0 0)
(0 0 0)
(0 0 0)
(0 0 0)
(0 0 0)
(0 0 0)
(0 0 0)
(0 0 0)
(0 0 0)
(0 0 0)
(0 0 0)
(0 0 0)
(0 0 0)
(0 0 0)
(0 0 0)
(0 0 0)
(0 0 0)
(0 0 0)
(0 0 0)
(0 0 0)
(0 0 0)
(0 0 0)
(0 0 0)
(0 0 0)
(0 0 0)
(0 0 0)
(0 0 0)
(0 0 0)
(0 0 0)
(0 0 0)
(0 0 0)
(0 0 0)
(0 0 0)
(0 0 0)
(0 0 0)
(0 0 0)
(0 0 0)
(0 0 0)
(0 0 0)
(0 0 0)
(0 0 0)
(0 0 0)
(0 0 0)
(0 0 0)
(0 0 0)
(0 0 0)
(0 0 0)
(0 0 0)
(0 0 0)
(0 0 0)
(0 0 0)
(0 0 0)
(0 0 0)
(0 0 0)
(0 0 0)
(0 0 0)
(0 0 0)
(0 0 0)
(0 0 0)
(0 0 0)
(0 0 0)
(0 0 0)
(0 0 0)
(0 0 0)
(0 0 0)
(0 0 0)
(0 0 0)
(0 0 0)
(0 0 0)
(0 0 0)
(0 0 0)
(0 0 0)
(0 0 0)
(0 0 0)
(0 0 0)
(0 0 0)
(0 0 0)
(0 0 0)
(0 0 0)
(0 0 0)
(0 0 0)
(0 0 0)
(0 0 0)
(0 0 0)
(0 0 0)
(0 0 0)
(0 0 0)
(0 0 0)
(0 0 0)
(0 0 0)
(0 0 0)
(0 0 0)
(0 0 0)
(0 0 0)
(0 0 0)
(0 0 0)
(0 0 0)
(0 0 0)
(0 0 0)
(0 0 0)
(0 0 0)
(0 0 0)
(0 0 0)
(0 0 0)
(0 0 0)
(0 0 0)
(0 0 0)
(0 0 0)
(0 0 0)
(0 0 0)
(0 0 0)
(0 0 0)
(0 0 0)
(0 0 0)
(0 0 0)
(0 0 0)
(0 0 0)
(0 0 0)
(0 0 0)
(0 0 0)
(0 0 0)
(0 0 0)
(0 0 0)
(0 0 0)
(0 0 0)
(0 0 0)
(0 0 0)
(0 0 0)
(0 0 0)
(0 0 0)
(0 0 0)
(0 0 0)
(0 0 0)
(0 0 0)
(0 0 0)
(0 0 0)
(0 0 0)
(0 0 0)
(0 0 0)
(0 0 0)
(0 0 0)
(0 0 0)
(0 0 0)
(0 0 0)
(0 0 0)
(0 0 0)
(0 0 0)
(0 0 0)
(0 0 0)
(0 0 0)
(0 0 0)
(0 0 0)
(0 0 0)
(0 0 0)
(0 0 0)
(0 0 0)
(0 0 0)
(0 0 0)
(0 0 0)
(0 0 0)
(0 0 0)
(0 0 0)
(0 0 0)
(0 0 0)
(0 0 0)
(0 0 0)
(0 0 0)
(0 0 0)
(0 0 0)
(0 0 0)
(0 0 0)
(0 0 0)
(0 0 0)
(0 0 0)
(0 0 0)
(0 0 0)
(0 0 0)
(0 0 0)
(0 0 0)
(0 0 0)
(0 0 0)
(0 0 0)
(0 0 0)
(0 0 0)
(0 0 0)
(0 0 0)
(0 0 0)
(0 0 0)
(0 0 0)
(0 0 0)
(0 0 0)
(0 0 0)
(0 0 0)
(0 0 0)
(0 0 0)
(0 0 0)
(0 0 0)
(0 0 0)
(0 0 0)
(0 0 0)
(0 0 0)
(0 0 0)
(0 0 0)
(0 0 0)
(0 0 0)
(0 0 0)
(0 0 0)
(0 0 0)
(0 0 0)
(0 0 0)
(0 0 0)
(0 0 0)
(0 0 0)
(0 0 0)
(0 0 0)
(0 0 0)
(0 0 0)
(0 0 0)
(0 0 0)
(0 0 0)
(0 0 0)
(0 0 0)
(0 0 0)
(0 0 0)
(0 0 0)
(0 0 0)
(0 0 0)
(0 0 0)
(0 0 0)
(0 0 0)
(0 0 0)
(0 0 0)
(0 0 0)
(0 0 0)
(0 0 0)
(0 0 0)
(0 0 0)
(0 0 0)
(0 0 0)
(0 0 0)
(0 0 0)
(0 0 0)
(0 0 0)
(0 0 0)
(0 0 0)
(0 0 0)
(0 0 0)
(0 0 0)
(0 0 0)
(0 0 0)
(0 0 0)
(0 0 0)
(0 0 0)
(0 0 0)
(0 0 0)
(0 0 0)
(0 0 0)
(0 0 0)
(0 0 0)
(0 0 0)
(0 0 0)
(0 0 0)
(0 0 0)
(0 0 0)
(0 0 0)
(0 0 0)
(0 0 0)
(0 0 0)
(0 0 0)
(0 0 0)
(0 0 0)
(0 0 0)
(0 0 0)
(0 0 0)
(0 0 0)
(0 0 0)
(0 0 0)
(0 0 0)
(0 0 0)
(0 0 0)
(0 0 0)
(0 0 0)
(0 0 0)
(0 0 0)
(0 0 0)
(0 0 0)
(0 0 0)
(0 0 0)
(0 0 0)
(0 0 0)
(0 0 0)
(0 0 0)
(0 0 0)
(0 0 0)
(0 0 0)
(0 0 0)
(0 0 0)
(0 0 0)
(0 0 0)
(0 0 0)
(0 0 0)
(0 0 0)
(0 0 0)
(0 0 0)
(0 0 0)
(0 0 0)
(0 0 0)
(0 0 0)
(0 0 0)
(0 0 0)
(0 0 0)
(0 0 0)
(0 0 0)
(0 0 0)
(0 0 0)
(0 0 0)
(0 0 0)
(0 0 0)
(0 0 0)
(0 0 0)
(0 0 0)
(0 0 0)
(0 0 0)
(0 0 0)
(0 0 0)
(0 0 0)
(0 0 0)
(0 0 0)
(0 0 0)
(0 0 0)
(0 0 0)
(0 0 0)
(0 0 0)
(0 0 0)
(0 0 0)
(0 0 0)
(0 0 0)
(0 0 0)
(0 0 0)
(0 0 0)
(0 0 0)
(0 0 0)
(0 0 0)
(0 0 0)
(0 0 0)
(0 0 0)
(0 0 0)
(0 0 0)
(0 0 0)
(0 0 0)
(0 0 0)
(0 0 0)
(0 0 0)
(0 0 0)
(0 0 0)
(0 0 0)
(0 0 0)
(0 0 0)
(0 0 0)
(0 0 0)
(0 0 0)
(0 0 0)
(0 0 0)
(0 0 0)
(0 0 0)
(0 0 0)
(0 0 0)
(0 0 0)
(0 0 0)
(0 0 0)
(0 0 0)
(0 0 0)
(0 0 0)
(0 0 0)
(0 0 0)
(0 0 0)
(0 0 0)
(0 0 0)
(0 0 0)
(0 0 0)
(0 0 0)
(0 0 0)
(0 0 0)
(0 0 0)
(0 0 0)
(0 0 0)
(0 0 0)
(0 0 0)
(0 0 0)
(0 0 0)
(0 0 0)
(0 0 0)
(0 0 0)
(0 0 0)
(0 0 0)
(0 0 0)
(0 0 0)
(0 0 0)
(0 0 0)
(0 0 0)
(0 0 0)
(0 0 0)
(0 0 0)
(0 0 0)
(0 0 0)
(0 0 0)
(0 0 0)
(0 0 0)
(0 0 0)
(0 0 0)
(0 0 0)
(0 0 0)
(0 0 0)
(0 0 0)
(0 0 0)
(0 0 0)
(0 0 0)
(0 0 0)
(0 0 0)
(0 0 0)
(0 0 0)
(0 0 0)
(0 0 0)
(0 0 0)
(0 0 0)
(0 0 0)
(0 0 0)
(0 0 0)
(0 0 0)
(0 0 0)
(0 0 0)
(0 0 0)
(0 0 0)
(0 0 0)
(0 0 0)
(0 0 0)
(0 0 0)
(0 0 0)
(0 0 0)
(0 0 0)
(0 0 0)
(0 0 0)
(0 0 0)
(0 0 0)
(0 0 0)
(0 0 0)
(0 0 0)
(0 0 0)
(0 0 0)
(0 0 0)
(0 0 0)
(0 0 0)
(0 0 0)
(0 0 0)
(0 0 0)
(0 0 0)
(0 0 0)
(0 0 0)
(0 0 0)
(0 0 0)
(0 0 0)
(0 0 0)
(0 0 0)
(0 0 0)
(0 0 0)
(0 0 0)
(0 0 0)
(0 0 0)
(0 0 0)
(0 0 0)
(0 0 0)
(0 0 0)
(0 0 0)
(0 0 0)
(0 0 0)
(0 0 0)
(0 0 0)
(0 0 0)
(0 0 0)
(0 0 0)
(0 0 0)
(0 0 0)
(0 0 0)
(0 0 0)
(0 0 0)
(0 0 0)
(0 0 0)
(0 0 0)
(0 0 0)
(0 0 0)
(0 0 0)
(0 0 0)
(0 0 0)
(0 0 0)
(0 0 0)
(0 0 0)
(0 0 0)
(0 0 0)
(0 0 0)
(0 0 0)
(0 0 0)
(0 0 0)
(0 0 0)
(0 0 0)
(0 0 0)
(0 0 0)
(0 0 0)
(0 0 0)
(0 0 0)
(0 0 0)
(0 0 0)
(0 0 0)
(0 0 0)
(0 0 0)
(0 0 0)
(0 0 0)
(0 0 0)
(0 0 0)
(0 0 0)
(0 0 0)
(0 0 0)
(0 0 0)
(0 0 0)
(0 0 0)
(0 0 0)
(0 0 0)
(0 0 0)
(0 0 0)
(0 0 0)
(0 0 0)
(0 0 0)
(0 0 0)
(0 0 0)
(0 0 0)
(0 0 0)
(0 0 0)
(0 0 0)
(0 0 0)
(0 0 0)
(0 0 0)
(0 0 0)
(0 0 0)
(0 0 0)
(0 0 0)
(0 0 0)
(0 0 0)
(0 0 0)
(0 0 0)
(0 0 0)
(0 0 0)
(0 0 0)
(0 0 0)
(0 0 0)
(0 0 0)
(0 0 0)
(0 0 0)
(0 0 0)
(0 0 0)
(0 0 0)
(0 0 0)
(0 0 0)
(0 0 0)
(0 0 0)
(0 0 0)
(0 0 0)
(0 0 0)
(0 0 0)
(0 0 0)
(0 0 0)
(0 0 0)
(0 0 0)
(0 0 0)
(0 0 0)
(0 0 0)
(0 0 0)
(0 0 0)
(0 0 0)
(0 0 0)
(0 0 0)
(0 0 0)
(0 0 0)
(0 0 0)
(0 0 0)
(0 0 0)
(0 0 0)
(0 0 0)
(0 0 0)
(0 0 0)
(0 0 0)
(0 0 0)
(0 0 0)
(0 0 0)
(0 0 0)
(0 0 0)
(0 0 0)
(0 0 0)
(0 0 0)
(0 0 0)
(0 0 0)
(0 0 0)
(0 0 0)
(0 0 0)
(0 0 0)
(0 0 0)
(0 0 0)
(0 0 0)
(0 0 0)
(0 0 0)
(0 0 0)
(0 0 0)
(0 0 0)
(0 0 0)
(0 0 0)
(0 0 0)
(0 0 0)
(0 0 0)
(0 0 0)
(0 0 0)
(0 0 0)
(0 0 0)
(0 0 0)
(0 0 0)
(0 0 0)
(0 0 0)
(0 0 0)
(0 0 0)
(0 0 0)
(0 0 0)
(0 0 0)
(0 0 0)
(0 0 0)
(0 0 0)
(0 0 0)
(0 0 0)
(0 0 0)
(0 0 0)
(0 0 0)
(0 0 0)
(0 0 0)
(0 0 0)
(0 0 0)
(0 0 0)
(0 0 0)
(0 0 0)
(0 0 0)
(0 0 0)
(0 0 0)
(0 0 0)
(0 0 0)
(0 0 0)
(0 0 0)
(0 0 0)
(0 0 0)
(0 0 0)
(0 0 0)
(0 0 0)
(0 0 0)
(0 0 0)
(0 0 0)
(0 0 0)
(0 0 0)
(0 0 0)
(0 0 0)
(0 0 0)
(0 0 0)
(0 0 0)
(0 0 0)
(0 0 0)
(0 0 0)
(0 0 0)
(0 0 0)
(0 0 0)
(0 0 0)
(0 0 0)
(0 0 0)
(0 0 0)
(0 0 0)
(0 0 0)
(0 0 0)
(0 0 0)
(0 0 0)
(0 0 0)
(0 0 0)
(0 0 0)
(0 0 0)
(0 0 0)
(0 0 0)
(0 0 0)
(0 0 0)
(0 0 0)
(0 0 0)
(0 0 0)
(0 0 0)
(0 0 0)
(0 0 0)
(0 0 0)
(0 0 0)
(0 0 0)
(0 0 0)
(0 0 0)
(0 0 0)
(0 0 0)
(0 0 0)
(0 0 0)
(0 0 0)
(0 0 0)
(0 0 0)
(0 0 0)
(0 0 0)
(0 0 0)
(0 0 0)
(0 0 0)
(0 0 0)
(0 0 0)
(0 0 0)
(0 0 0)
(0 0 0)
(0 0 0)
(0 0 0)
(0 0 0)
(0 0 0)
(0 0 0)
(0 0 0)
(0 0 0)
(0 0 0)
(0 0 0)
(0 0 0)
(0 0 0)
(0 0 0)
(0 0 0)
(0 0 0)
(0 0 0)
(0 0 0)
(0 0 0)
(0 0 0)
(0 0 0)
(0 0 0)
(0 0 0)
(0 0 0)
(0 0 0)
(0 0 0)
(0 0 0)
(0 0 0)
(0 0 0)
(0 0 0)
(0 0 0)
(0 0 0)
(0 0 0)
(0 0 0)
(0 0 0)
(0 0 0)
(0 0 0)
(0 0 0)
(0 0 0)
(0 0 0)
(0 0 0)
(0 0 0)
(0 0 0)
(0 0 0)
(0 0 0)
(0 0 0)
(0 0 0)
(0 0 0)
(0 0 0)
(0 0 0)
(0 0 0)
(0 0 0)
(0 0 0)
(0 0 0)
(0 0 0)
(0 0 0)
(0 0 0)
(0 0 0)
(0 0 0)
(0 0 0)
(0 0 0)
(0 0 0)
(0 0 0)
(0 0 0)
(0 0 0)
(0 0 0)
(0 0 0)
(0 0 0)
(0 0 0)
(0 0 0)
(0 0 0)
(0 0 0)
(0 0 0)
(0 0 0)
(0 0 0)
(0 0 0)
(0 0 0)
(0 0 0)
(0 0 0)
(0 0 0)
(0 0 0)
(0 0 0)
(0 0 0)
(0 0 0)
(0 0 0)
(0 0 0)
(0 0 0)
(0 0 0)
(0 0 0)
(0 0 0)
(0 0 0)
(0 0 0)
(0 0 0)
(0 0 0)
(0 0 0)
(0 0 0)
(0 0 0)
(0 0 0)
(0 0 0)
(0 0 0)
(0 0 0)
(0 0 0)
(0 0 0)
(0 0 0)
(0 0 0)
(0 0 0)
(0 0 0)
(0 0 0)
(0 0 0)
(0 0 0)
(0 0 0)
(0 0 0)
(0 0 0)
(0 0 0)
(0 0 0)
(0 0 0)
(0 0 0)
(0 0 0)
(0 0 0)
(0 0 0)
(0 0 0)
(0 0 0)
(0 0 0)
(0 0 0)
(0 0 0)
(0 0 0)
(0 0 0)
(0 0 0)
(0 0 0)
(0 0 0)
(0 0 0)
(0 0 0)
(0 0 0)
(0 0 0)
(0 0 0)
(0 0 0)
(0 0 0)
(0 0 0)
(0 0 0)
(0 0 0)
(0 0 0)
(0 0 0)
(0 0 0)
(0 0 0)
(0 0 0)
(0 0 0)
(0 0 0)
(0 0 0)
(0 0 0)
(0 0 0)
(0 0 0)
(0 0 0)
(0 0 0)
(0 0 0)
(0 0 0)
(0 0 0)
(0 0 0)
(0 0 0)
(0 0 0)
(0 0 0)
(0 0 0)
(0 0 0)
(0 0 0)
(0 0 0)
(0 0 0)
(0 0 0)
(0 0 0)
(0 0 0)
(0 0 0)
(0 0 0)
(0 0 0)
(0 0 0)
(0 0 0)
(0 0 0)
(0 0 0)
(0 0 0)
(0 0 0)
(0 0 0)
(0 0 0)
(0 0 0)
(0 0 0)
(0 0 0)
(0 0 0)
(0 0 0)
(0 0 0)
(0 0 0)
(0 0 0)
(0 0 0)
(0 0 0)
(0 0 0)
(0 0 0)
(0 0 0)
(0 0 0)
(0 0 0)
(0 0 0)
(0 0 0)
(0 0 0)
(0 0 0)
(0 0 0)
(0 0 0)
(0 0 0)
(0 0 0)
(0 0 0)
(0 0 0)
(0 0 0)
)
;

boundaryField
{
    inlet
    {
        type            fixedValue;
        value           uniform (0 0 0);
    }
    outlet
    {
        type            fixedValue;
        value           uniform (0 0 0);
    }
    repeat_boundary
    {
        type            fixedValue;
        value           uniform (0 0 0);
    }
    procBoundary1to0
    {
        type            processor;
        value           nonuniform List<vector> 
450
(
(0 0 0)
(0 0 0)
(0 0 0)
(0 0 0)
(0 0 0)
(0 0 0)
(0 0 0)
(0 0 0)
(0 0 0)
(0 0 0)
(0 0 0)
(0 0 0)
(0 0 0)
(0 0 0)
(0 0 0)
(0 0 0)
(0 0 0)
(0 0 0)
(0 0 0)
(0 0 0)
(0 0 0)
(0 0 0)
(0 0 0)
(0 0 0)
(0 0 0)
(0 0 0)
(0 0 0)
(0 0 0)
(0 0 0)
(0 0 0)
(0 0 0)
(0 0 0)
(0 0 0)
(0 0 0)
(0 0 0)
(0 0 0)
(0 0 0)
(0 0 0)
(0 0 0)
(0 0 0)
(0 0 0)
(0 0 0)
(0 0 0)
(0 0 0)
(0 0 0)
(0 0 0)
(0 0 0)
(0 0 0)
(0 0 0)
(0 0 0)
(0 0 0)
(0 0 0)
(0 0 0)
(0 0 0)
(0 0 0)
(0 0 0)
(0 0 0)
(0 0 0)
(0 0 0)
(0 0 0)
(0 0 0)
(0 0 0)
(0 0 0)
(0 0 0)
(0 0 0)
(0 0 0)
(0 0 0)
(0 0 0)
(0 0 0)
(0 0 0)
(0 0 0)
(0 0 0)
(0 0 0)
(0 0 0)
(0 0 0)
(0 0 0)
(0 0 0)
(0 0 0)
(0 0 0)
(0 0 0)
(0 0 0)
(0 0 0)
(0 0 0)
(0 0 0)
(0 0 0)
(0 0 0)
(0 0 0)
(0 0 0)
(0 0 0)
(0 0 0)
(0 0 0)
(0 0 0)
(0 0 0)
(0 0 0)
(0 0 0)
(0 0 0)
(0 0 0)
(0 0 0)
(0 0 0)
(0 0 0)
(0 0 0)
(0 0 0)
(0 0 0)
(0 0 0)
(0 0 0)
(0 0 0)
(0 0 0)
(0 0 0)
(0 0 0)
(0 0 0)
(0 0 0)
(0 0 0)
(0 0 0)
(0 0 0)
(0 0 0)
(0 0 0)
(0 0 0)
(0 0 0)
(0 0 0)
(0 0 0)
(0 0 0)
(0 0 0)
(0 0 0)
(0 0 0)
(0 0 0)
(0 0 0)
(0 0 0)
(0 0 0)
(0 0 0)
(0 0 0)
(0 0 0)
(0 0 0)
(0 0 0)
(0 0 0)
(0 0 0)
(0 0 0)
(0 0 0)
(0 0 0)
(0 0 0)
(0 0 0)
(0 0 0)
(0 0 0)
(0 0 0)
(0 0 0)
(0 0 0)
(0 0 0)
(0 0 0)
(0 0 0)
(0 0 0)
(0 0 0)
(0 0 0)
(0 0 0)
(0 0 0)
(0 0 0)
(0 0 0)
(0 0 0)
(0 0 0)
(0 0 0)
(0 0 0)
(0 0 0)
(0 0 0)
(0 0 0)
(0 0 0)
(0 0 0)
(0 0 0)
(0 0 0)
(0 0 0)
(0 0 0)
(0 0 0)
(0 0 0)
(0 0 0)
(0 0 0)
(0 0 0)
(0 0 0)
(0 0 0)
(0 0 0)
(0 0 0)
(0 0 0)
(0 0 0)
(0 0 0)
(0 0 0)
(0 0 0)
(0 0 0)
(0 0 0)
(0 0 0)
(0 0 0)
(0 0 0)
(0 0 0)
(0 0 0)
(0 0 0)
(0 0 0)
(0 0 0)
(0 0 0)
(0 0 0)
(0 0 0)
(0 0 0)
(0 0 0)
(0 0 0)
(0 0 0)
(0 0 0)
(4.38461e-06 -1.19856e-06 -1.22502e-05)
(3.68165e-07 2.40176e-06 -1.11313e-05)
(-6.81135e-07 2.49494e-06 -1.22532e-05)
(1.11113e-08 -1.78618e-06 -1.17254e-05)
(3.36753e-07 1.23521e-06 -2.04477e-05)
(1.59252e-06 3.5449e-06 -3.50158e-05)
(2.45762e-07 7.22899e-06 -3.18411e-05)
(1.80057e-07 6.22732e-06 -3.01403e-05)
(1.55173e-07 -4.48392e-07 -3.11398e-05)
(-7.23172e-07 1.07649e-06 -3.02866e-05)
(8.92233e-07 2.4633e-06 -4.63027e-05)
(-6.38422e-07 5.41848e-06 -5.20373e-05)
(2.914e-06 3.02095e-06 -4.96969e-05)
(-7.60432e-07 -3.35855e-07 -4.63395e-05)
(-1.52477e-06 -1.89161e-06 -4.77777e-05)
(4.8882e-07 3.60723e-06 -6.5896e-05)
(-2.08888e-06 1.84703e-06 -7.1885e-05)
(-9.23004e-07 1.45138e-06 -6.78087e-05)
(-2.26684e-06 1.40783e-06 -6.80929e-05)
(-1.56871e-06 -2.13524e-06 -6.32969e-05)
(5.05203e-06 -3.39092e-06 -8.40377e-05)
(-4.02184e-06 -2.46536e-06 -8.9141e-05)
(5.13531e-07 -3.9957e-06 -8.50132e-05)
(5.57714e-07 -5.53877e-06 -8.58277e-05)
(-2.22944e-06 -1.33736e-06 -7.87239e-05)
(2.12474e-07 -5.20578e-06 -9.92882e-05)
(-3.04844e-06 -1.40382e-06 -9.63653e-05)
(-2.23723e-06 -4.47178e-06 -0.000102016)
(-1.31745e-06 -6.35007e-06 -9.99438e-05)
(-7.45992e-07 -1.38453e-05 -9.79764e-05)
(-3.23923e-07 -8.03334e-06 -0.00010996)
(-1.37345e-06 -8.08437e-06 -0.000112989)
(-9.28119e-07 -9.70737e-06 -0.000113445)
(-1.24047e-06 -1.03999e-05 -0.000118111)
(-8.49729e-07 -1.20387e-05 -0.000116837)
(3.19441e-07 -1.29061e-05 -0.000130592)
(-2.98163e-06 -1.1931e-05 -0.000123085)
(-2.29262e-06 -1.04077e-05 -0.000123813)
(-1.37537e-06 -1.25488e-05 -0.000129237)
(-4.38869e-06 -1.60596e-05 -0.000135037)
(-6.923e-09 -9.60686e-06 -0.000143795)
(-3.33167e-08 -8.44355e-06 -0.000141111)
(-1.81173e-07 -8.1972e-06 -0.000140193)
(-1.47808e-06 -8.17496e-06 -0.000140525)
(-7.23181e-07 -7.65571e-06 -0.000147944)
(1.35913e-05 -7.74856e-06 -0.000151656)
(2.528e-06 -3.97197e-06 -0.000150692)
(3.35845e-06 7.74567e-07 -0.000156044)
(1.77605e-06 -2.77527e-06 -0.000156494)
(3.30795e-06 -7.2568e-06 -0.000159678)
(1.43997e-05 -3.11287e-06 -0.000156932)
(4.01683e-06 -4.55777e-07 -0.000164752)
(-2.80328e-06 3.75081e-06 -0.000173248)
(-3.799e-07 1.92147e-06 -0.000165609)
(-1.8832e-06 -6.02856e-06 -0.000173316)
(1.27062e-05 3.99435e-06 -0.000162418)
(-7.21919e-06 1.33768e-06 -0.000178389)
(-1.28263e-05 3.47181e-06 -0.000179463)
(-7.58245e-06 7.18932e-06 -0.000172421)
(-5.11931e-06 6.88364e-07 -0.000174642)
(0 0 0)
(0 0 0)
(-1.34521e-05 -2.97841e-05 -0.000205047)
(0 0 0)
(0 0 0)
(0 0 0)
(0 0 0)
(0 0 0)
(0 0 0)
(0 0 0)
(0 0 0)
(0 0 0)
(0 0 0)
(0 0 0)
(0 0 0)
(0 0 0)
(0 0 0)
(0 0 0)
(0 0 0)
(0 0 0)
(0 0 0)
(0 0 0)
(0 0 0)
(0 0 0)
(0 0 0)
(0 0 0)
(0 0 0)
(0 0 0)
(0 0 0)
(0 0 0)
(0 0 0)
(0 0 0)
(0 0 0)
(0 0 0)
(0 0 0)
(0 0 0)
(0 0 0)
(0 0 0)
(0 0 0)
(0 0 0)
(0 0 0)
(0 0 0)
(0 0 0)
(0 0 0)
(0 0 0)
(0 0 0)
(0 0 0)
(0 0 0)
(0 0 0)
(0 0 0)
(0 0 0)
(0 0 0)
(0 0 0)
(0 0 0)
(0 0 0)
(0 0 0)
(0 0 0)
(0 0 0)
(0 0 0)
(0 0 0)
(0 0 0)
(0 0 0)
(0 0 0)
(0 0 0)
(0 0 0)
(0 0 0)
(0 0 0)
(0 0 0)
(0 0 0)
(0 0 0)
(0 0 0)
(0 0 0)
(0 0 0)
(0 0 0)
(0 0 0)
(0 0 0)
(0 0 0)
(0 0 0)
(0 0 0)
(0 0 0)
(0 0 0)
(0 0 0)
(0 0 0)
(0 0 0)
(0 0 0)
(0 0 0)
(0 0 0)
(0 0 0)
(0 0 0)
(0 0 0)
(0 0 0)
(0 0 0)
(0 0 0)
(0 0 0)
(0 0 0)
(0 0 0)
(0 0 0)
(0 0 0)
(0 0 0)
(0 0 0)
(0 0 0)
(0 0 0)
(0 0 0)
(0 0 0)
(0 0 0)
(0 0 0)
(0 0 0)
(0 0 0)
(0 0 0)
(0 0 0)
(0 0 0)
(0 0 0)
(0 0 0)
(0 0 0)
(0 0 0)
(0 0 0)
(0 0 0)
(0 0 0)
(0 0 0)
(0 0 0)
(0 0 0)
(0 0 0)
(0 0 0)
(0 0 0)
(0 0 0)
(0 0 0)
(0 0 0)
(0 0 0)
(0 0 0)
(0 0 0)
(0 0 0)
(0 0 0)
(0 0 0)
(0 0 0)
(0 0 0)
(0 0 0)
(0 0 0)
(0 0 0)
(0 0 0)
(0 0 0)
(0 0 0)
(0 0 0)
(0 0 0)
(0 0 0)
(0 0 0)
(0 0 0)
(0 0 0)
(0 0 0)
(0 0 0)
(0 0 0)
(0 0 0)
(0 0 0)
(0 0 0)
(0 0 0)
(0 0 0)
(0 0 0)
(0 0 0)
(0 0 0)
(0 0 0)
(0 0 0)
(0 0 0)
(0 0 0)
(0 0 0)
(0 0 0)
(0 0 0)
(0 0 0)
(0 0 0)
(0 0 0)
(0 0 0)
(0 0 0)
(0 0 0)
(0 0 0)
(0 0 0)
(0 0 0)
(0 0 0)
(0 0 0)
(0 0 0)
(0 0 0)
(0 0 0)
(0 0 0)
(0 0 0)
(0 0 0)
(0 0 0)
(0 0 0)
(0 0 0)
(0 0 0)
(0 0 0)
(0 0 0)
(0 0 0)
(0 0 0)
)
;
    }
    procBoundary1to3
    {
        type            processor;
        value           nonuniform List<vector> 
450
(
(0 0 0)
(0 0 0)
(0 0 0)
(0 0 0)
(0 0 0)
(0 0 0)
(0 0 0)
(0 0 0)
(0 0 0)
(0 0 0)
(0 0 0)
(0 0 0)
(0 0 0)
(0 0 0)
(0 0 0)
(0 0 0)
(0 0 0)
(0 0 0)
(0 0 0)
(0 0 0)
(0 0 0)
(0 0 0)
(0 0 0)
(0 0 0)
(0 0 0)
(0 0 0)
(0 0 0)
(0 0 0)
(0 0 0)
(0 0 0)
(0 0 0)
(0 0 0)
(0 0 0)
(0 0 0)
(0 0 0)
(0 0 0)
(0 0 0)
(0 0 0)
(0 0 0)
(0 0 0)
(0 0 0)
(0 0 0)
(0 0 0)
(0 0 0)
(0 0 0)
(0 0 0)
(0 0 0)
(0 0 0)
(0 0 0)
(0 0 0)
(0 0 0)
(0 0 0)
(0 0 0)
(0 0 0)
(0 0 0)
(0 0 0)
(0 0 0)
(0 0 0)
(0 0 0)
(0 0 0)
(0 0 0)
(0 0 0)
(0 0 0)
(0 0 0)
(0 0 0)
(0 0 0)
(0 0 0)
(0 0 0)
(0 0 0)
(0 0 0)
(0 0 0)
(0 0 0)
(0 0 0)
(0 0 0)
(0 0 0)
(0 0 0)
(0 0 0)
(0 0 0)
(0 0 0)
(0 0 0)
(0 0 0)
(0 0 0)
(0 0 0)
(0 0 0)
(0 0 0)
(0 0 0)
(0 0 0)
(0 0 0)
(0 0 0)
(0 0 0)
(0 0 0)
(0 0 0)
(0 0 0)
(0 0 0)
(0 0 0)
(0 0 0)
(0 0 0)
(0 0 0)
(0 0 0)
(0 0 0)
(0 0 0)
(0 0 0)
(0 0 0)
(0 0 0)
(0 0 0)
(0 0 0)
(0 0 0)
(0 0 0)
(0 0 0)
(0 0 0)
(0 0 0)
(0 0 0)
(0 0 0)
(0 0 0)
(0 0 0)
(0 0 0)
(0 0 0)
(0 0 0)
(0 0 0)
(0 0 0)
(0 0 0)
(0 0 0)
(0 0 0)
(0 0 0)
(0 0 0)
(0 0 0)
(0 0 0)
(0 0 0)
(0 0 0)
(0 0 0)
(0 0 0)
(0 0 0)
(0 0 0)
(0 0 0)
(0 0 0)
(0 0 0)
(0 0 0)
(0 0 0)
(0 0 0)
(0 0 0)
(0 0 0)
(0 0 0)
(0 0 0)
(0 0 0)
(0 0 0)
(0 0 0)
(0 0 0)
(0 0 0)
(0 0 0)
(0 0 0)
(0 0 0)
(0 0 0)
(0 0 0)
(0 0 0)
(0 0 0)
(0 0 0)
(0 0 0)
(0 0 0)
(0 0 0)
(0 0 0)
(0 0 0)
(0 0 0)
(0 0 0)
(0 0 0)
(0 0 0)
(0 0 0)
(0 0 0)
(0 0 0)
(0 0 0)
(0 0 0)
(0 0 0)
(0 0 0)
(0 0 0)
(0 0 0)
(0 0 0)
(0 0 0)
(0 0 0)
(0 0 0)
(0 0 0)
(0 0 0)
(0 0 0)
(0 0 0)
(0 0 0)
(0 0 0)
(0 0 0)
(0 0 0)
(0 0 0)
(0 0 0)
(0 0 0)
(0 0 0)
(0 0 0)
(0 0 0)
(0 0 0)
(0 0 0)
(0 0 0)
(0 0 0)
(0 0 0)
(0 0 0)
(0 0 0)
(0 0 0)
(-3.55449e-06 -8.26257e-07 -1.09994e-05)
(-3.70103e-06 -1.17211e-06 -1.15335e-05)
(4.53582e-07 1.10999e-06 -9.74731e-06)
(-7.16932e-07 -1.6657e-06 -1.49947e-05)
(-2.40763e-06 -4.02606e-06 -8.70908e-06)
(-3.60696e-09 2.10103e-06 -3.5611e-05)
(-7.89797e-07 2.6211e-06 -3.50238e-05)
(3.68203e-06 3.61489e-06 -2.61852e-05)
(-6.22638e-07 -2.13878e-06 -3.01274e-05)
(6.06505e-07 -3.1933e-06 -3.3915e-05)
(1.97679e-06 1.99277e-06 -4.75547e-05)
(4.12589e-06 3.65694e-06 -4.82124e-05)
(2.9834e-07 3.02833e-06 -4.62702e-05)
(-2.02673e-06 2.2095e-07 -4.24586e-05)
(-2.6835e-06 2.41212e-06 -4.86079e-05)
(1.84957e-06 -8.08279e-07 -6.78492e-05)
(4.56474e-06 3.57478e-06 -6.18594e-05)
(1.72394e-07 2.14118e-06 -6.57552e-05)
(-2.27533e-08 3.00092e-06 -6.5021e-05)
(-3.59328e-06 4.36525e-06 -6.45287e-05)
(-3.59195e-06 -3.70734e-06 -8.30537e-05)
(4.49939e-06 -3.05264e-06 -7.99113e-05)
(3.18087e-06 2.57885e-06 -7.84543e-05)
(1.87941e-06 5.69315e-06 -7.89401e-05)
(-1.19314e-06 5.6267e-06 -8.29987e-05)
(1.224e-06 -2.66027e-06 -9.7109e-05)
(4.2569e-06 -4.09525e-07 -9.77792e-05)
(3.1519e-06 7.81545e-08 -9.45598e-05)
(-1.96202e-07 2.18126e-06 -9.30723e-05)
(-6.08208e-07 3.57965e-06 -9.45359e-05)
(2.96533e-06 -7.37049e-06 -0.000118501)
(2.7884e-06 -3.13899e-06 -0.000111193)
(-2.29961e-06 -4.05633e-06 -0.000110344)
(-2.45987e-06 -2.69537e-06 -0.00011255)
(-2.41273e-06 -2.45159e-06 -0.00011155)
(-6.92189e-06 -9.97414e-06 -0.000133043)
(-5.60832e-06 -7.51644e-06 -0.000127827)
(-5.00037e-06 -3.27806e-06 -0.00013319)
(-5.58747e-06 -3.37874e-06 -0.000128058)
(-9.53066e-06 -2.4616e-06 -0.000129399)
(-4.98159e-06 -1.19811e-05 -0.000143334)
(-2.96609e-06 -4.84502e-06 -0.000142994)
(-7.46344e-06 -5.00007e-06 -0.000145036)
(-6.98893e-06 -1.24081e-06 -0.000151144)
(-6.28933e-06 -7.83657e-07 -0.00014814)
(7.11665e-06 -9.36834e-06 -0.000161442)
(-1.19109e-06 -5.81638e-06 -0.000155569)
(-6.30507e-06 -1.0224e-05 -0.000160751)
(-6.48638e-06 -8.34231e-07 -0.000162466)
(-5.82698e-06 4.27773e-06 -0.000165407)
(-1.40534e-05 4.30795e-06 -0.000168052)
(-8.14408e-06 1.05093e-06 -0.000163194)
(-5.29926e-06 -1.80887e-06 -0.00016797)
(-7.75414e-06 -6.34642e-06 -0.000172215)
(-4.32273e-06 -3.15586e-06 -0.000176589)
(-2.96026e-06 -2.03966e-05 -0.000180131)
(1.1622e-06 6.32354e-07 -0.000165712)
(-8.5505e-06 8.22063e-08 -0.00017558)
(-8.38646e-06 -5.42946e-06 -0.000182348)
(5.1141e-05 5.11859e-06 -0.000175552)
(-2.9513e-06 -1.1511e-05 -0.000175586)
(8.49674e-07 9.9082e-07 -0.00017127)
(0 0 0)
(0 0 0)
(0 0 0)
(0 0 0)
(0 0 0)
(0 0 0)
(0 0 0)
(0 0 0)
(0 0 0)
(0 0 0)
(0 0 0)
(0 0 0)
(0 0 0)
(0 0 0)
(0 0 0)
(0 0 0)
(0 0 0)
(0 0 0)
(0 0 0)
(0 0 0)
(0 0 0)
(0 0 0)
(0 0 0)
(0 0 0)
(0 0 0)
(0 0 0)
(0 0 0)
(0 0 0)
(0 0 0)
(0 0 0)
(0 0 0)
(0 0 0)
(0 0 0)
(0 0 0)
(0 0 0)
(0 0 0)
(0 0 0)
(0 0 0)
(0 0 0)
(0 0 0)
(0 0 0)
(0 0 0)
(0 0 0)
(0 0 0)
(0 0 0)
(0 0 0)
(0 0 0)
(0 0 0)
(0 0 0)
(0 0 0)
(0 0 0)
(0 0 0)
(0 0 0)
(0 0 0)
(0 0 0)
(0 0 0)
(0 0 0)
(0 0 0)
(0 0 0)
(0 0 0)
(0 0 0)
(0 0 0)
(0 0 0)
(0 0 0)
(0 0 0)
(0 0 0)
(0 0 0)
(0 0 0)
(0 0 0)
(0 0 0)
(0 0 0)
(0 0 0)
(0 0 0)
(0 0 0)
(0 0 0)
(0 0 0)
(0 0 0)
(0 0 0)
(0 0 0)
(0 0 0)
(0 0 0)
(0 0 0)
(0 0 0)
(0 0 0)
(0 0 0)
(0 0 0)
(0 0 0)
(0 0 0)
(0 0 0)
(0 0 0)
(0 0 0)
(0 0 0)
(0 0 0)
(0 0 0)
(0 0 0)
(0 0 0)
(0 0 0)
(0 0 0)
(0 0 0)
(0 0 0)
(0 0 0)
(0 0 0)
(0 0 0)
(0 0 0)
(0 0 0)
(0 0 0)
(0 0 0)
(0 0 0)
(0 0 0)
(0 0 0)
(0 0 0)
(0 0 0)
(0 0 0)
(0 0 0)
(0 0 0)
(0 0 0)
(0 0 0)
(0 0 0)
(0 0 0)
(0 0 0)
(0 0 0)
(0 0 0)
(0 0 0)
(0 0 0)
(0 0 0)
(0 0 0)
(0 0 0)
(0 0 0)
(0 0 0)
(0 0 0)
(0 0 0)
(0 0 0)
(0 0 0)
(0 0 0)
(0 0 0)
(0 0 0)
(0 0 0)
(0 0 0)
(0 0 0)
(0 0 0)
(0 0 0)
(0 0 0)
(0 0 0)
(0 0 0)
(0 0 0)
(0 0 0)
(0 0 0)
(0 0 0)
(0 0 0)
(0 0 0)
(0 0 0)
(0 0 0)
(0 0 0)
(0 0 0)
(0 0 0)
(0 0 0)
(0 0 0)
(0 0 0)
(0 0 0)
(0 0 0)
(0 0 0)
(0 0 0)
(0 0 0)
(0 0 0)
(0 0 0)
(0 0 0)
(0 0 0)
(0 0 0)
(0 0 0)
(0 0 0)
(0 0 0)
(0 0 0)
(0 0 0)
(0 0 0)
(0 0 0)
(0 0 0)
(0 0 0)
(0 0 0)
(0 0 0)
(0 0 0)
(0 0 0)
(0 0 0)
(0 0 0)
(0 0 0)
(0 0 0)
(0 0 0)
(0 0 0)
(0 0 0)
)
;
    }
}


// ************************************************************************* //
