/*--------------------------------*- C++ -*----------------------------------*\
| =========                 |                                                 |
| \\      /  F ield         | OpenFOAM: The Open Source CFD Toolbox           |
|  \\    /   O peration     | Version:  5.x                                   |
|   \\  /    A nd           | Web:      www.OpenFOAM.org                      |
|    \\/     M anipulation  |                                                 |
\*---------------------------------------------------------------------------*/
FoamFile
{
    version     2.0;
    format      ascii;
    class       volVectorField;
    location    "40000";
    object      Us;
}
// * * * * * * * * * * * * * * * * * * * * * * * * * * * * * * * * * * * * * //

dimensions      [0 1 -1 0 0 0 0];

internalField   nonuniform List<vector> 
2250
(
(0 0 0)
(0 0 0)
(0 0 0)
(0 0 0)
(0 0 0)
(0 0 0)
(0 0 0)
(0 0 0)
(0 0 0)
(0 0 0)
(0 0 0)
(0 0 0)
(0 0 0)
(0 0 0)
(0 0 0)
(0 0 0)
(0 0 0)
(0 0 0)
(0 0 0)
(0 0 0)
(0 0 0)
(0 0 0)
(0 0 0)
(0 0 0)
(0 0 0)
(0 0 0)
(0 0 0)
(0 0 0)
(0 0 0)
(0 0 0)
(0 0 0)
(0 0 0)
(0 0 0)
(0 0 0)
(0 0 0)
(0 0 0)
(0 0 0)
(0 0 0)
(0 0 0)
(0 0 0)
(0 0 0)
(0 0 0)
(0 0 0)
(0 0 0)
(0 0 0)
(0 0 0)
(0 0 0)
(0 0 0)
(0 0 0)
(0 0 0)
(0 0 0)
(0 0 0)
(0 0 0)
(0 0 0)
(0 0 0)
(0 0 0)
(0 0 0)
(0 0 0)
(0 0 0)
(0 0 0)
(0 0 0)
(0 0 0)
(0 0 0)
(0 0 0)
(0 0 0)
(0 0 0)
(0 0 0)
(0 0 0)
(0 0 0)
(0 0 0)
(0 0 0)
(0 0 0)
(0 0 0)
(0 0 0)
(0 0 0)
(0 0 0)
(0 0 0)
(0 0 0)
(0 0 0)
(0 0 0)
(0 0 0)
(0 0 0)
(0 0 0)
(0 0 0)
(0 0 0)
(0 0 0)
(0 0 0)
(0 0 0)
(0 0 0)
(0 0 0)
(0 0 0)
(0 0 0)
(0 0 0)
(0 0 0)
(0 0 0)
(0 0 0)
(0 0 0)
(0 0 0)
(0 0 0)
(0 0 0)
(0 0 0)
(0 0 0)
(0 0 0)
(0 0 0)
(0 0 0)
(0 0 0)
(0 0 0)
(0 0 0)
(0 0 0)
(0 0 0)
(0 0 0)
(0 0 0)
(0 0 0)
(0 0 0)
(0 0 0)
(0 0 0)
(0 0 0)
(0 0 0)
(0 0 0)
(0 0 0)
(0 0 0)
(0 0 0)
(0 0 0)
(0 0 0)
(0 0 0)
(0 0 0)
(0 0 0)
(0 0 0)
(0 0 0)
(0 0 0)
(0 0 0)
(0 0 0)
(0 0 0)
(0 0 0)
(0 0 0)
(0 0 0)
(0 0 0)
(0 0 0)
(0 0 0)
(0 0 0)
(0 0 0)
(0 0 0)
(0 0 0)
(0 0 0)
(0 0 0)
(0 0 0)
(0 0 0)
(0 0 0)
(0 0 0)
(0 0 0)
(0 0 0)
(0 0 0)
(0 0 0)
(0 0 0)
(0 0 0)
(0 0 0)
(0 0 0)
(0 0 0)
(0 0 0)
(0 0 0)
(0 0 0)
(0 0 0)
(0 0 0)
(0 0 0)
(0 0 0)
(0 0 0)
(0 0 0)
(0 0 0)
(0 0 0)
(0 0 0)
(0 0 0)
(0 0 0)
(0 0 0)
(0 0 0)
(0 0 0)
(0 0 0)
(0 0 0)
(0 0 0)
(0 0 0)
(0 0 0)
(0 0 0)
(0 0 0)
(0 0 0)
(0 0 0)
(0 0 0)
(0 0 0)
(0 0 0)
(0 0 0)
(0 0 0)
(0 0 0)
(0 0 0)
(0 0 0)
(0 0 0)
(0 0 0)
(0 0 0)
(0 0 0)
(0 0 0)
(0 0 0)
(0 0 0)
(0 0 0)
(0 0 0)
(0 0 0)
(0 0 0)
(0 0 0)
(0 0 0)
(0 0 0)
(0 0 0)
(0 0 0)
(0 0 0)
(0 0 0)
(0 0 0)
(0 0 0)
(0 0 0)
(0 0 0)
(0 0 0)
(0 0 0)
(0 0 0)
(0 0 0)
(0 0 0)
(0 0 0)
(0 0 0)
(0 0 0)
(0 0 0)
(0 0 0)
(0 0 0)
(0 0 0)
(0 0 0)
(0 0 0)
(0 0 0)
(0 0 0)
(0 0 0)
(0 0 0)
(0 0 0)
(0 0 0)
(0 0 0)
(0 0 0)
(0 0 0)
(0 0 0)
(0 0 0)
(0 0 0)
(0 0 0)
(0 0 0)
(0 0 0)
(0 0 0)
(0 0 0)
(0 0 0)
(0 0 0)
(0 0 0)
(0 0 0)
(0 0 0)
(0 0 0)
(0 0 0)
(0 0 0)
(0 0 0)
(0 0 0)
(0 0 0)
(0 0 0)
(0 0 0)
(0 0 0)
(0 0 0)
(0 0 0)
(0 0 0)
(0 0 0)
(0 0 0)
(0 0 0)
(0 0 0)
(0 0 0)
(0 0 0)
(0 0 0)
(0 0 0)
(0 0 0)
(0 0 0)
(0 0 0)
(0 0 0)
(0 0 0)
(0 0 0)
(0 0 0)
(0 0 0)
(0 0 0)
(0 0 0)
(0 0 0)
(0 0 0)
(0 0 0)
(0 0 0)
(0 0 0)
(0 0 0)
(0 0 0)
(0 0 0)
(0 0 0)
(0 0 0)
(0 0 0)
(0 0 0)
(0 0 0)
(0 0 0)
(0 0 0)
(0 0 0)
(0 0 0)
(0 0 0)
(0 0 0)
(0 0 0)
(0 0 0)
(0 0 0)
(0 0 0)
(0 0 0)
(0 0 0)
(0 0 0)
(0 0 0)
(0 0 0)
(0 0 0)
(0 0 0)
(0 0 0)
(0 0 0)
(0 0 0)
(0 0 0)
(0 0 0)
(0 0 0)
(0 0 0)
(0 0 0)
(0 0 0)
(0 0 0)
(0 0 0)
(0 0 0)
(0 0 0)
(0 0 0)
(0 0 0)
(0 0 0)
(0 0 0)
(0 0 0)
(0 0 0)
(0 0 0)
(0 0 0)
(0 0 0)
(0 0 0)
(0 0 0)
(0 0 0)
(0 0 0)
(0 0 0)
(0 0 0)
(0 0 0)
(0 0 0)
(0 0 0)
(0 0 0)
(0 0 0)
(0 0 0)
(0 0 0)
(0 0 0)
(0 0 0)
(0 0 0)
(0 0 0)
(0 0 0)
(0 0 0)
(0 0 0)
(0 0 0)
(0 0 0)
(0 0 0)
(0 0 0)
(0 0 0)
(0 0 0)
(0 0 0)
(0 0 0)
(0 0 0)
(0 0 0)
(0 0 0)
(0 0 0)
(0 0 0)
(0 0 0)
(0 0 0)
(0 0 0)
(0 0 0)
(0 0 0)
(0 0 0)
(0 0 0)
(0 0 0)
(0 0 0)
(0 0 0)
(0 0 0)
(0 0 0)
(0 0 0)
(0 0 0)
(0 0 0)
(0 0 0)
(0 0 0)
(0 0 0)
(0 0 0)
(0 0 0)
(0 0 0)
(0 0 0)
(0 0 0)
(0 0 0)
(0 0 0)
(0 0 0)
(0 0 0)
(0 0 0)
(0 0 0)
(0 0 0)
(0 0 0)
(0 0 0)
(0 0 0)
(0 0 0)
(0 0 0)
(0 0 0)
(0 0 0)
(0 0 0)
(0 0 0)
(0 0 0)
(0 0 0)
(0 0 0)
(0 0 0)
(0 0 0)
(0 0 0)
(0 0 0)
(0 0 0)
(0 0 0)
(0 0 0)
(0 0 0)
(0 0 0)
(0 0 0)
(0 0 0)
(0 0 0)
(0 0 0)
(0 0 0)
(0 0 0)
(0 0 0)
(0 0 0)
(0 0 0)
(0 0 0)
(0 0 0)
(0 0 0)
(0 0 0)
(0 0 0)
(0 0 0)
(0 0 0)
(0 0 0)
(0 0 0)
(0 0 0)
(0 0 0)
(0 0 0)
(0 0 0)
(0 0 0)
(0 0 0)
(0 0 0)
(0 0 0)
(0 0 0)
(0 0 0)
(0 0 0)
(0 0 0)
(0 0 0)
(0 0 0)
(0 0 0)
(0 0 0)
(0 0 0)
(0 0 0)
(0 0 0)
(0 0 0)
(0 0 0)
(0 0 0)
(0 0 0)
(0 0 0)
(0 0 0)
(0 0 0)
(0 0 0)
(0 0 0)
(0 0 0)
(0 0 0)
(0 0 0)
(0 0 0)
(0 0 0)
(0 0 0)
(0 0 0)
(0 0 0)
(0 0 0)
(0 0 0)
(0 0 0)
(0 0 0)
(0 0 0)
(0 0 0)
(0 0 0)
(0 0 0)
(0 0 0)
(0 0 0)
(0 0 0)
(0 0 0)
(0 0 0)
(0 0 0)
(0 0 0)
(0 0 0)
(0 0 0)
(0 0 0)
(0 0 0)
(0 0 0)
(0 0 0)
(0 0 0)
(0 0 0)
(0 0 0)
(0 0 0)
(0 0 0)
(0 0 0)
(0 0 0)
(0 0 0)
(0 0 0)
(0 0 0)
(0 0 0)
(0 0 0)
(0 0 0)
(0 0 0)
(0 0 0)
(0 0 0)
(0 0 0)
(0 0 0)
(0 0 0)
(0 0 0)
(0 0 0)
(0 0 0)
(0 0 0)
(0 0 0)
(0 0 0)
(0 0 0)
(0 0 0)
(0 0 0)
(0 0 0)
(0 0 0)
(0 0 0)
(0 0 0)
(0 0 0)
(0 0 0)
(0 0 0)
(0 0 0)
(0 0 0)
(0 0 0)
(0 0 0)
(0 0 0)
(0 0 0)
(0 0 0)
(0 0 0)
(0 0 0)
(0 0 0)
(0 0 0)
(0 0 0)
(0 0 0)
(0 0 0)
(0 0 0)
(0 0 0)
(0 0 0)
(0 0 0)
(0 0 0)
(0 0 0)
(0 0 0)
(0 0 0)
(0 0 0)
(0 0 0)
(0 0 0)
(0 0 0)
(0 0 0)
(0 0 0)
(0 0 0)
(0 0 0)
(0 0 0)
(0 0 0)
(0 0 0)
(0 0 0)
(0 0 0)
(0 0 0)
(0 0 0)
(0 0 0)
(0 0 0)
(0 0 0)
(0 0 0)
(0 0 0)
(0 0 0)
(0 0 0)
(0 0 0)
(0 0 0)
(0 0 0)
(0 0 0)
(0 0 0)
(0 0 0)
(0 0 0)
(0 0 0)
(0 0 0)
(0 0 0)
(0 0 0)
(0 0 0)
(0 0 0)
(0 0 0)
(0 0 0)
(0 0 0)
(0 0 0)
(0 0 0)
(0 0 0)
(0 0 0)
(0 0 0)
(0 0 0)
(0 0 0)
(0 0 0)
(0 0 0)
(0 0 0)
(0 0 0)
(0 0 0)
(0 0 0)
(0 0 0)
(0 0 0)
(0 0 0)
(0 0 0)
(0 0 0)
(0 0 0)
(0 0 0)
(0 0 0)
(0 0 0)
(0 0 0)
(0 0 0)
(0 0 0)
(0 0 0)
(0 0 0)
(0 0 0)
(0 0 0)
(0 0 0)
(0 0 0)
(0 0 0)
(0 0 0)
(0 0 0)
(0 0 0)
(0 0 0)
(0 0 0)
(0 0 0)
(0 0 0)
(0 0 0)
(0 0 0)
(0 0 0)
(0 0 0)
(0 0 0)
(0 0 0)
(0 0 0)
(0 0 0)
(0 0 0)
(0 0 0)
(0 0 0)
(0 0 0)
(0 0 0)
(0 0 0)
(0 0 0)
(0 0 0)
(0 0 0)
(0 0 0)
(0 0 0)
(0 0 0)
(0 0 0)
(0 0 0)
(0 0 0)
(0 0 0)
(0 0 0)
(0 0 0)
(0 0 0)
(0 0 0)
(0 0 0)
(0 0 0)
(0 0 0)
(0 0 0)
(0 0 0)
(0 0 0)
(0 0 0)
(0 0 0)
(0 0 0)
(0 0 0)
(0 0 0)
(0 0 0)
(0 0 0)
(0 0 0)
(0 0 0)
(0 0 0)
(0 0 0)
(0 0 0)
(0 0 0)
(0 0 0)
(0 0 0)
(0 0 0)
(0 0 0)
(0 0 0)
(0 0 0)
(0 0 0)
(0 0 0)
(0 0 0)
(0 0 0)
(0 0 0)
(0 0 0)
(0 0 0)
(0 0 0)
(0 0 0)
(0 0 0)
(0 0 0)
(0 0 0)
(0 0 0)
(0 0 0)
(0 0 0)
(0 0 0)
(0 0 0)
(0 0 0)
(0 0 0)
(0 0 0)
(0 0 0)
(0 0 0)
(0 0 0)
(0 0 0)
(0 0 0)
(0 0 0)
(0 0 0)
(0 0 0)
(0 0 0)
(0 0 0)
(0 0 0)
(0 0 0)
(0 0 0)
(0 0 0)
(0 0 0)
(0 0 0)
(0 0 0)
(0 0 0)
(0 0 0)
(0 0 0)
(0 0 0)
(0 0 0)
(0 0 0)
(0 0 0)
(0 0 0)
(0 0 0)
(0 0 0)
(0 0 0)
(0 0 0)
(0 0 0)
(0 0 0)
(0 0 0)
(0 0 0)
(0 0 0)
(0 0 0)
(0 0 0)
(0 0 0)
(0 0 0)
(0 0 0)
(0 0 0)
(0 0 0)
(0 0 0)
(0 0 0)
(0 0 0)
(0 0 0)
(0 0 0)
(0 0 0)
(0 0 0)
(0 0 0)
(0 0 0)
(0 0 0)
(0 0 0)
(0 0 0)
(0 0 0)
(0 0 0)
(0 0 0)
(0 0 0)
(0 0 0)
(0 0 0)
(0 0 0)
(0 0 0)
(0 0 0)
(0 0 0)
(0 0 0)
(0 0 0)
(0 0 0)
(0 0 0)
(0 0 0)
(0 0 0)
(0 0 0)
(0 0 0)
(0 0 0)
(0 0 0)
(0 0 0)
(0 0 0)
(0 0 0)
(0 0 0)
(0 0 0)
(0 0 0)
(0 0 0)
(0 0 0)
(0 0 0)
(0 0 0)
(0 0 0)
(0 0 0)
(0 0 0)
(0 0 0)
(0 0 0)
(0 0 0)
(0 0 0)
(0 0 0)
(0 0 0)
(0 0 0)
(0 0 0)
(0 0 0)
(0 0 0)
(0 0 0)
(0 0 0)
(0 0 0)
(0 0 0)
(0 0 0)
(0 0 0)
(0 0 0)
(0 0 0)
(0 0 0)
(0 0 0)
(0 0 0)
(0 0 0)
(0 0 0)
(0 0 0)
(0 0 0)
(0 0 0)
(0 0 0)
(0 0 0)
(0 0 0)
(0 0 0)
(0 0 0)
(0 0 0)
(0 0 0)
(0 0 0)
(0 0 0)
(0 0 0)
(0 0 0)
(0 0 0)
(0 0 0)
(0 0 0)
(0 0 0)
(0 0 0)
(0 0 0)
(0 0 0)
(0 0 0)
(0 0 0)
(0 0 0)
(0 0 0)
(0 0 0)
(0 0 0)
(0 0 0)
(0 0 0)
(0 0 0)
(0 0 0)
(0 0 0)
(0 0 0)
(0 0 0)
(0 0 0)
(0 0 0)
(0 0 0)
(0 0 0)
(0 0 0)
(0 0 0)
(0 0 0)
(0 0 0)
(0 0 0)
(0 0 0)
(0 0 0)
(0 0 0)
(0 0 0)
(0 0 0)
(0 0 0)
(0 0 0)
(0 0 0)
(0 0 0)
(0 0 0)
(0 0 0)
(0 0 0)
(0 0 0)
(0 0 0)
(0 0 0)
(0 0 0)
(0 0 0)
(0 0 0)
(0 0 0)
(0 0 0)
(0 0 0)
(0 0 0)
(0 0 0)
(0 0 0)
(0 0 0)
(0 0 0)
(0 0 0)
(0 0 0)
(0 0 0)
(0 0 0)
(0 0 0)
(0 0 0)
(0 0 0)
(0 0 0)
(0 0 0)
(0 0 0)
(0 0 0)
(0 0 0)
(0 0 0)
(0 0 0)
(0 0 0)
(0 0 0)
(0 0 0)
(0 0 0)
(0 0 0)
(0 0 0)
(0 0 0)
(0 0 0)
(0 0 0)
(0 0 0)
(0 0 0)
(0 0 0)
(0 0 0)
(0 0 0)
(0 0 0)
(0 0 0)
(0 0 0)
(0 0 0)
(0 0 0)
(0 0 0)
(0 0 0)
(0 0 0)
(0 0 0)
(0 0 0)
(0 0 0)
(0 0 0)
(0 0 0)
(0 0 0)
(0 0 0)
(0 0 0)
(0 0 0)
(0 0 0)
(0 0 0)
(0 0 0)
(0 0 0)
(0 0 0)
(0 0 0)
(0 0 0)
(0 0 0)
(0 0 0)
(0 0 0)
(0 0 0)
(0 0 0)
(0 0 0)
(0 0 0)
(0 0 0)
(0 0 0)
(0 0 0)
(0 0 0)
(0 0 0)
(0 0 0)
(0 0 0)
(0 0 0)
(0 0 0)
(0 0 0)
(0 0 0)
(0 0 0)
(0 0 0)
(0 0 0)
(0 0 0)
(0 0 0)
(0 0 0)
(0 0 0)
(0 0 0)
(0 0 0)
(0 0 0)
(0 0 0)
(0 0 0)
(0 0 0)
(0 0 0)
(0 0 0)
(0 0 0)
(0 0 0)
(0 0 0)
(0 0 0)
(0 0 0)
(0 0 0)
(0 0 0)
(0 0 0)
(0 0 0)
(0 0 0)
(0 0 0)
(0 0 0)
(0 0 0)
(0 0 0)
(0 0 0)
(0 0 0)
(0 0 0)
(0 0 0)
(0 0 0)
(0 0 0)
(0 0 0)
(0 0 0)
(0 0 0)
(0 0 0)
(0 0 0)
(0 0 0)
(0 0 0)
(0 0 0)
(0 0 0)
(0 0 0)
(0 0 0)
(0 0 0)
(0 0 0)
(0 0 0)
(0 0 0)
(0 0 0)
(0 0 0)
(0 0 0)
(0 0 0)
(2.55224e-06 1.4301e-07 -8.57231e-06)
(8.64313e-08 2.13991e-07 -9.58445e-06)
(-1.60586e-06 2.18939e-07 -1.13852e-05)
(-2.40087e-06 4.00369e-07 -9.83625e-06)
(-2.03917e-06 -2.1783e-07 -8.93817e-06)
(2.33374e-06 1.03623e-06 -9.01326e-06)
(1.94184e-06 5.80664e-07 -8.76336e-06)
(-2.5892e-06 -2.05235e-08 -9.64083e-06)
(-4.2972e-06 -5.54408e-07 -8.21081e-06)
(-4.81172e-07 3.7174e-07 -1.14531e-05)
(-2.01469e-07 1.09295e-06 -1.01514e-05)
(-2.76115e-07 1.65614e-06 -6.80243e-06)
(-3.57442e-06 -8.75465e-07 -9.51108e-06)
(-2.46872e-06 -4.34008e-07 -1.0841e-05)
(-7.16231e-07 -4.32634e-08 -1.10405e-05)
(-1.44895e-06 1.71607e-06 -8.90935e-06)
(-2.48117e-06 2.65268e-06 -1.11197e-05)
(-2.33624e-06 1.05874e-06 -7.05284e-06)
(1.40248e-06 5.85705e-07 -9.58142e-06)
(-3.07004e-08 -1.07717e-06 -1.01492e-05)
(1.07594e-06 1.51298e-06 -9.4126e-06)
(1.87549e-07 1.24055e-06 -1.08744e-05)
(-8.30276e-07 1.43489e-06 -9.61245e-06)
(-5.25634e-07 7.04857e-07 -7.91463e-06)
(-7.29441e-07 -9.50998e-07 -7.10054e-06)
(-3.3452e-06 2.35387e-06 -2.63717e-05)
(-2.0095e-06 -4.59206e-07 -2.04723e-05)
(-1.11412e-06 8.64454e-07 -1.87229e-05)
(-2.79448e-06 1.64647e-06 -1.92112e-05)
(-1.95155e-06 2.94483e-07 -1.71647e-05)
(-2.83681e-06 3.98092e-06 -2.37445e-05)
(-1.08291e-06 2.25858e-06 -2.01265e-05)
(-2.5719e-06 5.29087e-07 -1.77127e-05)
(-2.61675e-06 1.82953e-07 -2.19382e-05)
(-2.82973e-06 1.67991e-06 -1.86915e-05)
(-2.70133e-06 3.05425e-06 -2.34719e-05)
(-2.18199e-06 3.43125e-06 -2.09043e-05)
(-3.42855e-06 1.34914e-06 -2.18598e-05)
(-2.28279e-06 1.03049e-06 -2.18742e-05)
(-8.57493e-07 2.82002e-07 -1.81081e-05)
(-2.42724e-06 2.77969e-06 -2.10656e-05)
(-3.43597e-06 2.84055e-06 -2.06071e-05)
(-3.51398e-06 1.60489e-06 -2.10932e-05)
(-1.6604e-06 8.88168e-08 -2.344e-05)
(-2.74224e-06 -1.34486e-06 -1.91018e-05)
(-2.9636e-06 9.75181e-07 -2.13413e-05)
(-3.80089e-06 3.14764e-06 -2.19705e-05)
(-4.84951e-06 2.34413e-06 -1.95778e-05)
(-2.29599e-06 1.62573e-06 -2.24001e-05)
(-3.58915e-06 -1.17898e-06 -2.06526e-05)
(-6.87956e-06 2.84861e-06 -3.77904e-05)
(-6.8476e-06 2.1149e-07 -3.6121e-05)
(-8.07544e-06 -7.23399e-07 -3.20647e-05)
(-6.22835e-06 1.19451e-07 -3.60853e-05)
(-6.80155e-06 1.02773e-06 -3.60217e-05)
(-7.55751e-06 1.70478e-06 -3.8954e-05)
(-5.47349e-06 2.75793e-06 -3.18015e-05)
(-6.42753e-06 4.91486e-07 -2.48261e-05)
(-6.34995e-06 9.53703e-07 -3.99612e-05)
(-6.82363e-06 2.2541e-06 -3.25213e-05)
(-6.71166e-06 6.24005e-07 -3.58026e-05)
(-5.42552e-06 1.9007e-06 -3.11126e-05)
(-4.29362e-06 4.72156e-06 -3.62093e-05)
(-5.42572e-06 3.76411e-06 -3.73616e-05)
(-7.19158e-06 3.2552e-06 -3.94309e-05)
(-7.25709e-06 1.15201e-06 -3.45999e-05)
(-7.0382e-06 2.17422e-06 -3.1199e-05)
(-5.25138e-06 4.6827e-06 -3.66968e-05)
(-4.69604e-06 4.1929e-06 -3.73094e-05)
(-6.16813e-06 1.79018e-06 -3.04572e-05)
(-6.90643e-06 3.13617e-06 -3.45188e-05)
(-7.26749e-06 3.42718e-06 -3.35483e-05)
(-4.03511e-06 3.89942e-06 -3.28259e-05)
(-2.60299e-06 4.58248e-06 -3.39193e-05)
(-7.95994e-06 1.48986e-06 -3.19285e-05)
(-1.04776e-05 4.03003e-06 -4.89977e-05)
(-1.01096e-05 1.36349e-06 -4.93387e-05)
(-1.30341e-05 2.86789e-06 -4.81574e-05)
(-1.07766e-05 2.45576e-06 -5.09455e-05)
(-1.03819e-05 9.49195e-07 -4.57981e-05)
(-1.14636e-05 -7.43537e-07 -5.04305e-05)
(-1.00649e-05 -7.87618e-08 -4.92524e-05)
(-1.07783e-05 1.99039e-06 -5.25788e-05)
(-9.42359e-06 2.91215e-06 -5.40357e-05)
(-1.09726e-05 2.05109e-06 -5.16831e-05)
(-1.07811e-05 1.0907e-06 -4.81901e-05)
(-1.16289e-05 -4.06016e-07 -4.56839e-05)
(-6.60918e-06 4.74177e-06 -5.16909e-05)
(-8.80276e-06 5.56671e-06 -5.40498e-05)
(-8.47182e-06 4.37544e-06 -5.24128e-05)
(-6.7602e-06 1.78169e-06 -5.19567e-05)
(-8.72608e-06 3.76671e-06 -5.61765e-05)
(-7.72244e-06 5.87375e-06 -5.35603e-05)
(-6.93661e-06 4.79214e-06 -4.99905e-05)
(-5.52008e-06 5.12457e-06 -4.98767e-05)
(-9.92597e-06 2.75315e-06 -5.25739e-05)
(-9.50219e-06 2.69072e-06 -5.26619e-05)
(-7.1974e-06 2.63959e-06 -4.85123e-05)
(-8.97971e-06 2.70898e-06 -4.87856e-05)
(-5.48716e-06 4.47502e-06 -5.40093e-05)
(-1.27563e-05 4.58806e-06 -6.09508e-05)
(-1.22367e-05 4.9227e-06 -6.2117e-05)
(-1.49415e-05 4.22801e-06 -6.40486e-05)
(-1.58386e-05 3.08766e-06 -6.54097e-05)
(-1.59741e-05 3.60098e-06 -6.32848e-05)
(-1.16439e-05 1.92239e-06 -6.46362e-05)
(-1.26173e-05 9.95781e-07 -6.42853e-05)
(-1.31087e-05 2.49842e-06 -6.97923e-05)
(-1.45092e-05 3.21998e-06 -6.89197e-05)
(-1.47877e-05 3.54196e-06 -6.49162e-05)
(-8.58661e-06 2.90135e-06 -6.1306e-05)
(-1.00142e-05 3.55216e-06 -6.41629e-05)
(-1.19246e-05 3.48558e-06 -7.18874e-05)
(-1.20648e-05 5.0945e-06 -6.90008e-05)
(-1.03328e-05 3.51408e-06 -6.63002e-05)
(-1.04945e-05 2.2067e-06 -6.77492e-05)
(-1.21043e-05 3.10397e-06 -7.04779e-05)
(-1.22771e-05 3.60717e-06 -6.79618e-05)
(-1.26874e-05 4.87403e-06 -6.44973e-05)
(-1.02503e-05 7.69597e-06 -6.55164e-05)
(-1.17168e-05 3.17179e-06 -6.58055e-05)
(-1.32046e-05 8.01218e-08 -6.85371e-05)
(-1.18049e-05 8.51902e-07 -6.63548e-05)
(-1.01576e-05 2.53153e-06 -5.97298e-05)
(-1.24866e-05 8.83522e-06 -6.53147e-05)
(-1.50082e-05 1.09668e-05 -7.49748e-05)
(-1.42046e-05 6.97341e-06 -7.57396e-05)
(-1.52397e-05 7.57434e-06 -8.01675e-05)
(-1.73522e-05 4.95254e-06 -7.57563e-05)
(-1.67733e-05 6.31565e-06 -7.59788e-05)
(-1.07954e-05 4.1097e-06 -7.83689e-05)
(-1.23146e-05 8.4262e-06 -7.58737e-05)
(-1.45205e-05 6.71001e-06 -8.0117e-05)
(-1.74689e-05 5.09959e-06 -8.07247e-05)
(-1.8401e-05 1.81302e-06 -7.71914e-05)
(-9.96093e-06 2.40973e-06 -8.22336e-05)
(-1.2924e-05 4.43577e-06 -8.49464e-05)
(-1.54843e-05 5.61284e-06 -8.49483e-05)
(-1.6539e-05 6.85916e-06 -8.5008e-05)
(-1.40195e-05 1.23547e-05 -7.65666e-05)
(-1.19973e-05 1.29636e-06 -8.30937e-05)
(-1.3248e-05 2.09045e-06 -8.41271e-05)
(-1.39311e-05 4.83166e-06 -8.78171e-05)
(-1.59236e-05 7.00263e-06 -8.7931e-05)
(-1.02668e-05 6.40803e-06 -8.39099e-05)
(-1.26711e-05 6.66057e-07 -8.03539e-05)
(-1.10709e-05 2.61398e-06 -8.1284e-05)
(-1.27843e-05 3.28756e-06 -8.60662e-05)
(-1.34312e-05 5.54103e-06 -8.71014e-05)
(-1.15808e-05 2.80341e-06 -8.79155e-05)
(-1.00297e-05 -4.11483e-07 -9.57407e-05)
(-1.39224e-05 4.06078e-06 -9.39252e-05)
(-1.38832e-05 9.40899e-06 -9.50854e-05)
(-1.44897e-05 6.26512e-06 -9.35716e-05)
(-8.20895e-06 3.9669e-06 -9.97945e-05)
(-1.24358e-05 3.75067e-06 -8.96727e-05)
(-1.3586e-05 6.25931e-06 -9.25595e-05)
(-1.36871e-05 9.5446e-06 -9.19436e-05)
(-1.36381e-05 6.90273e-06 -9.73647e-05)
(-1.24713e-05 7.23621e-06 -0.000102159)
(-7.19995e-06 4.74768e-06 -9.51188e-05)
(-1.1561e-05 6.0731e-06 -9.57848e-05)
(-1.19498e-05 6.56026e-06 -9.77763e-05)
(-1.18615e-05 5.95564e-06 -0.000101331)
(-1.25565e-05 7.0663e-06 -0.000101133)
(-8.53457e-06 5.03466e-07 -9.41425e-05)
(-6.80349e-06 3.02464e-06 -0.000100431)
(-1.01912e-05 5.22859e-06 -9.9917e-05)
(-1.07064e-05 4.61922e-06 -0.000103482)
(-8.08036e-06 1.66721e-06 -9.8234e-05)
(-9.32907e-06 -1.26303e-09 -9.75206e-05)
(-8.81811e-06 2.78334e-06 -0.00010552)
(-6.67436e-06 1.61918e-06 -0.000106401)
(-9.93897e-06 3.56642e-06 -0.000102622)
(-1.10686e-05 -1.96124e-06 -9.9534e-05)
(-7.88194e-06 4.76747e-07 -0.000111877)
(-1.01358e-05 5.75603e-07 -0.000112478)
(-1.13478e-05 7.14679e-06 -0.000113294)
(-1.0854e-05 7.39217e-06 -0.00011378)
(-1.23954e-05 5.62537e-06 -0.000117203)
(-8.51974e-06 2.17916e-06 -0.000107493)
(-1.04499e-05 4.0996e-06 -0.000105378)
(-1.18736e-05 4.77931e-06 -0.000112843)
(-8.80051e-06 5.27222e-06 -0.000115391)
(-8.74351e-06 4.18892e-06 -0.000117453)
(-5.38446e-06 3.31285e-06 -0.000113733)
(-4.59519e-06 4.49258e-06 -0.000108361)
(-6.38767e-06 3.95852e-06 -0.000113918)
(-8.2837e-06 4.94658e-06 -0.00011394)
(-5.81389e-06 8.85204e-06 -0.000116355)
(-3.31464e-06 -1.57785e-06 -0.000108083)
(-2.50727e-06 7.03386e-08 -0.000112437)
(-4.15432e-06 3.63124e-06 -0.00011451)
(-6.63043e-06 3.25957e-06 -0.000118155)
(-8.45784e-06 -7.13578e-07 -0.000116993)
(-1.56668e-06 -5.10106e-06 -0.000110406)
(-3.13029e-06 2.51651e-06 -0.000117778)
(-3.80417e-06 6.463e-07 -0.000121885)
(-6.16392e-06 1.97757e-06 -0.000122309)
(-8.20552e-06 -4.52765e-07 -0.000118063)
(-5.58776e-06 1.37481e-06 -0.000118616)
(-3.14822e-06 2.67132e-06 -0.000128907)
(-6.68614e-06 2.3169e-06 -0.000126832)
(-8.87415e-06 2.08735e-06 -0.000124536)
(-1.0528e-05 3.90968e-06 -0.000126362)
(-2.4039e-06 2.97775e-06 -0.000126133)
(-5.68674e-06 1.49099e-06 -0.000123571)
(-5.85123e-06 -6.91138e-09 -0.000127803)
(-8.74976e-06 8.99502e-07 -0.000127792)
(-8.56367e-06 2.85917e-06 -0.00012842)
(-9.63729e-07 2.20812e-06 -0.00012124)
(-4.4313e-07 4.23858e-07 -0.000122214)
(-2.62753e-06 1.00833e-06 -0.000123927)
(-8.84115e-06 4.44053e-06 -0.000123194)
(-8.68942e-06 2.94136e-06 -0.000126226)
(1.19914e-06 -3.00487e-06 -0.000121705)
(2.06045e-06 -3.10351e-06 -0.000126231)
(-8.58325e-07 4.42041e-06 -0.000126599)
(-3.84237e-06 6.07406e-06 -0.00012682)
(-6.46921e-06 4.18741e-06 -0.00012879)
(2.31375e-06 -4.28943e-06 -0.000122939)
(9.66e-08 -1.12581e-06 -0.000136247)
(6.33687e-07 4.3951e-06 -0.000130507)
(-4.52905e-06 5.23612e-06 -0.000132748)
(-6.74254e-06 1.919e-06 -0.000130008)
(9.52583e-06 7.72493e-06 -0.000146946)
(2.10368e-06 3.55798e-06 -0.000138911)
(1.06739e-06 5.18448e-07 -0.000136098)
(-2.69944e-08 -2.60935e-06 -0.000139915)
(2.45852e-07 -1.29271e-06 -0.000147721)
(8.14498e-06 3.04207e-06 -0.000144822)
(5.00732e-06 2.98965e-06 -0.000138672)
(1.59969e-06 -8.81978e-07 -0.000134114)
(-2.9252e-06 -2.63357e-06 -0.000138525)
(-1.30256e-08 6.9882e-07 -0.00014324)
(1.06333e-05 -1.29523e-06 -0.000138053)
(1.22591e-05 1.78708e-07 -0.000133234)
(6.35096e-06 -3.54127e-06 -0.000134738)
(-2.57913e-06 -2.50792e-06 -0.00013301)
(-4.22846e-06 3.54801e-07 -0.000137301)
(5.30473e-06 -3.56484e-06 -0.000128618)
(9.20596e-06 -1.79007e-06 -0.000135294)
(7.62857e-06 6.16505e-07 -0.0001348)
(3.9196e-06 5.62746e-06 -0.000133796)
(1.25525e-06 8.10646e-07 -0.000137588)
(7.59849e-06 2.77223e-07 -0.000143178)
(1.1233e-05 -3.81086e-06 -0.000148576)
(1.17847e-05 2.34084e-06 -0.000141114)
(5.83803e-06 6.94216e-06 -0.000135962)
(1.04091e-07 -1.68907e-07 -0.000138065)
(1.39877e-05 8.45904e-06 -0.000155476)
(1.20449e-05 4.14151e-06 -0.000146799)
(1.10089e-05 -5.20089e-08 -0.000147431)
(1.00698e-05 -6.12252e-06 -0.000158059)
(8.22053e-06 -7.32256e-06 -0.000154964)
(1.36283e-05 -3.46217e-06 -0.000152558)
(1.68694e-05 1.48287e-06 -0.00014804)
(1.21432e-05 -5.57079e-06 -0.000139415)
(1.08428e-05 -2.20954e-06 -0.000145915)
(8.39564e-06 -5.77538e-06 -0.000151897)
(1.78781e-05 -7.09899e-06 -0.00014505)
(2.12112e-05 -2.88706e-08 -0.000137157)
(1.62698e-05 1.03751e-06 -0.00013887)
(1.12456e-05 -1.31524e-06 -0.000151399)
(8.73999e-06 -5.00237e-06 -0.000154403)
(1.3903e-05 -5.87039e-06 -0.000150725)
(1.82847e-05 -4.40673e-07 -0.000144559)
(1.47206e-05 2.27574e-06 -0.000144582)
(1.19173e-05 1.35282e-06 -0.000144143)
(1.13167e-05 -2.31295e-06 -0.000143556)
(7.61308e-06 -1.3567e-06 -0.000155669)
(1.46703e-05 -3.0344e-06 -0.000151427)
(1.46893e-05 -7.82064e-08 -0.000148477)
(1.58648e-05 5.91958e-07 -0.000144332)
(1.53638e-05 1.83812e-07 -0.000148369)
(1.31474e-05 1.47102e-06 -0.000156338)
(1.95686e-05 3.21619e-06 -0.000148964)
(2.83267e-05 4.14716e-06 -0.000166663)
(1.79539e-05 -8.95744e-06 -0.000164197)
(1.73533e-05 -2.43501e-05 -0.000166414)
(2.3979e-05 -8.38285e-06 -0.000154394)
(2.88059e-05 -9.38778e-06 -0.000150624)
(3.42462e-05 -1.02379e-05 -0.000158684)
(2.45654e-05 2.85703e-06 -0.000150444)
(1.72779e-05 -1.69689e-05 -0.000155172)
(2.06331e-05 3.23839e-06 -0.000155361)
(2.849e-05 -7.69524e-06 -0.000143923)
(2.9403e-05 -7.37618e-06 -0.00014568)
(2.07352e-05 9.93344e-07 -0.00014846)
(2.55615e-05 -1.21325e-05 -0.000159317)
(2.13232e-05 3.95239e-06 -0.000158059)
(2.12779e-05 -2.24753e-06 -0.000149903)
(2.35353e-05 2.25721e-06 -0.000141787)
(2.25164e-05 -4.14442e-06 -0.000155345)
(1.1519e-05 -6.5706e-06 -0.000160029)
(9.33156e-06 3.65416e-06 -0.00016347)
(1.61436e-05 1.48264e-06 -0.000153349)
(1.7906e-05 2.62688e-06 -0.000153157)
(2.40992e-05 -7.60481e-06 -0.000150589)
(2.1338e-05 -2.31519e-06 -0.000151822)
(0 0 0)
(0 0 0)
(2.31133e-05 5.94162e-06 -0.000159462)
(2.04697e-05 6.06749e-06 -0.000158748)
(2.10126e-05 -3.6119e-05 -0.00017295)
(0 0 0)
(0 0 0)
(1.7204e-05 6.22299e-06 -0.000157865)
(1.7204e-05 6.22299e-06 -0.000157865)
(0 0 0)
(1.89936e-05 1.74591e-05 -0.000160574)
(0 0 0)
(0 0 0)
(0 0 0)
(2.95644e-05 -1.44969e-05 -0.000159426)
(1.89936e-05 1.74591e-05 -0.000160574)
(0 0 0)
(0 0 0)
(0 0 0)
(0 0 0)
(0 0 0)
(0 0 0)
(0 0 0)
(0 0 0)
(0 0 0)
(0 0 0)
(0 0 0)
(0 0 0)
(0 0 0)
(0 0 0)
(0 0 0)
(0 0 0)
(0 0 0)
(0 0 0)
(0 0 0)
(0 0 0)
(0 0 0)
(0 0 0)
(0 0 0)
(0 0 0)
(0 0 0)
(0 0 0)
(0 0 0)
(0 0 0)
(0 0 0)
(0 0 0)
(0 0 0)
(0 0 0)
(0 0 0)
(0 0 0)
(0 0 0)
(0 0 0)
(0 0 0)
(0 0 0)
(0 0 0)
(0 0 0)
(0 0 0)
(0 0 0)
(0 0 0)
(0 0 0)
(0 0 0)
(0 0 0)
(0 0 0)
(0 0 0)
(0 0 0)
(0 0 0)
(0 0 0)
(0 0 0)
(0 0 0)
(0 0 0)
(0 0 0)
(0 0 0)
(0 0 0)
(0 0 0)
(0 0 0)
(0 0 0)
(0 0 0)
(0 0 0)
(0 0 0)
(0 0 0)
(0 0 0)
(0 0 0)
(0 0 0)
(0 0 0)
(0 0 0)
(0 0 0)
(0 0 0)
(0 0 0)
(0 0 0)
(0 0 0)
(0 0 0)
(0 0 0)
(0 0 0)
(0 0 0)
(0 0 0)
(0 0 0)
(0 0 0)
(0 0 0)
(0 0 0)
(0 0 0)
(0 0 0)
(0 0 0)
(0 0 0)
(0 0 0)
(0 0 0)
(0 0 0)
(0 0 0)
(0 0 0)
(0 0 0)
(0 0 0)
(0 0 0)
(0 0 0)
(0 0 0)
(0 0 0)
(0 0 0)
(0 0 0)
(0 0 0)
(0 0 0)
(0 0 0)
(0 0 0)
(0 0 0)
(0 0 0)
(0 0 0)
(0 0 0)
(0 0 0)
(0 0 0)
(0 0 0)
(0 0 0)
(0 0 0)
(0 0 0)
(0 0 0)
(0 0 0)
(0 0 0)
(0 0 0)
(0 0 0)
(0 0 0)
(0 0 0)
(0 0 0)
(0 0 0)
(0 0 0)
(0 0 0)
(0 0 0)
(0 0 0)
(0 0 0)
(0 0 0)
(0 0 0)
(0 0 0)
(0 0 0)
(0 0 0)
(0 0 0)
(0 0 0)
(0 0 0)
(0 0 0)
(0 0 0)
(0 0 0)
(0 0 0)
(0 0 0)
(0 0 0)
(0 0 0)
(0 0 0)
(0 0 0)
(0 0 0)
(0 0 0)
(0 0 0)
(0 0 0)
(0 0 0)
(0 0 0)
(0 0 0)
(0 0 0)
(0 0 0)
(0 0 0)
(0 0 0)
(0 0 0)
(0 0 0)
(0 0 0)
(0 0 0)
(0 0 0)
(0 0 0)
(0 0 0)
(0 0 0)
(0 0 0)
(0 0 0)
(0 0 0)
(0 0 0)
(0 0 0)
(0 0 0)
(0 0 0)
(0 0 0)
(0 0 0)
(0 0 0)
(0 0 0)
(0 0 0)
(0 0 0)
(0 0 0)
(0 0 0)
(0 0 0)
(0 0 0)
(0 0 0)
(0 0 0)
(0 0 0)
(0 0 0)
(0 0 0)
(0 0 0)
(0 0 0)
(0 0 0)
(0 0 0)
(0 0 0)
(0 0 0)
(0 0 0)
(0 0 0)
(0 0 0)
(0 0 0)
(0 0 0)
(0 0 0)
(0 0 0)
(0 0 0)
(0 0 0)
(0 0 0)
(0 0 0)
(0 0 0)
(0 0 0)
(0 0 0)
(0 0 0)
(0 0 0)
(0 0 0)
(0 0 0)
(0 0 0)
(0 0 0)
(0 0 0)
(0 0 0)
(0 0 0)
(0 0 0)
(0 0 0)
(0 0 0)
(0 0 0)
(0 0 0)
(0 0 0)
(0 0 0)
(0 0 0)
(0 0 0)
(0 0 0)
(0 0 0)
(0 0 0)
(0 0 0)
(0 0 0)
(0 0 0)
(0 0 0)
(0 0 0)
(0 0 0)
(0 0 0)
(0 0 0)
(0 0 0)
(0 0 0)
(0 0 0)
(0 0 0)
(0 0 0)
(0 0 0)
(0 0 0)
(0 0 0)
(0 0 0)
(0 0 0)
(0 0 0)
(0 0 0)
(0 0 0)
(0 0 0)
(0 0 0)
(0 0 0)
(0 0 0)
(0 0 0)
(0 0 0)
(0 0 0)
(0 0 0)
(0 0 0)
(0 0 0)
(0 0 0)
(0 0 0)
(0 0 0)
(0 0 0)
(0 0 0)
(0 0 0)
(0 0 0)
(0 0 0)
(0 0 0)
(0 0 0)
(0 0 0)
(0 0 0)
(0 0 0)
(0 0 0)
(0 0 0)
(0 0 0)
(0 0 0)
(0 0 0)
(0 0 0)
(0 0 0)
(0 0 0)
(0 0 0)
(0 0 0)
(0 0 0)
(0 0 0)
(0 0 0)
(0 0 0)
(0 0 0)
(0 0 0)
(0 0 0)
(0 0 0)
(0 0 0)
(0 0 0)
(0 0 0)
(0 0 0)
(0 0 0)
(0 0 0)
(0 0 0)
(0 0 0)
(0 0 0)
(0 0 0)
(0 0 0)
(0 0 0)
(0 0 0)
(0 0 0)
(0 0 0)
(0 0 0)
(0 0 0)
(0 0 0)
(0 0 0)
(0 0 0)
(0 0 0)
(0 0 0)
(0 0 0)
(0 0 0)
(0 0 0)
(0 0 0)
(0 0 0)
(0 0 0)
(0 0 0)
(0 0 0)
(0 0 0)
(0 0 0)
(0 0 0)
(0 0 0)
(0 0 0)
(0 0 0)
(0 0 0)
(0 0 0)
(0 0 0)
(0 0 0)
(0 0 0)
(0 0 0)
(0 0 0)
(0 0 0)
(0 0 0)
(0 0 0)
(0 0 0)
(0 0 0)
(0 0 0)
(0 0 0)
(0 0 0)
(0 0 0)
(0 0 0)
(0 0 0)
(0 0 0)
(0 0 0)
(0 0 0)
(0 0 0)
(0 0 0)
(0 0 0)
(0 0 0)
(0 0 0)
(0 0 0)
(0 0 0)
(0 0 0)
(0 0 0)
(0 0 0)
(0 0 0)
(0 0 0)
(0 0 0)
(0 0 0)
(0 0 0)
(0 0 0)
(0 0 0)
(0 0 0)
(0 0 0)
(0 0 0)
(0 0 0)
(0 0 0)
(0 0 0)
(0 0 0)
(0 0 0)
(0 0 0)
(0 0 0)
(0 0 0)
(0 0 0)
(0 0 0)
(0 0 0)
(0 0 0)
(0 0 0)
(0 0 0)
(0 0 0)
(0 0 0)
(0 0 0)
(0 0 0)
(0 0 0)
(0 0 0)
(0 0 0)
(0 0 0)
(0 0 0)
(0 0 0)
(0 0 0)
(0 0 0)
(0 0 0)
(0 0 0)
(0 0 0)
(0 0 0)
(0 0 0)
(0 0 0)
(0 0 0)
(0 0 0)
(0 0 0)
(0 0 0)
(0 0 0)
(0 0 0)
(0 0 0)
(0 0 0)
(0 0 0)
(0 0 0)
(0 0 0)
(0 0 0)
(0 0 0)
(0 0 0)
(0 0 0)
(0 0 0)
(0 0 0)
(0 0 0)
(0 0 0)
(0 0 0)
(0 0 0)
(0 0 0)
(0 0 0)
(0 0 0)
(0 0 0)
(0 0 0)
(0 0 0)
(0 0 0)
(0 0 0)
(0 0 0)
(0 0 0)
(0 0 0)
(0 0 0)
(0 0 0)
(0 0 0)
(0 0 0)
(0 0 0)
(0 0 0)
(0 0 0)
(0 0 0)
(0 0 0)
(0 0 0)
(0 0 0)
(0 0 0)
(0 0 0)
(0 0 0)
(0 0 0)
(0 0 0)
(0 0 0)
(0 0 0)
(0 0 0)
(0 0 0)
(0 0 0)
(0 0 0)
(0 0 0)
(0 0 0)
(0 0 0)
(0 0 0)
(0 0 0)
(0 0 0)
(0 0 0)
(0 0 0)
(0 0 0)
(0 0 0)
(0 0 0)
(0 0 0)
(0 0 0)
(0 0 0)
(0 0 0)
(0 0 0)
(0 0 0)
(0 0 0)
(0 0 0)
(0 0 0)
(0 0 0)
(0 0 0)
(0 0 0)
(0 0 0)
(0 0 0)
(0 0 0)
(0 0 0)
(0 0 0)
(0 0 0)
(0 0 0)
(0 0 0)
(0 0 0)
(0 0 0)
(0 0 0)
(0 0 0)
(0 0 0)
(0 0 0)
(0 0 0)
(0 0 0)
(0 0 0)
(0 0 0)
(0 0 0)
(0 0 0)
(0 0 0)
(0 0 0)
(0 0 0)
(0 0 0)
(0 0 0)
(0 0 0)
(0 0 0)
(0 0 0)
(0 0 0)
(0 0 0)
(0 0 0)
(0 0 0)
(0 0 0)
(0 0 0)
(0 0 0)
(0 0 0)
(0 0 0)
(0 0 0)
(0 0 0)
(0 0 0)
(0 0 0)
(0 0 0)
(0 0 0)
(0 0 0)
(0 0 0)
(0 0 0)
(0 0 0)
(0 0 0)
(0 0 0)
(0 0 0)
(0 0 0)
(0 0 0)
(0 0 0)
(0 0 0)
(0 0 0)
(0 0 0)
(0 0 0)
(0 0 0)
(0 0 0)
(0 0 0)
(0 0 0)
(0 0 0)
(0 0 0)
(0 0 0)
(0 0 0)
(0 0 0)
(0 0 0)
(0 0 0)
(0 0 0)
(0 0 0)
(0 0 0)
(0 0 0)
(0 0 0)
(0 0 0)
(0 0 0)
(0 0 0)
(0 0 0)
(0 0 0)
(0 0 0)
(0 0 0)
(0 0 0)
(0 0 0)
(0 0 0)
(0 0 0)
(0 0 0)
(0 0 0)
(0 0 0)
(0 0 0)
(0 0 0)
(0 0 0)
(0 0 0)
(0 0 0)
(0 0 0)
(0 0 0)
(0 0 0)
(0 0 0)
(0 0 0)
(0 0 0)
(0 0 0)
(0 0 0)
(0 0 0)
(0 0 0)
(0 0 0)
(0 0 0)
(0 0 0)
(0 0 0)
(0 0 0)
(0 0 0)
(0 0 0)
(0 0 0)
(0 0 0)
(0 0 0)
(0 0 0)
(0 0 0)
(0 0 0)
(0 0 0)
(0 0 0)
(0 0 0)
(0 0 0)
(0 0 0)
(0 0 0)
(0 0 0)
(0 0 0)
(0 0 0)
(0 0 0)
(0 0 0)
(0 0 0)
(0 0 0)
(0 0 0)
(0 0 0)
(0 0 0)
(0 0 0)
(0 0 0)
(0 0 0)
(0 0 0)
(0 0 0)
(0 0 0)
(0 0 0)
(0 0 0)
(0 0 0)
(0 0 0)
(0 0 0)
(0 0 0)
(0 0 0)
(0 0 0)
(0 0 0)
(0 0 0)
(0 0 0)
(0 0 0)
(0 0 0)
(0 0 0)
(0 0 0)
(0 0 0)
(0 0 0)
(0 0 0)
(0 0 0)
(0 0 0)
(0 0 0)
(0 0 0)
(0 0 0)
(0 0 0)
(0 0 0)
(0 0 0)
(0 0 0)
(0 0 0)
(0 0 0)
(0 0 0)
(0 0 0)
(0 0 0)
(0 0 0)
(0 0 0)
(0 0 0)
(0 0 0)
(0 0 0)
(0 0 0)
(0 0 0)
(0 0 0)
(0 0 0)
(0 0 0)
(0 0 0)
(0 0 0)
(0 0 0)
(0 0 0)
(0 0 0)
(0 0 0)
(0 0 0)
(0 0 0)
(0 0 0)
(0 0 0)
(0 0 0)
(0 0 0)
(0 0 0)
(0 0 0)
(0 0 0)
(0 0 0)
(0 0 0)
(0 0 0)
(0 0 0)
(0 0 0)
(0 0 0)
(0 0 0)
(0 0 0)
(0 0 0)
(0 0 0)
(0 0 0)
(0 0 0)
(0 0 0)
(0 0 0)
(0 0 0)
(0 0 0)
(0 0 0)
(0 0 0)
(0 0 0)
(0 0 0)
(0 0 0)
(0 0 0)
(0 0 0)
(0 0 0)
(0 0 0)
(0 0 0)
(0 0 0)
(0 0 0)
(0 0 0)
(0 0 0)
(0 0 0)
(0 0 0)
(0 0 0)
(0 0 0)
(0 0 0)
(0 0 0)
(0 0 0)
(0 0 0)
(0 0 0)
(0 0 0)
(0 0 0)
(0 0 0)
(0 0 0)
(0 0 0)
(0 0 0)
(0 0 0)
(0 0 0)
(0 0 0)
(0 0 0)
(0 0 0)
(0 0 0)
(0 0 0)
(0 0 0)
(0 0 0)
(0 0 0)
(0 0 0)
(0 0 0)
(0 0 0)
(0 0 0)
(0 0 0)
(0 0 0)
(0 0 0)
(0 0 0)
(0 0 0)
(0 0 0)
(0 0 0)
(0 0 0)
(0 0 0)
(0 0 0)
(0 0 0)
(0 0 0)
(0 0 0)
(0 0 0)
(0 0 0)
(0 0 0)
(0 0 0)
(0 0 0)
(0 0 0)
(0 0 0)
(0 0 0)
(0 0 0)
(0 0 0)
(0 0 0)
(0 0 0)
(0 0 0)
(0 0 0)
(0 0 0)
(0 0 0)
(0 0 0)
(0 0 0)
(0 0 0)
(0 0 0)
(0 0 0)
(0 0 0)
(0 0 0)
(0 0 0)
(0 0 0)
(0 0 0)
(0 0 0)
(0 0 0)
(0 0 0)
(0 0 0)
(0 0 0)
(0 0 0)
(0 0 0)
(0 0 0)
(0 0 0)
(0 0 0)
(0 0 0)
(0 0 0)
(0 0 0)
(0 0 0)
(0 0 0)
(0 0 0)
(0 0 0)
(0 0 0)
(0 0 0)
(0 0 0)
(0 0 0)
(0 0 0)
(0 0 0)
(0 0 0)
(0 0 0)
(0 0 0)
(0 0 0)
(0 0 0)
(0 0 0)
(0 0 0)
(0 0 0)
(0 0 0)
(0 0 0)
(0 0 0)
(0 0 0)
(0 0 0)
(0 0 0)
(0 0 0)
(0 0 0)
(0 0 0)
(0 0 0)
(0 0 0)
(0 0 0)
(0 0 0)
(0 0 0)
(0 0 0)
(0 0 0)
(0 0 0)
(0 0 0)
(0 0 0)
(0 0 0)
(0 0 0)
(0 0 0)
(0 0 0)
(0 0 0)
(0 0 0)
(0 0 0)
(0 0 0)
(0 0 0)
(0 0 0)
(0 0 0)
(0 0 0)
(0 0 0)
(0 0 0)
(0 0 0)
(0 0 0)
(0 0 0)
(0 0 0)
(0 0 0)
(0 0 0)
(0 0 0)
(0 0 0)
(0 0 0)
(0 0 0)
(0 0 0)
(0 0 0)
(0 0 0)
(0 0 0)
(0 0 0)
(0 0 0)
(0 0 0)
(0 0 0)
(0 0 0)
(0 0 0)
(0 0 0)
(0 0 0)
(0 0 0)
(0 0 0)
(0 0 0)
(0 0 0)
(0 0 0)
(0 0 0)
(0 0 0)
(0 0 0)
(0 0 0)
(0 0 0)
(0 0 0)
(0 0 0)
(0 0 0)
(0 0 0)
(0 0 0)
(0 0 0)
(0 0 0)
(0 0 0)
(0 0 0)
(0 0 0)
(0 0 0)
(0 0 0)
(0 0 0)
(0 0 0)
(0 0 0)
(0 0 0)
(0 0 0)
(0 0 0)
(0 0 0)
(0 0 0)
(0 0 0)
(0 0 0)
(0 0 0)
(0 0 0)
(0 0 0)
(0 0 0)
(0 0 0)
(0 0 0)
(0 0 0)
(0 0 0)
(0 0 0)
(0 0 0)
(0 0 0)
(0 0 0)
(0 0 0)
(0 0 0)
(0 0 0)
(0 0 0)
(0 0 0)
(0 0 0)
(0 0 0)
(0 0 0)
(0 0 0)
(0 0 0)
(0 0 0)
(0 0 0)
(0 0 0)
(0 0 0)
(0 0 0)
(0 0 0)
(0 0 0)
(0 0 0)
(0 0 0)
(0 0 0)
(0 0 0)
(0 0 0)
(0 0 0)
(0 0 0)
(0 0 0)
(0 0 0)
(0 0 0)
(0 0 0)
(0 0 0)
(0 0 0)
(0 0 0)
(0 0 0)
(0 0 0)
(0 0 0)
(0 0 0)
(0 0 0)
(0 0 0)
)
;

boundaryField
{
    inlet
    {
        type            fixedValue;
        value           uniform (0 0 0);
    }
    outlet
    {
        type            fixedValue;
        value           uniform (0 0 0);
    }
    repeat_boundary
    {
        type            fixedValue;
        value           uniform (0 0 0);
    }
    procBoundary3to1
    {
        type            processor;
        value           nonuniform List<vector> 
450
(
(0 0 0)
(0 0 0)
(0 0 0)
(0 0 0)
(0 0 0)
(0 0 0)
(0 0 0)
(0 0 0)
(0 0 0)
(0 0 0)
(0 0 0)
(0 0 0)
(0 0 0)
(0 0 0)
(0 0 0)
(0 0 0)
(0 0 0)
(0 0 0)
(0 0 0)
(0 0 0)
(0 0 0)
(0 0 0)
(0 0 0)
(0 0 0)
(0 0 0)
(0 0 0)
(0 0 0)
(0 0 0)
(0 0 0)
(0 0 0)
(0 0 0)
(0 0 0)
(0 0 0)
(0 0 0)
(0 0 0)
(0 0 0)
(0 0 0)
(0 0 0)
(0 0 0)
(0 0 0)
(0 0 0)
(0 0 0)
(0 0 0)
(0 0 0)
(0 0 0)
(0 0 0)
(0 0 0)
(0 0 0)
(0 0 0)
(0 0 0)
(0 0 0)
(0 0 0)
(0 0 0)
(0 0 0)
(0 0 0)
(0 0 0)
(0 0 0)
(0 0 0)
(0 0 0)
(0 0 0)
(0 0 0)
(0 0 0)
(0 0 0)
(0 0 0)
(0 0 0)
(0 0 0)
(0 0 0)
(0 0 0)
(0 0 0)
(0 0 0)
(0 0 0)
(0 0 0)
(0 0 0)
(0 0 0)
(0 0 0)
(0 0 0)
(0 0 0)
(0 0 0)
(0 0 0)
(0 0 0)
(0 0 0)
(0 0 0)
(0 0 0)
(0 0 0)
(0 0 0)
(0 0 0)
(0 0 0)
(0 0 0)
(0 0 0)
(0 0 0)
(0 0 0)
(0 0 0)
(0 0 0)
(0 0 0)
(0 0 0)
(0 0 0)
(0 0 0)
(0 0 0)
(0 0 0)
(0 0 0)
(0 0 0)
(0 0 0)
(0 0 0)
(0 0 0)
(0 0 0)
(0 0 0)
(0 0 0)
(0 0 0)
(0 0 0)
(0 0 0)
(0 0 0)
(0 0 0)
(0 0 0)
(0 0 0)
(0 0 0)
(0 0 0)
(0 0 0)
(0 0 0)
(0 0 0)
(0 0 0)
(0 0 0)
(0 0 0)
(0 0 0)
(0 0 0)
(0 0 0)
(0 0 0)
(0 0 0)
(0 0 0)
(0 0 0)
(0 0 0)
(0 0 0)
(0 0 0)
(0 0 0)
(0 0 0)
(0 0 0)
(0 0 0)
(0 0 0)
(0 0 0)
(0 0 0)
(0 0 0)
(0 0 0)
(0 0 0)
(0 0 0)
(0 0 0)
(0 0 0)
(0 0 0)
(0 0 0)
(0 0 0)
(0 0 0)
(0 0 0)
(0 0 0)
(0 0 0)
(0 0 0)
(0 0 0)
(0 0 0)
(0 0 0)
(0 0 0)
(0 0 0)
(0 0 0)
(0 0 0)
(0 0 0)
(0 0 0)
(0 0 0)
(0 0 0)
(0 0 0)
(0 0 0)
(0 0 0)
(0 0 0)
(0 0 0)
(0 0 0)
(0 0 0)
(0 0 0)
(0 0 0)
(0 0 0)
(0 0 0)
(0 0 0)
(0 0 0)
(0 0 0)
(0 0 0)
(0 0 0)
(0 0 0)
(0 0 0)
(0 0 0)
(0 0 0)
(0 0 0)
(0 0 0)
(0 0 0)
(0 0 0)
(0 0 0)
(0 0 0)
(0 0 0)
(0 0 0)
(0 0 0)
(0 0 0)
(0 0 0)
(0 0 0)
(0 0 0)
(0 0 0)
(0 0 0)
(0 0 0)
(-2.65405e-06 -6.00338e-08 -1.24156e-05)
(-1.21137e-06 6.59088e-07 -8.81031e-06)
(-1.18561e-06 -3.92978e-08 -7.93052e-06)
(-1.48982e-06 3.54629e-07 -1.03654e-05)
(2.47663e-07 -9.2817e-07 -9.03405e-06)
(-5.58546e-06 1.0277e-06 -2.35664e-05)
(-5.44785e-06 -9.43869e-07 -2.09606e-05)
(-2.44761e-06 -1.71758e-06 -1.48215e-05)
(-2.53796e-06 -5.33234e-07 -2.06849e-05)
(-5.0579e-06 -2.49175e-07 -2.25457e-05)
(-8.26475e-06 2.86813e-06 -3.38175e-05)
(-6.48047e-06 6.83879e-07 -3.42217e-05)
(-5.48123e-06 1.11349e-06 -3.36608e-05)
(-7.1644e-06 9.14015e-07 -3.49013e-05)
(-8.69596e-06 -2.63849e-08 -3.33774e-05)
(-1.04946e-05 6.32365e-06 -4.84818e-05)
(-8.50431e-06 2.97462e-06 -4.58186e-05)
(-1.25901e-05 4.26051e-06 -5.07285e-05)
(-1.25054e-05 3.9995e-06 -4.98675e-05)
(-1.1121e-05 6.01685e-06 -4.79099e-05)
(-1.69698e-05 1.02475e-05 -5.76914e-05)
(-1.60085e-05 6.75061e-06 -6.13835e-05)
(-1.55872e-05 5.43288e-06 -6.10921e-05)
(-1.55199e-05 5.63678e-06 -6.19513e-05)
(-1.46436e-05 7.46939e-06 -5.65354e-05)
(-1.43697e-05 5.35934e-06 -8.40069e-05)
(-1.94911e-05 8.00369e-06 -7.575e-05)
(-2.00957e-05 5.68939e-06 -7.03833e-05)
(-1.58148e-05 5.9288e-06 -8.21172e-05)
(-1.52428e-05 5.66265e-06 -7.84662e-05)
(-1.11808e-05 1.3998e-06 -9.39579e-05)
(-1.54092e-05 2.4231e-06 -0.000101781)
(-1.7853e-05 7.49297e-06 -9.27927e-05)
(-1.45583e-05 7.4845e-06 -9.67198e-05)
(-9.88817e-06 2.2212e-06 -0.000102745)
(-8.00056e-06 -1.19463e-06 -0.000113677)
(-1.01295e-05 -1.71775e-07 -0.000113814)
(-1.00918e-05 3.60722e-06 -0.000113274)
(-9.64521e-06 8.46998e-06 -0.00011894)
(-7.86233e-06 4.21379e-06 -0.000117258)
(-1.55921e-06 1.90152e-06 -0.000130047)
(-4.9479e-06 1.29298e-06 -0.000126432)
(-5.26672e-06 1.63449e-06 -0.000128378)
(-8.31826e-06 4.56101e-06 -0.000127396)
(-6.59734e-06 -4.0703e-06 -0.00013777)
(8.32628e-06 5.92786e-06 -0.00014075)
(4.83708e-06 5.83691e-06 -0.000142925)
(1.65547e-06 9.42404e-07 -0.000140932)
(2.22191e-06 -4.1438e-06 -0.000144458)
(1.21687e-06 -7.33917e-06 -0.000150163)
(8.88211e-06 9.67149e-06 -0.000150589)
(8.58935e-06 6.71406e-06 -0.000150127)
(7.89584e-06 -9.18387e-07 -0.000155146)
(3.99191e-06 -1.59641e-06 -0.00016194)
(7.1958e-06 -1.02074e-05 -0.000168656)
(8.0836e-06 3.51083e-06 -0.0001602)
(9.80541e-06 4.28865e-06 -0.000158048)
(1.49873e-05 -7.57846e-06 -0.00015696)
(9.98577e-06 -8.18151e-06 -0.00016)
(1.36387e-05 -2.36332e-05 -0.000188172)
(5.72075e-06 2.48482e-06 -0.000158999)
(5.72075e-06 2.48482e-06 -0.000158999)
(1.66607e-05 -1.03021e-05 -0.000163417)
(0 0 0)
(0 0 0)
(0 0 0)
(0 0 0)
(0 0 0)
(0 0 0)
(0 0 0)
(0 0 0)
(0 0 0)
(0 0 0)
(0 0 0)
(0 0 0)
(0 0 0)
(0 0 0)
(0 0 0)
(0 0 0)
(0 0 0)
(0 0 0)
(0 0 0)
(0 0 0)
(0 0 0)
(0 0 0)
(0 0 0)
(0 0 0)
(0 0 0)
(0 0 0)
(0 0 0)
(0 0 0)
(0 0 0)
(0 0 0)
(0 0 0)
(0 0 0)
(0 0 0)
(0 0 0)
(0 0 0)
(0 0 0)
(0 0 0)
(0 0 0)
(0 0 0)
(0 0 0)
(0 0 0)
(0 0 0)
(0 0 0)
(0 0 0)
(0 0 0)
(0 0 0)
(0 0 0)
(0 0 0)
(0 0 0)
(0 0 0)
(0 0 0)
(0 0 0)
(0 0 0)
(0 0 0)
(0 0 0)
(0 0 0)
(0 0 0)
(0 0 0)
(0 0 0)
(0 0 0)
(0 0 0)
(0 0 0)
(0 0 0)
(0 0 0)
(0 0 0)
(0 0 0)
(0 0 0)
(0 0 0)
(0 0 0)
(0 0 0)
(0 0 0)
(0 0 0)
(0 0 0)
(0 0 0)
(0 0 0)
(0 0 0)
(0 0 0)
(0 0 0)
(0 0 0)
(0 0 0)
(0 0 0)
(0 0 0)
(0 0 0)
(0 0 0)
(0 0 0)
(0 0 0)
(0 0 0)
(0 0 0)
(0 0 0)
(0 0 0)
(0 0 0)
(0 0 0)
(0 0 0)
(0 0 0)
(0 0 0)
(0 0 0)
(0 0 0)
(0 0 0)
(0 0 0)
(0 0 0)
(0 0 0)
(0 0 0)
(0 0 0)
(0 0 0)
(0 0 0)
(0 0 0)
(0 0 0)
(0 0 0)
(0 0 0)
(0 0 0)
(0 0 0)
(0 0 0)
(0 0 0)
(0 0 0)
(0 0 0)
(0 0 0)
(0 0 0)
(0 0 0)
(0 0 0)
(0 0 0)
(0 0 0)
(0 0 0)
(0 0 0)
(0 0 0)
(0 0 0)
(0 0 0)
(0 0 0)
(0 0 0)
(0 0 0)
(0 0 0)
(0 0 0)
(0 0 0)
(0 0 0)
(0 0 0)
(0 0 0)
(0 0 0)
(0 0 0)
(0 0 0)
(0 0 0)
(0 0 0)
(0 0 0)
(0 0 0)
(0 0 0)
(0 0 0)
(0 0 0)
(0 0 0)
(0 0 0)
(0 0 0)
(0 0 0)
(0 0 0)
(0 0 0)
(0 0 0)
(0 0 0)
(0 0 0)
(0 0 0)
(0 0 0)
(0 0 0)
(0 0 0)
(0 0 0)
(0 0 0)
(0 0 0)
(0 0 0)
(0 0 0)
(0 0 0)
(0 0 0)
(0 0 0)
(0 0 0)
(0 0 0)
(0 0 0)
(0 0 0)
(0 0 0)
(0 0 0)
(0 0 0)
(0 0 0)
(0 0 0)
(0 0 0)
(0 0 0)
(0 0 0)
(0 0 0)
(0 0 0)
(0 0 0)
(0 0 0)
(0 0 0)
(0 0 0)
(0 0 0)
(0 0 0)
(0 0 0)
)
;
    }
    procBoundary3to2
    {
        type            processor;
        value           nonuniform List<vector> 
450
(
(0 0 0)
(0 0 0)
(0 0 0)
(0 0 0)
(0 0 0)
(0 0 0)
(0 0 0)
(0 0 0)
(0 0 0)
(0 0 0)
(0 0 0)
(0 0 0)
(0 0 0)
(0 0 0)
(0 0 0)
(0 0 0)
(0 0 0)
(0 0 0)
(0 0 0)
(0 0 0)
(0 0 0)
(0 0 0)
(0 0 0)
(0 0 0)
(0 0 0)
(0 0 0)
(0 0 0)
(0 0 0)
(0 0 0)
(0 0 0)
(0 0 0)
(0 0 0)
(0 0 0)
(0 0 0)
(0 0 0)
(0 0 0)
(0 0 0)
(0 0 0)
(0 0 0)
(0 0 0)
(0 0 0)
(0 0 0)
(0 0 0)
(0 0 0)
(0 0 0)
(0 0 0)
(0 0 0)
(0 0 0)
(0 0 0)
(0 0 0)
(0 0 0)
(0 0 0)
(0 0 0)
(0 0 0)
(0 0 0)
(0 0 0)
(0 0 0)
(0 0 0)
(0 0 0)
(0 0 0)
(0 0 0)
(0 0 0)
(0 0 0)
(0 0 0)
(0 0 0)
(0 0 0)
(0 0 0)
(0 0 0)
(0 0 0)
(0 0 0)
(0 0 0)
(0 0 0)
(0 0 0)
(0 0 0)
(0 0 0)
(0 0 0)
(0 0 0)
(0 0 0)
(0 0 0)
(0 0 0)
(0 0 0)
(0 0 0)
(0 0 0)
(0 0 0)
(0 0 0)
(0 0 0)
(0 0 0)
(0 0 0)
(0 0 0)
(0 0 0)
(0 0 0)
(0 0 0)
(0 0 0)
(0 0 0)
(0 0 0)
(0 0 0)
(0 0 0)
(0 0 0)
(0 0 0)
(0 0 0)
(0 0 0)
(0 0 0)
(0 0 0)
(0 0 0)
(0 0 0)
(0 0 0)
(0 0 0)
(0 0 0)
(0 0 0)
(0 0 0)
(0 0 0)
(0 0 0)
(0 0 0)
(0 0 0)
(0 0 0)
(0 0 0)
(0 0 0)
(0 0 0)
(0 0 0)
(0 0 0)
(0 0 0)
(0 0 0)
(0 0 0)
(0 0 0)
(0 0 0)
(0 0 0)
(0 0 0)
(0 0 0)
(0 0 0)
(0 0 0)
(0 0 0)
(0 0 0)
(0 0 0)
(0 0 0)
(0 0 0)
(0 0 0)
(0 0 0)
(0 0 0)
(0 0 0)
(0 0 0)
(0 0 0)
(0 0 0)
(0 0 0)
(0 0 0)
(0 0 0)
(0 0 0)
(0 0 0)
(0 0 0)
(0 0 0)
(0 0 0)
(0 0 0)
(0 0 0)
(0 0 0)
(0 0 0)
(0 0 0)
(0 0 0)
(0 0 0)
(0 0 0)
(0 0 0)
(0 0 0)
(0 0 0)
(0 0 0)
(0 0 0)
(0 0 0)
(0 0 0)
(0 0 0)
(0 0 0)
(0 0 0)
(0 0 0)
(0 0 0)
(0 0 0)
(0 0 0)
(0 0 0)
(0 0 0)
(0 0 0)
(0 0 0)
(0 0 0)
(0 0 0)
(0 0 0)
(0 0 0)
(0 0 0)
(0 0 0)
(0 0 0)
(0 0 0)
(0 0 0)
(0 0 0)
(0 0 0)
(0 0 0)
(0 0 0)
(0 0 0)
(0 0 0)
(0 0 0)
(0 0 0)
(0 0 0)
(0 0 0)
(0 0 0)
(0 0 0)
(0 0 0)
(0 0 0)
(0 0 0)
(-5.735e-06 -2.57231e-08 -7.4454e-06)
(-3.19155e-06 -1.00656e-06 -6.99851e-06)
(-1.13764e-06 -9.15767e-08 -7.50288e-06)
(7.93401e-07 1.94722e-06 -8.76257e-06)
(-9.78271e-08 2.38365e-06 -1.07871e-05)
(-4.98202e-06 1.57922e-06 -2.1088e-05)
(-5.60942e-06 -1.35046e-06 -2.27105e-05)
(-2.58214e-06 2.60116e-06 -2.1623e-05)
(-1.47017e-06 3.45135e-06 -2.08658e-05)
(-3.65446e-06 2.45189e-06 -1.79295e-05)
(-8.2401e-06 5.95315e-06 -3.88709e-05)
(-7.8372e-06 1.3187e-08 -3.62253e-05)
(-6.08341e-06 2.71944e-06 -3.46113e-05)
(-6.72759e-06 1.53171e-06 -3.76679e-05)
(-6.06581e-06 2.19794e-06 -3.70765e-05)
(-8.61969e-06 5.81645e-06 -5.00988e-05)
(-8.78101e-06 4.28857e-06 -4.85254e-05)
(-1.06547e-05 3.6231e-06 -5.15107e-05)
(-6.42152e-06 2.44483e-06 -5.29618e-05)
(-4.97314e-06 3.857e-06 -4.90624e-05)
(-1.3257e-05 3.18008e-06 -6.28073e-05)
(-1.19491e-05 2.82876e-06 -6.23519e-05)
(-1.12304e-05 1.9918e-06 -6.54256e-05)
(-8.23004e-06 2.24559e-06 -6.48914e-05)
(-1.1699e-05 4.49064e-06 -6.56484e-05)
(-1.67726e-05 7.80052e-08 -7.51587e-05)
(-9.35424e-06 1.21776e-06 -7.76766e-05)
(-9.73182e-06 2.27435e-06 -8.10445e-05)
(-9.36089e-06 8.62739e-07 -8.2283e-05)
(-8.89866e-06 5.62978e-07 -8.14999e-05)
(-9.83114e-06 1.5581e-06 -9.14248e-05)
(-9.54039e-06 7.10708e-07 -9.12496e-05)
(-1.16695e-05 1.14802e-06 -9.32986e-05)
(-1.08304e-05 5.36514e-07 -9.34175e-05)
(-1.2814e-05 -8.59891e-07 -9.03034e-05)
(-6.08153e-06 -4.50321e-07 -0.000110022)
(-7.38457e-06 1.24142e-06 -0.000106948)
(-6.02784e-06 4.49288e-07 -0.000111511)
(-1.39632e-05 6.35723e-06 -0.000118092)
(-1.7762e-05 2.81108e-06 -0.00011401)
(2.36628e-07 -9.6908e-07 -0.000130077)
(-5.48061e-07 -9.41377e-07 -0.000128193)
(-1.97766e-06 3.08711e-07 -0.000124628)
(-5.84336e-06 -1.28815e-06 -0.000127694)
(-9.78796e-06 -2.46893e-06 -0.0001376)
(8.53285e-06 4.18893e-06 -0.000143097)
(7.41105e-06 -2.49706e-06 -0.000145774)
(8.19204e-06 -1.78298e-06 -0.000142234)
(-1.24011e-06 3.64992e-06 -0.000142942)
(4.75405e-06 -3.54185e-06 -0.000149983)
(1.14074e-05 5.38973e-06 -0.000160755)
(1.68776e-05 -2.84055e-06 -0.000159211)
(1.37904e-05 -4.63132e-06 -0.00015292)
(1.21478e-05 -6.25295e-06 -0.000159532)
(8.94828e-06 -4.09003e-06 -0.000154669)
(1.20852e-05 2.72567e-06 -0.00016389)
(1.02501e-05 -5.87309e-06 -0.000163253)
(1.04985e-05 -6.832e-06 -0.000160762)
(7.70893e-07 -2.04311e-05 -0.000162422)
(-9.74735e-07 -2.214e-05 -0.000163308)
(0 0 0)
(5.24657e-06 -9.25189e-06 -0.000167127)
(-1.41233e-06 -1.45369e-05 -0.000172349)
(0 0 0)
(0 0 0)
(0 0 0)
(0 0 0)
(0 0 0)
(0 0 0)
(0 0 0)
(0 0 0)
(0 0 0)
(0 0 0)
(0 0 0)
(0 0 0)
(0 0 0)
(0 0 0)
(0 0 0)
(0 0 0)
(0 0 0)
(0 0 0)
(0 0 0)
(0 0 0)
(0 0 0)
(0 0 0)
(0 0 0)
(0 0 0)
(0 0 0)
(0 0 0)
(0 0 0)
(0 0 0)
(0 0 0)
(0 0 0)
(0 0 0)
(0 0 0)
(0 0 0)
(0 0 0)
(0 0 0)
(0 0 0)
(0 0 0)
(0 0 0)
(0 0 0)
(0 0 0)
(0 0 0)
(0 0 0)
(0 0 0)
(0 0 0)
(0 0 0)
(0 0 0)
(0 0 0)
(0 0 0)
(0 0 0)
(0 0 0)
(0 0 0)
(0 0 0)
(0 0 0)
(0 0 0)
(0 0 0)
(0 0 0)
(0 0 0)
(0 0 0)
(0 0 0)
(0 0 0)
(0 0 0)
(0 0 0)
(0 0 0)
(0 0 0)
(0 0 0)
(0 0 0)
(0 0 0)
(0 0 0)
(0 0 0)
(0 0 0)
(0 0 0)
(0 0 0)
(0 0 0)
(0 0 0)
(0 0 0)
(0 0 0)
(0 0 0)
(0 0 0)
(0 0 0)
(0 0 0)
(0 0 0)
(0 0 0)
(0 0 0)
(0 0 0)
(0 0 0)
(0 0 0)
(0 0 0)
(0 0 0)
(0 0 0)
(0 0 0)
(0 0 0)
(0 0 0)
(0 0 0)
(0 0 0)
(0 0 0)
(0 0 0)
(0 0 0)
(0 0 0)
(0 0 0)
(0 0 0)
(0 0 0)
(0 0 0)
(0 0 0)
(0 0 0)
(0 0 0)
(0 0 0)
(0 0 0)
(0 0 0)
(0 0 0)
(0 0 0)
(0 0 0)
(0 0 0)
(0 0 0)
(0 0 0)
(0 0 0)
(0 0 0)
(0 0 0)
(0 0 0)
(0 0 0)
(0 0 0)
(0 0 0)
(0 0 0)
(0 0 0)
(0 0 0)
(0 0 0)
(0 0 0)
(0 0 0)
(0 0 0)
(0 0 0)
(0 0 0)
(0 0 0)
(0 0 0)
(0 0 0)
(0 0 0)
(0 0 0)
(0 0 0)
(0 0 0)
(0 0 0)
(0 0 0)
(0 0 0)
(0 0 0)
(0 0 0)
(0 0 0)
(0 0 0)
(0 0 0)
(0 0 0)
(0 0 0)
(0 0 0)
(0 0 0)
(0 0 0)
(0 0 0)
(0 0 0)
(0 0 0)
(0 0 0)
(0 0 0)
(0 0 0)
(0 0 0)
(0 0 0)
(0 0 0)
(0 0 0)
(0 0 0)
(0 0 0)
(0 0 0)
(0 0 0)
(0 0 0)
(0 0 0)
(0 0 0)
(0 0 0)
(0 0 0)
(0 0 0)
(0 0 0)
(0 0 0)
(0 0 0)
(0 0 0)
(0 0 0)
(0 0 0)
(0 0 0)
(0 0 0)
(0 0 0)
(0 0 0)
(0 0 0)
(0 0 0)
(0 0 0)
(0 0 0)
(0 0 0)
(0 0 0)
(0 0 0)
)
;
    }
}


// ************************************************************************* //
