/*--------------------------------*- C++ -*----------------------------------*\
| =========                 |                                                 |
| \\      /  F ield         | OpenFOAM: The Open Source CFD Toolbox           |
|  \\    /   O peration     | Version:  5.x                                   |
|   \\  /    A nd           | Web:      www.OpenFOAM.org                      |
|    \\/     M anipulation  |                                                 |
\*---------------------------------------------------------------------------*/
FoamFile
{
    version     2.0;
    format      ascii;
    class       volVectorField;
    location    "6000";
    object      Us;
}
// * * * * * * * * * * * * * * * * * * * * * * * * * * * * * * * * * * * * * //

dimensions      [0 1 -1 0 0 0 0];

internalField   nonuniform List<vector> 
180
(
(0 0 0)
(0 0 0)
(0 0 0)
(0 0 0)
(0 0 0)
(0 0 0)
(0 0 0)
(0 0 0)
(0 0 0)
(0 0 0)
(0 0 0)
(0 0 0)
(0 0 0)
(0 0 0)
(0 0 0)
(0 0 0)
(0 0 0)
(0 0 0)
(0 0 0)
(0 0 0)
(0 0 0)
(0 0 0)
(0 0 0)
(0 0 0)
(0 0 0)
(0 0 0)
(0 0 0)
(0 0 0)
(0 0 0)
(0 0 0)
(0 0 0)
(0 0 0)
(0 0 0)
(0 0 0)
(0 0 0)
(0 0 0)
(0 0 0)
(0 0 0)
(0 0 0)
(0 0 0)
(0 0 0)
(0 0 0)
(0 0 0)
(0 0 0)
(0 0 0)
(0 0 0)
(0 0 0)
(0 0 0)
(0 0 0)
(0 0 0)
(0 0 0)
(0 0 0)
(0 0 0)
(0 0 0)
(0 0 0)
(0 0 0)
(0 0 0)
(0 0 0)
(0 0 0)
(0 0 0)
(0 0 0)
(0 0 0)
(0 0 0)
(0 0 0)
(0 0 0)
(0 0 0)
(0 0 0)
(0 0 0)
(0 0 0)
(0 0 0)
(0 0 0)
(0 0 0)
(0 0 0)
(0 0 0)
(0 0 0)
(0 0 0)
(0 0 0)
(0 0 0)
(0 0 0)
(0 0 0)
(-7.53333e-06 8.37702e-06 -0.000143085)
(-1.20792e-05 9.54605e-06 -0.000141426)
(-8.47638e-06 1.09923e-05 -0.000211766)
(-9.34455e-06 1.25411e-05 -0.000181123)
(-6.25195e-06 1.56001e-05 -0.000305276)
(-8.5859e-07 7.70898e-06 -0.000349158)
(6.51136e-07 1.09478e-05 -0.000351166)
(-3.96327e-06 -8.46874e-06 -0.000409291)
(-2.22853e-06 -4.39749e-05 -0.000422724)
(-1.97655e-05 -4.781e-05 -0.000409265)
(1.54181e-05 -3.83782e-05 -0.000364627)
(-1.8766e-06 1.48576e-05 -0.000239057)
(1.62089e-06 3.87263e-05 -0.000140017)
(-5.02254e-06 2.7123e-05 -8.55126e-05)
(7.16185e-06 8.74981e-06 -1.18335e-05)
(5.00795e-06 1.06175e-05 1.65191e-05)
(1.07919e-05 -2.43723e-05 9.37351e-05)
(3.72962e-06 -6.11254e-05 0.000121219)
(5.25456e-05 -3.13906e-05 0.000238939)
(8.7673e-05 -3.32922e-05 0.000264178)
(9.73419e-05 -3.61293e-05 0.000286655)
(9.08295e-05 -2.87758e-05 0.000310641)
(0.000120148 -4.94909e-05 0.000272604)
(0.00010058 -4.92565e-05 0.000292968)
(6.98932e-05 4.03121e-05 0.000281525)
(6.98932e-05 4.03121e-05 0.000281525)
(0 0 0)
(0 0 0)
(0 0 0)
(0 0 0)
(0 0 0)
(0 0 0)
(0 0 0)
(0 0 0)
(0 0 0)
(0 0 0)
(0 0 0)
(0 0 0)
(0 0 0)
(0 0 0)
(0 0 0)
(0 0 0)
(0 0 0)
(0 0 0)
(0 0 0)
(0 0 0)
(0 0 0)
(0 0 0)
(0 0 0)
(0 0 0)
(0 0 0)
(0 0 0)
(0 0 0)
(0 0 0)
(0 0 0)
(0 0 0)
(0 0 0)
(0 0 0)
(0 0 0)
(0 0 0)
(0 0 0)
(0 0 0)
(0 0 0)
(0 0 0)
(0 0 0)
(0 0 0)
(0 0 0)
(0 0 0)
(0 0 0)
(0 0 0)
(0 0 0)
(0 0 0)
(0 0 0)
(0 0 0)
(0 0 0)
(0 0 0)
(0 0 0)
(0 0 0)
(0 0 0)
(0 0 0)
(0 0 0)
(0 0 0)
(0 0 0)
(0 0 0)
(0 0 0)
(0 0 0)
(0 0 0)
(0 0 0)
(0 0 0)
(0 0 0)
(0 0 0)
(0 0 0)
(0 0 0)
(0 0 0)
(0 0 0)
(0 0 0)
(0 0 0)
(0 0 0)
(0 0 0)
(0 0 0)
)
;

boundaryField
{
    inlet
    {
        type            fixedValue;
        value           uniform (0 0 0);
    }
    outlet
    {
        type            fixedValue;
        value           uniform (0 0 0);
    }
    repeat_boundary
    {
        type            fixedValue;
        value           uniform (0 0 0);
    }
    procBoundary1to0
    {
        type            processor;
        value           nonuniform List<vector> 
180
(
(0 0 0)
(0 0 0)
(0 0 0)
(0 0 0)
(0 0 0)
(0 0 0)
(0 0 0)
(0 0 0)
(0 0 0)
(0 0 0)
(0 0 0)
(0 0 0)
(0 0 0)
(0 0 0)
(0 0 0)
(0 0 0)
(0 0 0)
(0 0 0)
(0 0 0)
(0 0 0)
(0 0 0)
(0 0 0)
(0 0 0)
(0 0 0)
(0 0 0)
(0 0 0)
(0 0 0)
(0 0 0)
(0 0 0)
(0 0 0)
(0 0 0)
(0 0 0)
(0 0 0)
(0 0 0)
(0 0 0)
(0 0 0)
(0 0 0)
(0 0 0)
(0 0 0)
(0 0 0)
(0 0 0)
(0 0 0)
(0 0 0)
(0 0 0)
(0 0 0)
(0 0 0)
(0 0 0)
(0 0 0)
(0 0 0)
(0 0 0)
(0 0 0)
(0 0 0)
(0 0 0)
(0 0 0)
(0 0 0)
(0 0 0)
(0 0 0)
(0 0 0)
(0 0 0)
(0 0 0)
(0 0 0)
(0 0 0)
(0 0 0)
(0 0 0)
(0 0 0)
(0 0 0)
(0 0 0)
(0 0 0)
(0 0 0)
(0 0 0)
(0 0 0)
(0 0 0)
(0 0 0)
(0 0 0)
(0 0 0)
(0 0 0)
(0 0 0)
(0 0 0)
(0 0 0)
(0 0 0)
(-5.03941e-06 2.16632e-05 -0.000144104)
(-1.4868e-05 1.88519e-05 -0.000143401)
(1.22921e-05 3.0817e-05 -0.000160267)
(1.74822e-06 3.20509e-05 -0.000179893)
(6.83598e-06 4.19174e-05 -0.000318146)
(1.47401e-05 4.20961e-05 -0.000315848)
(3.14855e-06 1.76316e-05 -0.000338933)
(4.28955e-06 8.61409e-06 -0.000327046)
(-6.10697e-06 5.0363e-05 -0.000327821)
(-2.81337e-05 2.86237e-05 -0.000294153)
(-3.35303e-05 -3.4683e-07 -0.000285214)
(-3.8256e-05 1.11493e-07 -0.000251443)
(-2.94344e-05 9.27085e-07 -0.000199686)
(-4.70633e-05 -8.11418e-06 -0.000113983)
(-4.06035e-05 -2.09891e-05 -5.08423e-05)
(-4.44855e-05 -3.08136e-05 -3.10533e-05)
(-1.72061e-05 6.78223e-07 2.55274e-05)
(1.95064e-06 3.14326e-05 0.000148904)
(1.09238e-05 1.03095e-05 0.000226089)
(4.57515e-06 -1.38063e-05 0.000240314)
(1.20849e-05 3.77575e-05 0.000322791)
(5.32215e-05 7.77252e-05 0.000323401)
(-1.39483e-05 0.0001746 0.000305647)
(-6.5283e-05 0.000183119 0.000302505)
(-8.58433e-05 0.000229618 0.00023172)
(-0.000104659 0.000242824 0.000221216)
(0 0 0)
(0 0 0)
(0 0 0)
(0 0 0)
(0 0 0)
(0 0 0)
(0 0 0)
(0 0 0)
(0 0 0)
(0 0 0)
(0 0 0)
(0 0 0)
(0 0 0)
(0 0 0)
(0 0 0)
(0 0 0)
(0 0 0)
(0 0 0)
(0 0 0)
(0 0 0)
(0 0 0)
(0 0 0)
(0 0 0)
(0 0 0)
(0 0 0)
(0 0 0)
(0 0 0)
(0 0 0)
(0 0 0)
(0 0 0)
(0 0 0)
(0 0 0)
(0 0 0)
(0 0 0)
(0 0 0)
(0 0 0)
(0 0 0)
(0 0 0)
(0 0 0)
(0 0 0)
(0 0 0)
(0 0 0)
(0 0 0)
(0 0 0)
(0 0 0)
(0 0 0)
(0 0 0)
(0 0 0)
(0 0 0)
(0 0 0)
(0 0 0)
(0 0 0)
(0 0 0)
(0 0 0)
(0 0 0)
(0 0 0)
(0 0 0)
(0 0 0)
(0 0 0)
(0 0 0)
(0 0 0)
(0 0 0)
(0 0 0)
(0 0 0)
(0 0 0)
(0 0 0)
(0 0 0)
(0 0 0)
(0 0 0)
(0 0 0)
(0 0 0)
(0 0 0)
(0 0 0)
(0 0 0)
)
;
    }
    procBoundary1to3
    {
        type            processor;
        value           nonuniform List<vector> 
180
(
(0 0 0)
(0 0 0)
(0 0 0)
(0 0 0)
(0 0 0)
(0 0 0)
(0 0 0)
(0 0 0)
(0 0 0)
(0 0 0)
(0 0 0)
(0 0 0)
(0 0 0)
(0 0 0)
(0 0 0)
(0 0 0)
(0 0 0)
(0 0 0)
(0 0 0)
(0 0 0)
(0 0 0)
(0 0 0)
(0 0 0)
(0 0 0)
(0 0 0)
(0 0 0)
(0 0 0)
(0 0 0)
(0 0 0)
(0 0 0)
(0 0 0)
(0 0 0)
(0 0 0)
(0 0 0)
(0 0 0)
(0 0 0)
(0 0 0)
(0 0 0)
(0 0 0)
(0 0 0)
(0 0 0)
(0 0 0)
(0 0 0)
(0 0 0)
(0 0 0)
(0 0 0)
(0 0 0)
(0 0 0)
(0 0 0)
(0 0 0)
(0 0 0)
(0 0 0)
(0 0 0)
(0 0 0)
(0 0 0)
(0 0 0)
(0 0 0)
(0 0 0)
(0 0 0)
(0 0 0)
(0 0 0)
(0 0 0)
(0 0 0)
(0 0 0)
(0 0 0)
(0 0 0)
(0 0 0)
(0 0 0)
(0 0 0)
(0 0 0)
(0 0 0)
(0 0 0)
(0 0 0)
(0 0 0)
(0 0 0)
(0 0 0)
(0 0 0)
(0 0 0)
(0 0 0)
(0 0 0)
(-3.30038e-05 8.08577e-06 -0.000141802)
(-3.30038e-05 8.08577e-06 -0.000141802)
(-2.70749e-05 2.27264e-06 -0.000154663)
(-2.73136e-05 -6.84242e-06 -0.000184627)
(-6.94317e-05 -9.38858e-06 -0.000298065)
(-7.50348e-05 -8.60512e-06 -0.000385534)
(-4.05354e-05 -2.19651e-05 -0.000324895)
(-4.74619e-05 -9.43126e-07 -0.000307054)
(-3.80964e-05 -1.72918e-06 -0.000280052)
(-3.60673e-05 2.53758e-05 -0.000268082)
(-2.03708e-05 -1.95075e-06 -0.000220366)
(-7.77156e-06 1.62395e-05 -0.000180924)
(-6.84021e-06 -1.70728e-06 -0.000162162)
(-5.92061e-06 4.89195e-06 -8.6711e-05)
(-8.14474e-07 9.59998e-06 -5.46981e-05)
(-1.24166e-05 2.77854e-06 6.16523e-05)
(-2.69328e-05 4.05868e-06 7.62677e-05)
(-2.62152e-05 1.16808e-05 0.000155081)
(-2.40905e-05 -3.2144e-06 0.000160295)
(-8.29658e-06 -3.33918e-05 0.000231333)
(1.45191e-07 -1.34284e-05 0.00028805)
(3.58849e-05 -6.01062e-05 0.000276749)
(2.77704e-06 -6.33023e-05 0.000321008)
(-4.14013e-05 -1.94914e-05 0.00035105)
(-4.37908e-05 -9.89159e-05 0.000356079)
(-4.37908e-05 -9.89159e-05 0.000356079)
(0 0 0)
(0 0 0)
(0 0 0)
(0 0 0)
(0 0 0)
(0 0 0)
(0 0 0)
(0 0 0)
(0 0 0)
(0 0 0)
(0 0 0)
(0 0 0)
(0 0 0)
(0 0 0)
(0 0 0)
(0 0 0)
(0 0 0)
(0 0 0)
(0 0 0)
(0 0 0)
(0 0 0)
(0 0 0)
(0 0 0)
(0 0 0)
(0 0 0)
(0 0 0)
(0 0 0)
(0 0 0)
(0 0 0)
(0 0 0)
(0 0 0)
(0 0 0)
(0 0 0)
(0 0 0)
(0 0 0)
(0 0 0)
(0 0 0)
(0 0 0)
(0 0 0)
(0 0 0)
(0 0 0)
(0 0 0)
(0 0 0)
(0 0 0)
(0 0 0)
(0 0 0)
(0 0 0)
(0 0 0)
(0 0 0)
(0 0 0)
(0 0 0)
(0 0 0)
(0 0 0)
(0 0 0)
(0 0 0)
(0 0 0)
(0 0 0)
(0 0 0)
(0 0 0)
(0 0 0)
(0 0 0)
(0 0 0)
(0 0 0)
(0 0 0)
(0 0 0)
(0 0 0)
(0 0 0)
(0 0 0)
(0 0 0)
(0 0 0)
(0 0 0)
(0 0 0)
(0 0 0)
(0 0 0)
)
;
    }
}


// ************************************************************************* //
