/*--------------------------------*- C++ -*----------------------------------*\
| =========                 |                                                 |
| \\      /  F ield         | OpenFOAM: The Open Source CFD Toolbox           |
|  \\    /   O peration     | Version:  5.x                                   |
|   \\  /    A nd           | Web:      www.OpenFOAM.org                      |
|    \\/     M anipulation  |                                                 |
\*---------------------------------------------------------------------------*/
FoamFile
{
    version     2.0;
    format      ascii;
    class       surfaceScalarField;
    location    "60000";
    object      phi;
}
// * * * * * * * * * * * * * * * * * * * * * * * * * * * * * * * * * * * * * //

dimensions      [0 3 -1 0 0 0 0];

internalField   nonuniform List<scalar> 
5825
(
1.27061e-05
0.000225801
-999.998
-3.72577e-06
0.000220772
-999.998
-4.77696e-05
0.000182888
-999.998
-3.08e-05
0.000139147
-999.998
0.000110962
-999.999
3.02289e-06
0.000186213
-999.998
-3.32035e-05
0.000172449
-999.998
-6.8213e-05
0.000148171
-999.998
-7.1235e-05
0.000129863
-999.998
0.000132722
-999.998
-1.01545e-05
0.000123774
-999.998
-5.94709e-05
0.000110149
-999.998
-8.896e-05
9.64913e-05
-999.998
-8.71023e-05
8.31884e-05
-999.998
7.78826e-05
-999.998
-2.25353e-05
5.59469e-05
-999.997
-7.42547e-05
4.6418e-05
-999.997
-9.868e-05
4.24054e-05
-999.998
-0.000102216
3.74859e-05
-999.998
3.58367e-05
-999.998
-2.9556e-05
-999.997
-7.94388e-05
-999.997
-0.000100862
-999.997
-0.000107513
-999.998
-999.998
2.53684e-05
0.00062098
-999.998
-4.38769e-05
0.000582836
-999.998
-0.000172055
0.000501396
-999.998
-0.000126784
0.00042382
-999.999
0.000362657
-999.999
-6.44638e-06
0.000502193
-999.998
-0.000120366
0.0004623
-999.998
-0.000202862
0.000409676
-999.998
-0.000188546
0.000362392
-999.998
0.000355317
-999.998
-4.40915e-05
0.000333963
-999.998
-0.000176114
0.000303288
-999.998
-0.00024563
0.000277816
-999.998
-0.000237666
0.000250335
-999.998
0.000247781
-999.998
-7.2819e-05
0.000151919
-999.997
-0.000205469
0.000131224
-999.997
-0.000265477
0.000126513
-999.998
-0.000266509
0.00012137
-999.998
0.000131826
-999.998
-8.72061e-05
-999.997
-0.000213431
-999.997
-0.000262821
-999.997
-0.000264391
-999.998
-999.998
-6.14573e-06
0.00101454
-999.998
-0.000175367
0.000961046
-999.998
-0.000342932
0.000891811
-999.999
-0.000356141
0.000856805
-999.999
0.00085866
-999.999
-6.49429e-05
0.000840371
-999.998
-0.000245198
0.000795639
-999.998
-0.000352534
0.000744961
-999.998
-0.000376669
0.000695126
-999.998
0.000703517
-999.998
-0.000107089
0.000575596
-999.997
-0.000300812
0.00054518
-999.997
-0.000390648
0.000519951
-999.998
-0.000403976
0.00049488
-999.998
0.000514975
-999.998
-0.000134022
0.00026993
-999.997
-0.000331647
0.000247497
-999.997
-0.000411806
0.00024659
-999.997
-0.000412947
0.000252992
-999.997
0.000288551
-999.998
-0.000154584
-999.997
-0.000335401
-999.997
-0.000400053
-999.997
-0.000395173
-999.997
-999.997
-0.000110317
0.00145594
-999.998
-0.000337585
0.00142033
-999.998
-0.000505294
0.00138547
-999.998
-0.000626514
0.00138773
-999.999
0.00146172
-999.999
-0.000150609
0.00125212
-999.998
-0.000368218
0.00122543
-999.998
-0.000492888
0.00118522
-999.998
-0.000588415
0.00114582
-999.998
0.0011912
-999.998
-0.000177636
0.000884682
-999.997
-0.000411842
0.000861311
-999.997
-0.000525363
0.00083711
-999.997
-0.000568656
0.000821122
-999.997
0.000873306
-999.998
-0.000203963
0.000426835
-999.997
-0.000440392
0.000404686
-999.997
-0.000540017
0.000408351
-999.997
-0.000559604
0.000429939
-999.997
0.000483393
-999.997
-0.000227729
-999.996
-0.000434107
-999.997
-0.000516135
-999.997
-0.000514888
-999.997
-999.997
-0.000226913
0.00206693
-999.998
-0.000461557
0.00206256
-999.998
-0.000626087
0.00203358
-999.998
-0.000787509
0.0019954
-999.998
0.00205877
-999.999
-0.000234264
0.00179927
-999.997
-0.000481438
0.00178212
-999.997
-0.000633401
0.00174276
-999.997
-0.000770476
0.00170863
-999.998
0.00175042
-999.998
-0.000252996
0.00128214
-999.996
-0.000523018
0.00125708
-999.997
-0.000668167
0.00123711
-999.997
-0.00073918
0.00123888
-999.997
0.00130288
-999.997
-0.000283924
0.000627583
-999.996
-0.000545085
0.000607081
-999.996
-0.000666374
0.000620182
-999.996
-0.000695952
0.000652509
-999.996
0.00071066
-999.997
-0.000308014
-999.996
-0.000530692
-999.996
-0.000631531
-999.996
-0.000645492
-999.996
-999.996
-0.000317162
0.00294045
-999.998
-0.00058528
0.00293936
-999.998
-0.000812095
0.00289113
-999.998
-0.000962718
0.00282529
-999.998
0.00278959
-999.999
-0.000326296
0.00251653
-999.996
-0.000637398
0.00248868
-999.997
-0.000853153
0.00244794
-999.997
-0.000976102
0.00241995
-999.997
0.0024471
-999.998
-0.000356269
0.00178705
-999.995
-0.000674892
0.0017598
-999.996
-0.000872418
0.0017556
-999.996
-0.000985803
0.00177691
-999.996
0.00182947
-999.997
-0.000389718
0.000890397
-999.995
-0.000682643
0.00088343
-999.995
-0.000851609
0.000911106
-999.995
-0.000938919
0.000944878
-999.995
0.000979141
-999.996
-0.000398679
-999.994
-0.000655742
-999.994
-0.000817133
-999.995
-0.000904852
-999.995
-999.996
-0.000420539
0.00409636
-999.997
-0.000822941
0.00406974
-999.997
-0.0011701
0.00402965
-999.998
-0.00138709
0.00400799
-999.998
0.00399275
-999.999
-0.00046473
0.00345246
-999.995
-0.000886763
0.00341662
-999.996
-0.00120482
0.00339304
-999.996
-0.00136549
0.00338886
-999.996
0.00339333
-999.997
-0.000505676
0.00245895
-999.994
-0.000900472
0.00244852
-999.994
-0.00119159
0.00246741
-999.995
-0.00137939
0.00249693
-999.995
0.0025124
-999.996
-0.000526172
0.00126572
-999.993
-0.000886336
0.00128697
-999.993
-0.00116615
0.00131588
-999.994
-0.00136349
0.00132794
-999.994
0.00130619
-999.995
-0.000507498
-999.993
-0.000856704
-999.993
-0.00115198
-999.993
-0.00138041
-999.994
-999.994
-0.00061394
0.00561531
-999.996
-0.00122433
0.00557877
-999.996
-0.00172901
0.00557118
-999.997
-0.00208145
0.00563244
-999.997
0.00570738
-999.999
-0.000670582
0.00472377
-999.994
-0.00123827
0.00470871
-999.994
-0.00169411
0.00471652
-999.995
-0.00200336
0.00473906
-999.995
0.00473131
-999.996
-0.000698263
0.00341097
-999.992
-0.0012264
0.00343122
-999.992
-0.00167135
0.00345567
-999.993
-0.00199716
0.00346144
-999.993
0.00341996
-999.994
-0.00068751
0.00180897
-999.991
-0.00120317
0.00184676
-999.991
-0.00167077
0.00185426
-999.991
-0.00203568
0.00182417
-999.992
0.00174012
-999.993
-0.000650648
-999.99
-0.00119311
-999.99
-0.00169684
-999.991
-0.00210726
-999.991
-999.992
-0.000914326
0.00767908
-999.995
-0.00175259
0.00767172
-999.995
-0.00246134
0.00770793
-999.996
-0.00297485
0.00778573
-999.997
0.00786942
-999.998
-0.000939783
0.00651004
-999.992
-0.00171276
0.00653148
-999.992
-0.00236441
0.00655062
-999.993
-0.00287935
0.0065537
-999.994
0.00656549
-999.995
-0.000934631
0.00475697
-999.989
-0.00169584
0.00479626
-999.989
-0.00236551
0.00479868
-999.99
-0.00287669
0.00475415
-999.991
0.00466751
-999.992
-0.000905163
0.00255124
-999.987
-0.00169292
0.00257908
-999.988
-0.00241011
0.00255176
-999.988
-0.0029633
0.00248413
-999.989
0.00238899
-999.991
-0.000880449
-999.986
-0.00171599
-999.987
-0.00247178
-999.987
-0.00304902
-999.988
-999.99
-0.00129024
0.010538
-999.993
-0.00241558
0.0105686
-999.993
-0.00338259
0.0106042
-999.994
-0.00412172
0.0106521
-999.995
0.0107149
-999.997
-0.00128109
0.00898556
-999.989
-0.00237154
0.00902931
-999.989
-0.00329416
0.00903311
-999.99
-0.00401056
0.00900513
-999.991
0.00902153
-999.993
-0.00125822
0.00658753
-999.985
-0.00237318
0.00662076
-999.986
-0.00332763
0.00659059
-999.987
-0.00403144
0.00650961
-999.988
0.00642075
-999.99
-0.00123892
0.00351727
-999.983
-0.00240246
0.00351888
-999.983
-0.00340435
0.00347071
-999.984
-0.00412644
0.00339951
-999.986
0.00334985
-999.987
-0.00124228
-999.981
-0.00244523
-999.982
-0.0034666
-999.983
-0.00416748
-999.984
-999.986
-0.00176801
0.0144473
-999.99
-0.00330632
0.0144996
-999.991
-0.00458558
0.014515
-999.992
-0.00550512
0.0145279
-999.994
0.014561
-999.995
-0.00174837
0.0123326
-999.985
-0.00328634
0.012378
-999.985
-0.00454445
0.0123616
-999.987
-0.00543792
0.0123097
-999.988
0.0123051
-999.99
-0.00173071
0.00901869
-999.98
-0.00330785
0.00903568
-999.981
-0.00459887
0.0089883
-999.982
-0.00549132
0.00890576
-999.984
0.00885203
-999.986
-0.00173326
0.00477377
-999.977
-0.00335506
0.00475921
-999.978
-0.00467606
0.00471537
-999.979
-0.00555405
0.00467293
-999.98
0.00467854
-999.982
-0.00175503
-999.975
-0.00339175
-999.976
-0.00470669
-999.977
-0.00553998
-999.979
-999.981
-0.00241896
0.019737
-999.987
-0.0045214
0.019805
-999.988
-0.00618171
0.0198115
-999.989
-0.0072922
0.0197864
-999.992
0.0197407
-999.994
-0.00239712
0.0168268
-999.979
-0.00451612
0.0168695
-999.98
-0.00619722
0.016841
-999.982
-0.00733051
0.0167763
-999.984
0.0167337
-999.987
-0.00239229
0.012261
-999.973
-0.00454803
0.0122712
-999.974
-0.00626344
0.0122255
-999.976
-0.00739155
0.0121663
-999.978
0.0121407
-999.981
-0.00240976
0.00645457
-999.969
-0.00459409
0.00644327
-999.97
-0.00631917
0.00641913
-999.971
-0.00742027
0.00640925
-999.974
0.0064217
-999.976
-0.0024307
-999.966
-0.00460861
-999.967
-0.00631469
-999.969
-0.00739423
-999.971
-999.974
-0.00328814
0.0269007
-999.982
-0.00614894
0.0269806
-999.983
-0.00837746
0.0269767
-999.985
-0.00983062
0.0269214
-999.989
0.0268247
-999.992
-0.00327003
0.0228938
-999.972
-0.00615586
0.0229372
-999.973
-0.00843039
0.0229006
-999.976
-0.00992917
0.022836
-999.979
0.0227866
-999.982
-0.00327964
0.016641
-999.964
-0.00619569
0.0166556
-999.965
-0.00849615
0.0166223
-999.967
-0.00998271
0.0165908
-999.97
0.0165712
-999.974
-0.00330382
0.00874593
-999.958
-0.00622974
0.00875129
-999.959
-0.00852547
0.00874907
-999.961
-0.0100006
0.00875358
-999.964
0.00874618
-999.968
-0.00331147
-999.954
-0.00621964
-999.955
-0.00850251
-999.958
-0.00998684
-999.961
-999.964
-0.0044317
0.0366136
-999.976
-0.00834307
0.0366906
-999.977
-0.0114237
0.0366564
-999.98
-0.0134011
0.0365809
-999.985
0.0364744
-999.99
-0.00443822
0.0311255
-999.962
-0.00837871
0.0311695
-999.964
-0.0114925
0.0311277
-999.967
-0.0135181
0.0310743
-999.971
0.0310369
-999.976
-0.00446753
0.0226013
-999.951
-0.00842497
0.0226288
-999.952
-0.0115463
0.0226134
-999.955
-0.0135636
0.0226009
-999.96
0.0225874
-999.965
-0.00449261
0.0118844
-999.942
-0.00844154
0.0119129
-999.944
-0.0115562
0.0119238
-999.947
-0.0135766
0.011925
-999.951
0.0119131
-999.956
-0.00448247
-999.938
-0.0084139
-999.939
-0.0115298
-999.943
-0.0135587
-999.947
-999.952
-0.00598419
0.0497999
-999.967
-0.0113613
0.0498669
-999.969
-0.0156221
0.0498018
-999.973
-0.0183098
0.0497204
-999.979
0.0496049
-999.986
-0.00603173
0.0423256
-999.949
-0.0114289
0.0423776
-999.951
-0.0156946
0.042341
-999.955
-0.0184389
0.0423024
-999.961
0.042274
-999.968
-0.00607869
0.0307371
-999.933
-0.0114704
0.0307884
-999.935
-0.0157319
0.0307868
-999.939
-0.0184807
0.0307753
-999.945
0.0307607
-999.952
-0.0060983
0.0161813
-999.922
-0.0114738
0.0162302
-999.924
-0.0157404
0.0162375
-999.928
-0.0184979
0.0162207
-999.934
0.016194
-999.941
-0.00607406
-999.915
-0.0114431
-999.918
-0.0157216
-999.922
-0.0184843
-999.928
-999.935
-0.008147
0.0677412
-999.955
-0.0155363
0.0678195
-999.958
-0.0213782
0.0677567
-999.964
-0.0250878
0.0676955
-999.972
0.0676339
-999.982
-0.00822591
0.0575989
-999.93
-0.0156061
0.0576822
-999.933
-0.0214351
0.0576561
-999.939
-0.0251553
0.0576198
-999.947
0.0575711
-999.957
-0.00827596
0.0418593
-999.909
-0.0156374
0.0419411
-999.912
-0.0214701
0.0419327
-999.918
-0.0252139
0.0418919
-999.926
0.0418257
-999.935
-0.00828986
0.0220552
-999.893
-0.0156487
0.0221156
-999.896
-0.0215084
0.0221021
-999.902
-0.0252814
0.022051
-999.91
0.0219796
-999.92
-0.00826137
-999.885
-0.0156296
-999.888
-0.0215104
-999.894
-0.0252972
-999.902
-999.912
-0.0111468
0.0921988
-999.94
-0.0212259
0.0923332
-999.944
-0.0291652
0.0922856
-999.952
-0.0342415
0.0922223
-999.963
0.0921867
-999.975
-0.0112262
0.0784651
-999.905
-0.0212853
0.0786001
-999.91
-0.0292307
0.0785576
-999.918
-0.0342848
0.0784738
-999.928
0.0783441
-999.941
-0.0112716
0.0570687
-999.876
-0.0213348
0.0571782
-999.881
-0.0293147
0.0571319
-999.888
-0.0344189
0.0570258
-999.899
0.056876
-999.912
-0.0112914
0.0300791
-999.855
-0.0213852
0.0301459
-999.859
-0.0294191
0.0300963
-999.867
-0.0345659
0.0300063
-999.878
0.0299069
-999.891
-0.0112673
-999.844
-0.0213899
-999.848
-0.0294431
-999.856
-0.0345881
-999.867
-999.88
-0.0152282
0.125601
-999.918
-0.0288915
0.125819
-999.924
-0.0396542
0.125726
-999.935
-0.046523
0.125562
-999.949
0.125377
-999.967
-0.0153002
0.106987
-999.872
-0.0290007
0.107171
-999.877
-0.0398235
0.107056
-999.888
-0.0467175
0.106855
-999.903
0.106603
-999.92
-0.01536
0.0778546
-999.832
-0.0291258
0.0779856
-999.838
-0.040027
0.0778678
-999.849
-0.0469719
0.0776744
-999.864
0.0774609
-999.881
-0.0154049
0.0410382
-999.803
-0.0292494
0.0411002
-999.809
-0.0402183
0.0410049
-999.82
-0.0471807
0.040889
-999.835
0.0407787
-999.852
-0.0154018
-999.787
-0.029284
-999.793
-0.0402455
-999.804
-0.047187
-999.819
-999.837
-0.0207338
0.171236
-999.889
-0.0392887
0.171518
-999.897
-0.0539293
0.171294
-999.912
-0.0632811
0.17094
-999.932
0.170525
-999.955
-0.0208449
0.145937
-999.826
-0.0395355
0.146153
-999.834
-0.0542897
0.145908
-999.848
-0.0637029
0.14554
-999.869
0.145153
-999.892
-0.0209608
0.10623
-999.771
-0.0397954
0.106367
-999.779
-0.0546615
0.106149
-999.794
-0.0640928
0.10586
-999.815
0.10557
-999.839
-0.0210644
0.0559835
-999.732
-0.0400224
0.0560229
-999.74
-0.0549475
0.0558901
-999.755
-0.0643769
0.0557466
-999.775
0.0555873
-999.799
-0.0211058
-999.71
-0.0400733
-999.718
-0.0549721
-999.734
-0.0643979
-999.754
-999.778
-0.0282093
0.233481
-999.85
-0.0534985
0.233795
-999.86
-0.0734419
0.233373
-999.88
-0.0861915
0.232769
-999.908
0.232109
-999.939
-0.028429
0.199063
-999.763
-0.0539502
0.199286
-999.774
-0.0740573
0.198859
-999.794
-0.0868588
0.19828
-999.822
0.197687
-999.854
-0.0286594
0.144932
-999.689
-0.0544009
0.145055
-999.7
-0.074642
0.144718
-999.72
-0.087453
0.144294
-999.748
0.14384
-999.781
-0.0288653
0.0763554
-999.634
-0.0547513
0.0763848
-999.646
-0.0750627
0.076216
-999.666
-0.0879011
0.0760002
-999.694
0.0757466
-999.727
-0.0289456
-999.605
-0.0548101
-999.616
-0.0751203
-999.637
-0.0879693
-999.666
-999.699
-0.0384205
0.318285
-999.796
-0.0729044
0.318608
-999.811
-0.100051
0.317908
-999.838
-0.11732
0.316964
-999.875
0.315956
-999.918
-0.0388237
0.271528
-999.677
-0.0736441
0.271736
-999.692
-0.10101
0.271056
-999.72
-0.118342
0.270163
-999.758
0.26919
-999.801
-0.0392356
0.197773
-999.576
-0.0743564
0.197886
-999.591
-0.101915
0.197377
-999.619
-0.119321
0.196703
-999.657
0.195942
-999.702
-0.0395712
0.104218
-999.502
-0.0748831
0.104268
-999.517
-0.10259
0.104007
-999.545
-0.120077
0.103644
-999.584
0.103231
-999.629
-0.0396714
-999.462
-0.0749986
-999.477
-0.102743
-999.505
-0.120241
-999.544
-999.59
-0.0524061
0.433915
-999.723
-0.0993813
0.434241
-999.743
-0.13629
0.433146
-999.78
-0.159589
0.431705
-999.831
0.430123
-999.89
-0.0530683
0.370557
-999.561
-0.100529
0.370741
-999.582
-0.137751
0.369671
-999.619
-0.161192
0.36823
-999.671
0.366591
-999.731
-0.0537288
0.27015
-999.422
-0.101649
0.270249
-999.443
-0.139215
0.269416
-999.481
-0.162848
0.26828
-999.534
0.266986
-999.595
-0.0542407
0.142485
-999.32
-0.102512
0.142537
-999.341
-0.14036
0.142075
-999.38
-0.164146
0.14145
-999.433
0.140723
-999.495
-0.0543983
-999.265
-0.102781
-999.286
-0.140705
-999.325
-0.164543
-999.379
-999.442
-0.0715568
0.591897
-999.625
-0.135503
0.592222
-999.652
-0.185604
0.59051
-999.703
-0.216988
0.588226
-999.772
0.585634
-999.852
-0.0725758
0.50627
-999.403
-0.137291
0.506377
-999.431
-0.18792
0.504612
-999.483
-0.219618
0.502216
-999.553
0.499489
-999.635
-0.0736218
0.369613
-999.212
-0.139134
0.369614
-999.241
-0.190359
0.368179
-999.294
-0.222388
0.366238
-999.366
0.364013
-999.449
-0.0744582
0.195176
-999.071
-0.140619
0.195155
-999.1
-0.192323
0.194344
-999.155
-0.224637
0.193233
-999.228
0.19193
-999.313
-0.0747697
-998.995
-0.141174
-999.024
-0.193063
-999.079
-0.225503
-999.154
-999.24
-0.0977129
0.808093
-999.492
-0.184812
0.808291
-999.53
-0.252756
0.805503
-999.599
-0.294963
0.801778
-999.693
0.797554
-999.801
-0.0993448
0.6927
-999.189
-0.187715
0.692535
-999.227
-0.256539
0.689551
-999.298
-0.299261
0.685545
-999.395
0.681005
-999.506
-0.101087
0.506689
-998.925
-0.190821
0.506399
-998.965
-0.260628
0.503912
-999.038
-0.303894
0.500548
-999.137
0.496698
-999.252
-0.102525
0.267932
-998.73
-0.193391
0.267721
-998.771
-0.264048
0.266279
-998.846
-0.307805
0.264293
-998.948
0.262023
-999.066
-0.103136
-998.624
-0.194498
-998.665
-0.265546
-998.742
-0.309506
-998.846
-998.965
-0.133511
1.1042
-999.314
-0.252243
1.10396
-999.366
-0.344183
1.09935
-999.461
-0.400602
1.09321
-999.588
1.08628
-999.734
-0.13624
0.949442
-998.898
-0.257031
0.948619
-998.951
-0.350427
0.943522
-999.049
-0.407673
0.936701
-999.181
0.929004
-999.332
-0.13922
0.696333
-998.532
-0.262327
0.695387
-998.588
-0.357408
0.691012
-998.69
-0.415562
0.685122
-998.828
0.678486
-998.985
-0.141742
0.368882
-998.26
-0.266847
0.368247
-998.318
-0.363414
0.365666
-998.424
-0.422337
0.362206
-998.566
0.358322
-998.729
-0.142936
-998.112
-0.268996
-998.171
-0.366247
-998.279
-0.425497
-998.424
-998.589
-0.182685
1.51034
-999.078
-0.34445
1.50915
-999.149
-0.46838
1.50141
-999.279
-0.543138
1.49108
-999.451
1.47944
-999.648
-0.18726
1.30441
-998.504
-0.352466
1.30216
-998.579
-0.478917
1.29326
-998.714
-0.555058
1.28139
-998.895
1.26817
-999.1
-0.192465
0.96025
-997.996
-0.361705
0.957879
-998.075
-0.491089
0.950079
-998.218
-0.568673
0.939723
-998.408
0.928247
-998.624
-0.197002
0.509969
-997.613
-0.369762
0.508451
-997.696
-0.501682
0.503871
-997.846
-0.580452
0.497818
-998.046
0.491104
-998.27
-0.199299
-997.402
-0.373803
-997.488
-0.506947
-997.642
-0.586274
-997.847
-998.077
-0.250191
2.06884
-998.767
-0.470453
2.06557
-998.865
-0.636757
2.05222
-999.042
-0.73497
2.03442
-999.276
2.01484
-999.539
-0.258052
1.798
-997.975
-0.484256
1.79265
-998.08
-0.654929
1.7768
-998.268
-0.755122
1.75579
-998.516
1.73292
-998.794
-0.26743
1.33058
-997.261
-0.5007
1.32521
-997.374
-0.676493
1.31119
-997.576
-0.778807
1.29266
-997.843
1.27267
-998.138
-0.275771
0.709146
-996.716
-0.515198
0.705828
-996.837
-0.695462
0.697614
-997.052
-0.799445
0.686705
-997.336
0.675038
-997.646
-0.280164
-996.413
-0.522772
-996.539
-0.705396
-996.762
-0.810085
-997.056
-997.375
-0.34275
2.83919
-998.366
-0.642941
2.83129
-998.5
-0.86439
2.80784
-998.745
-0.991828
2.77655
-999.059
2.74376
-999.407
-0.356821
2.48972
-997.269
-0.667157
2.47777
-997.416
-0.896327
2.44925
-997.68
-1.02586
2.41123
-998.022
2.37181
-998.393
-0.374216
1.85615
-996.253
-0.696778
1.84442
-996.418
-0.935306
1.81903
-996.708
-1.06702
1.78499
-997.085
1.75059
-997.485
-0.389944
0.994077
-995.464
-0.723129
0.986879
-995.647
-0.970091
0.972071
-995.958
-1.10282
0.951901
-996.37
0.932083
-996.794
-0.398566
-995.02
-0.737277
-995.214
-0.989016
-995.538
-1.12162
-995.971
-996.409
-0.469328
3.90595
-997.868
-0.880111
3.88786
-998.047
-1.17
3.84671
-998.393
-1.33278
3.78963
-998.804
3.73612
-999.259
-0.49544
3.46981
-996.337
-0.922795
3.44354
-996.544
-1.22787
3.3923
-996.921
-1.38926
3.32089
-997.392
3.25489
-997.876
-0.528762
2.61355
-994.868
-0.976391
2.58773
-995.114
-1.30049
2.54219
-995.533
-1.45921
2.47686
-996.082
2.42022
-996.605
-0.559588
1.40868
-993.699
-1.02421
1.39275
-993.987
-1.36645
1.3669
-994.441
-1.51895
1.3278
-995.068
1.29603
-995.617
-0.577029
-993.035
-1.04973
-993.348
-1.40338
-993.817
-1.55019
-994.496
-995.055
-0.639603
5.39197
-997.3
-1.20945
5.35093
-997.52
-1.57318
5.28067
-998.033
-1.77823
5.16907
-998.541
5.08962
-999.113
-0.690422
4.88014
-995.135
-1.28392
4.82122
-995.421
-1.68449
4.73208
-995.972
-1.86561
4.58841
-996.63
4.48758
-997.206
-0.757065
3.72761
-992.958
-1.37954
3.66819
-993.339
-1.82667
3.59118
-993.945
-1.977
3.45436
-994.798
3.37342
-995.387
-0.820659
2.02539
-991.176
-1.46296
1.98795
-991.665
-1.95914
1.94807
-992.302
-2.06795
1.86384
-993.369
1.82253
-993.932
-0.857422
-990.152
-1.50384
-990.714
-2.03514
-991.338
-2.11421
-992.553
-993.077
-0.854517
7.48453
-996.817
-1.67778
7.38694
-997
-2.07923
7.28047
-997.871
-2.33986
7.03215
-998.373
6.95409
-999.021
-0.961109
6.95444
-993.644
-1.80293
6.81507
-994.007
-2.32009
6.67764
-994.852
-2.4513
6.35202
-995.819
6.24539
-996.284
-1.10296
5.4114
-990.312
-1.96249
5.26165
-990.926
-2.61735
5.15965
-991.772
-2.61329
4.82705
-993.277
4.77106
-993.57
-1.24333
2.96852
-987.49
-2.09032
2.86864
-988.424
-2.90071
2.83736
-989.169
-2.73718
2.62275
-991.328
2.61401
-991.328
-1.3255
-985.858
-2.14459
-987.026
-3.06325
-987.582
-2.79811
-990.196
-989.951
-1.10054
10.5056
-996.949
-2.37291
10.249
-996.777
-2.6384
10.161
-998.597
-2.98486
9.49448
-998.617
9.61725
-999.108
-1.3161
10.1006
-991.923
-2.56897
9.74061
-992.246
-3.23063
9.6154
-993.645
-3.11636
8.77179
-995.211
8.85365
-994.862
-1.64318
8.04819
-986.616
-2.79075
7.62094
-987.659
-3.85888
7.62882
-988.718
-3.35652
6.69759
-991.706
6.91572
-990.627
-1.9718
4.46105
-981.931
-2.99462
4.1598
-983.94
-4.46684
4.28256
-984.351
-3.52682
3.66625
-989.237
3.86887
-987.04
-2.15491
-979.242
-3.07762
-981.944
-4.80007
-981.577
-3.60438
-987.725
-984.701
-1.37173
15.0222
-998.917
-3.44079
14.3428
-997.553
-3.11023
14.5702
-1001.92
-3.57218
12.6128
-1000.04
13.6725
-999.632
-1.75638
15.0675
-990.211
-3.73757
14.0549
-989.976
-4.54007
14.3024
-992.574
-3.92664
12.0323
-995.244
12.8964
-992.571
-2.50724
12.3633
-981.405
-4.02024
11.0879
-983.179
-5.76692
11.7482
-984.417
-4.26876
9.08983
-990.261
10.3469
-985.746
-3.2592
6.9136
-973.222
-4.47239
6.00997
-977.649
-7.04525
6.76152
-976.791
-4.49158
5.03468
-987.736
5.95419
-979.888
-3.6385
-968.69
-4.59457
-974.978
-7.69235
-971.718
-4.56786
-985.815
-975.748
-1.65514
21.7086
-1004.84
-5.17585
20.1218
-1000.37
-3.06416
21.4057
-1011.33
-3.80972
16.2016
-1003.79
20.0503
-1000.78
-2.20961
23.2333
-989.527
-5.60907
20.4056
-986.861
-6.28041
22.0647
-992.562
-5.07086
16.442
-996.694
19.3537
-988.919
-3.85524
19.746
-974.062
-6.07345
16.1593
-976.714
-8.50167
18.9019
-978.826
-5.38812
11.7046
-988.637
15.9874
-977.57
-5.54527
11.0688
-959
-7.12065
8.52645
-968.441
-11.2886
11.1827
-964.904
-5.62233
6.68827
-988.385
9.53711
-968.003
-6.32551
-951.295
-7.19372
-965.583
-12.4958
-955.233
-5.60909
-986.014
-960.491
-2.02875
31.0922
-1018.09
-8.44468
27.9468
-1006.25
-1.44621
31.6356
-1034.14
-2.92051
19.3135
-1011.09
30.0161
-1001.86
-2.27948
37.3894
-993.544
-8.96877
29.8759
-982.101
-8.33859
35.5023
-997.059
-6.94022
22.8105
-1001.59
29.8792
-982.867
-5.86708
32.9567
-963.763
-9.65326
23.5352
-966.587
-11.9077
31.9086
-972.978
-6.56337
13.7982
-984.969
25.391
-963.506
-9.76694
18.2889
-934.565
-12.2113
11.5978
-954.059
-18.531
19.3821
-946.058
-6.73772
8.33135
-994.712
15.8198
-948.063
-11.4139
-921.592
-11.7664
-953.633
-20.6202
-926.997
-6.39885
-991.904
-934.589
-2.75532
43.077
-1043.75
-15.2322
38.6668
-1015.88
6.59555
46.7013
-1088.89
1.89765
19.862
-1022
46.2294
-998.9
-0.904966
63.9086
-1013.47
-15.5706
45.3357
-974.104
-10.1395
60.9451
-1016.73
-10.8216
32.7691
-1013.82
47.4343
-970.473
-8.75745
58.8102
-949.907
-16.0626
34.5315
-948.478
-14.7602
57.4562
-970.792
-6.95774
13.3225
-973.325
41.4464
-938.052
-18.2752
31.6124
-889.092
-22.9698
14.7553
-929.589
-31.6291
35.6967
-915.639
-6.99379
8.10667
-1014.13
27.0902
-913.148
-21.8377
-868.142
-20.3281
-940.387
-34.8098
-876.819
-5.54529
-1013.06
-890.313
5.28395
55.4219
-1103.08
-23.1606
54.5853
-1025.05
29.8461
66.8498
-1209.83
25.991
11.6936
-1059.53
74.4736
-967.783
19.914
135.563
-1113.53
-17.6051
84.887
-966.887
-4.34446
114.428
-1077.57
-20.0241
52.9606
-1039.4
76.2348
-923.808
-5.7995
127.049
-935.594
-24.3083
56.1595
-901.242
-14.2305
111.362
-977.803
-1.08167
6.33503
-939.849
68.3259
-882.624
-37.3189
62.9915
-787.716
-45.3721
19.6823
-885.059
-57.6302
70.9644
-862.984
-2.82217
-7.87552
-1054.73
44.9849
-840.417
-45.9757
-759.176
-41.1048
-925.576
-72.1219
-774.838
8.62599
-1101.69
-813.345
-36.965
49.2299
-1121.78
-77.7355
55.7716
-1029.26
57.4424
83.9777
-1462.85
13.7425
15.1945
-1038.05
87.4998
-900.112
-1.6408
139.26
-1201.92
-73.793
66.9161
-905.879
-29.6166
155.38
-1193.15
-74.2336
44.7814
-1024.37
99.5094
-940.587
-36.3904
111.257
-871.201
-56.2585
28.521
-842.979
-13.5495
149.157
-1014.29
-35.4426
-28.8143
-844.36
91.1468
-863.077
-50.8078
42.731
-668.382
-81.3629
-14.7326
-811.25
-91.0899
78.1382
-782.239
-14.5819
-5.59823
-1154.45
42.3551
-762.255
-54.5124
-661.932
-39.7393
-955.082
-67.4248
-669.014
-22.6312
-1152.08
-778.458
43.3693
-6.24266
-1405.88
-153.016
146.259
-950.194
269.443
116.759
-2309.58
271.32
-61.4972
-1343
278.67
-492.765
271.038
678.505
-2157.7
-12.5161
328.507
-804.573
125.84
519.954
-1734.7
-114.984
211.368
-1056.41
217.23
-428.587
41.4839
659.981
-894.161
-89.2063
137.591
-521.373
72.2636
528.2
-1184
136.696
-161.555
-535.87
244.837
-555.481
-201.71
310.854
-117.545
-212.633
-6.19439
-656.542
-162.957
377.662
-681.376
123.685
-247.585
-1355.07
281.293
-382.966
-239.039
-112.039
-200.442
-999.874
-287.027
-204.767
304.5
-1991.19
-208.74
-294.96
89.7333
-1059.74
-184.497
8.20116
-1108.31
160.027
83.5719
-2822.88
14.0628
41.8464
-1007.68
62.6608
-242.047
-243.249
-73.789
-1750.93
-264.058
-47.4473
-728.115
-238.988
189.33
-1865.53
-123.526
-150.82
-979.21
67.0886
-980.365
-238.189
-167.481
-562.28
-104.193
-108.934
-593.883
-62.2906
149.147
-1185.72
-215.675
-160.65
-372.655
-0.702372
-744.496
-22.0353
-149.31
-113.68
-180.413
-199.441
-407.657
-287.418
-33.2528
-391.972
-14.7339
267.99
-2056.39
-417.846
-169.377
-68.6278
-192.722
130.294
-1398.24
-84.1886
-23.5372
-461.911
-1345.48
-1301.45
-10.5743
-21.7719
-1041.27
-196.018
15.7069
-924.51
-22.1832
-9.41745
-3110.62
6.50506
10.6639
-1064.39
21.4397
-78.516
59.5069
15.506
-1847.72
-55.7383
-14.8757
-582.287
29.1838
132.447
-2092.32
-299.469
16.2912
-656.184
-17.4244
-813.604
3.49211
1.02693
-551.293
-6.09302
-9.78978
-589.384
18.815
28.9476
-1107.13
15.63
-84.7994
-268.38
-9.89671
-731.115
-1.85874
1.64756
-112.442
1.63383
0.343875
-421.284
13.3665
-0.790941
-373.966
30.574
-93.2618
-2065.14
118.258
-214.395
0.938815
-192.013
21.8706
-1418.82
0.303102
-2.76071
180.83
-1619.26
-1104.64
521.527
296.015
-2010.07
167.656
-151.503
-371.523
-558.078
110.837
-2107
-581.366
-186.403
-984.339
14.6109
-956.226
-0.243398
156.259
-1707.72
540.513
31.0078
-1305.55
197.735
-278.875
-1359.82
66.224
-78.8547
-632.222
-63.3077
-3.0732
168.175
56.3357
-619.545
70.1131
-77.4533
-382.861
-64.8489
-286.023
-965.022
-17.2048
-170.672
-224.207
-30.497
-729.189
-50.7641
-0.766777
-4.57543
33.1007
352.081
-934.683
26.9618
-4.95584
-648.894
35.4527
69.028
-2313.33
1.63739
-396.373
222.053
-414.833
80.1057
-924.796
78.7751
-6.38601
164.993
-1636.45
-946.223
240.33
84.8447
-2461.25
23.9181
54.2303
-214.984
18.9281
15.5576
-2135.05
-58.4903
-83.7985
-817.022
-12.6887
-1271.37
360.722
-114.334
-1869.26
444.32
-99.8415
-1235.08
-120.591
-126.888
-652.468
-19.6669
-7.2888
-809.655
-107.319
-157.653
80.9631
2.35186
-817.194
177.726
-35.9934
-543.472
45.3412
-296.019
-663.507
-80.0782
-83.9349
-22.1412
-59.1191
-1104.59
-30.2242
32.7031
-4.70239
67.7432
249.129
-1317.77
-257.873
-11.0039
-608.292
-26.0925
185.854
-2814.9
-380.566
-275.902
135.242
-517.372
15.6447
-556.069
5.65342
-7.39846
-509.065
-935.881
-1624.28
-961.306
219.465
-1166.52
34.5258
81.5984
-1424.42
151.66
263.962
-2757.82
-109.371
271.423
-663.054
134.83
-2330.33
191.367
-392.011
-1449.15
-29.1808
-74.2557
-858.679
-16.7772
139.38
-540.29
54.572
-39.0388
-570.543
49.4896
-236.831
-31.0872
-12.749
-1165.37
159.636
13.4778
-821.929
-47.5439
-68.4316
-248.514
-185.09
347.393
-271.027
19.9911
-831.904
102.348
10.4621
-130.261
127.777
-185.253
-1144.47
-5.41978
-77.4549
-466.072
-23.6336
-33.7897
-2415.5
-192.733
-21.9775
-84.3923
-422.518
4.46973
-830.184
38.0045
-118.388
-298.567
-633.099
-1252.98
-200.421
-2.32579
-1059.16
-62.709
-286.813
-1651.79
-345.054
144.405
-2014.08
-531.809
55.7829
-561.526
-638.714
-2733.83
-77.1137
-22.5414
-1351.82
-128.464
-329.016
-765.125
80.8582
27.3755
-632.582
-22.7254
-0.500527
-410.675
2.58457
-903.503
-120.6
-127.135
-940.174
101.361
77.0756
-1449.98
0.525098
-1.4684
-118.835
48.9386
462.741
-782.682
0.353725
-831.8
86.3908
21.9449
-365.733
-1.88376
-148.386
-830.734
332.158
-47.7871
-753.796
53.439
143.401
-1817.44
102.952
-106.117
-160.599
-239.974
-439.587
-699.581
107.723
-713.485
-188.824
-193.152
-511.353
-140.192
-25.6676
-1018.92
164.727
39.9383
-2028.41
-67.0415
-354.668
-996.703
561.999
-13.1625
-1380.71
-468.911
-927.175
59.8657
-283.331
-1154.02
-98.6957
-409.028
-157.596
22.7324
-86.5527
-1022.13
106.238
-0.708058
-506.635
-331.744
-1179.29
-163.409
-171.118
-888.979
15.5623
-231.73
-1806.25
68.1631
-140.161
-117.827
-79.8767
-138.804
-496.547
-213.101
-756.42
-77.3181
34.5493
-494.082
-35.9579
121.956
-1225.78
55.1879
-135.884
-849.218
-12.82
0.581705
-1888.82
36.3963
-395.955
-3.16689
-202.258
-136.32
-444.472
86.7632
-1072.45
60.6107
-166.418
-207.589
534.07
161.222
-1931.27
447.08
204.384
-1757.08
-93.9451
-212.702
-400.125
-207.756
57.4949
-997.522
238.583
-1355.36
-278.54
-231.244
-483.015
4.71262
-67.7014
-168.764
13.6732
-234.75
-1009.04
39.8574
-60.8178
-414.506
128.848
-684.107
-359.861
-172.289
-588.073
-52.0444
374.734
-2556.5
9.33547
28.6469
-442.604
16.8944
-9.84375
-555.08
-69.4473
-16.5386
-240.21
-177.68
-248.481
-323.165
83.3644
-851.456
-112.271
-15.3039
-1016.16
-273.504
-82.3912
-1655.04
143.054
-1087.94
16.7421
-396.679
-74.7219
-269.643
-0.857829
-1161.62
60.7017
-310.369
-249.108
1011.7
-477.093
-3530.89
-9.47926
-33.6257
-509.314
-17.931
-115.057
-79.8419
-113.969
1.78605
-1031.64
94.7565
-1270.22
54.4006
0.331984
-1014.84
69.2581
286.192
-503.439
-24.3506
-475.895
-554.591
1.06261
48.2675
-486.401
1.92325
-671.202
606.207
4.5284
-1198.48
247.076
424.352
-2335.53
104.452
-12.0277
-763.848
88.0825
250.851
-741.293
-195.784
-27.1263
-47.9776
-148.401
-47.5737
-42.272
-1.50943
-431.3
112.379
-227.611
-955.23
-447.014
-100.098
-744.693
-133.64
-1616.48
81.8459
-626.926
-158.295
-31.0114
-62.4389
-1485.09
-162.933
-309.973
-958.58
-346.121
-286.047
-3022.88
62.2272
67.8723
-1177.59
57.1906
4.08155
-37.4046
446.735
142.47
-2385.74
-115.973
-55.4779
86.4082
-277.516
-1109.78
134.527
366.447
-850.132
-51.8236
-14.4703
-349.688
107.071
191.802
-694.627
-76.1998
-934.632
1132
-510.676
-2097.31
-204.476
-227.177
-405.435
-55.7519
69.5186
-996.561
-49.6329
3.91784
-559.528
-139.845
-52.3192
112.378
169.286
-839.914
186.018
-50.1208
-681.996
-56.0188
95.6969
-739.371
-303.491
29.3268
-522.629
-175.409
-1846.47
33.4662
-491.107
300.541
-348.207
89.2076
-1178.06
-86.4487
-104.99
-1336.6
-737.711
-86.8329
-2257.29
56.8682
-206.59
-2260.87
91.7096
-26.1222
-70.4483
-77.9277
-423.094
-1647.99
-40.9655
-32.5349
-80.8276
-108.676
-1007.11
40.5357
-82.5738
-1095.51
14.0636
-81.9508
-267.387
309.21
-99.5489
-1313.32
-189.628
-490.312
-266.159
-784.852
-1154.98
38.9089
62.0367
-855.113
-11.9637
-41.7339
-985.905
-0.476088
13.3502
-683.915
258.711
-525.663
-67.4928
-682.002
-875.271
82.3846
-73.4664
-696.371
49.434
-212.958
-535.197
105.321
-81.7146
-483.451
90.3298
-1262.48
-43.7738
-1129.33
-134.378
-331.07
-18.7563
-1506.64
171.421
-376.882
-997.736
-696.003
-316.176
-923.216
-67.1194
-45.3914
-2906.55
-7.01193
-9.08901
-183.622
-1.07706
8.63808
-1807.91
-0.274012
-389.978
78.5138
-238.694
-1163.1
41.3272
13.773
-1117.49
-15.8561
-111.993
-107.3
51.1718
25.3855
-1397.09
-85.6651
-296.946
81.8115
8.22691
-1483.71
120.577
82.4122
-962.518
-100.776
-137.326
-739.22
-53.595
-45.5886
-660.121
-30.1387
-693.171
-20.7762
-325.079
-521.189
-38.924
-26.6201
-569.19
27.3306
-332.46
-406.318
45.925
-230.356
-317.278
-132.367
-945.994
-111.192
-1343.22
-176.799
-292.084
-21.0338
-1994.86
123.844
-752.116
-1070.31
-139.692
-32.9534
-556.209
-221.959
92.7996
-2668.28
-109.186
-10.3793
-312.113
287.34
37.1102
-2519.35
-79.8302
-728.154
-36.1218
-296.788
-863.147
-5.38824
-10.7259
-1044.7
-22.1262
10.489
-111.43
-117.663
91.8665
-1356.31
51.5731
-528.576
272.867
-120.22
-1933.15
33.4147
-69.1254
-664.666
-8.80057
-26.3965
-660.118
-0.486735
-17.2639
-559.305
-83.8749
-551.62
52.0209
219.08
-912.51
69.6253
-21.654
-634.266
42.9772
260.479
-666.546
22.6264
-31.4515
-282.739
-13.1175
-1157.99
-108.987
-1015.15
115.473
-538.197
-49.5835
-1569.32
-148.793
-684.358
-1188.37
297.766
60.9718
-1203.99
-1.26674
-332.117
-1823.93
307.401
9.10454
-649.378
-118.574
-515.961
-1078.73
-49.6374
-750.615
-14.989
282.657
-1069.84
-83.6598
-329.432
-978.713
93.1819
69.3522
-348.519
32.4352
-496.483
-1315.04
39.2012
-683.783
-470.5
-114.946
-1065.04
-256.778
-123.87
-1083.95
-18.467
197.196
-1026.27
37.409
-90.9202
-1020.74
273.512
-918.186
-137.555
-199.109
-690.79
-86.4025
-86.6461
-722.643
38.533
222.76
-817.045
226.311
-24.8591
-536.578
139.703
-964.117
6.08013
-1220.34
71.9556
-690.719
33.2584
-1307.87
194.614
-870.573
-1025.01
-25.1506
7.97488
-1025.46
-208.436
-93.1436
-1306.38
-43.0232
-37.0779
-852.315
98.273
-67.5122
-1236.21
-94.9081
-920.967
-50.6781
-58.4611
-952.729
-15.4786
-125.913
-981.143
177.512
153.003
-731.591
49.5687
-160.946
-1093.67
67.5185
-870.924
5.79315
-55.0036
-1074.29
-16.5987
-180.733
-1006.74
-17.0058
69.1374
-941.999
-23.8166
-222.904
-951.974
32.3312
-916.481
25.5123
120.791
-892.097
29.0328
-56.9739
-849.922
34.1368
143.085
-896.097
127.425
-26.0849
-826.685
40.8626
-977.796
-72.7993
-1026.75
53.5267
-874.019
-22.0903
-1089.16
-17.3915
-901.356
-1023.73
15.2999
-2.69437
-1026.38
-41.0107
-65.1835
-1123.2
37.1459
-16.9834
-929.075
16.3199
-89.5425
-1103.35
-33.6671
-956.558
-4.13325
-3.91645
-947.374
-0.412643
-70.7733
-979.274
75.8418
40.4959
-865.325
26.5508
-104.823
-1029.1
10.8642
-930.077
-30.3719
-29.0731
-1018.76
-31.2861
-74.0879
-1002.51
1.06781
33.0941
-966.951
9.48492
-79.9425
-985.271
24.0422
-958.217
-2.07711
12.9918
-932.085
12.233
-21.4839
-916.837
29.4695
55.5988
-935.837
58.9634
-17.9032
-918.218
26.5037
-976.42
-16.949
-996.813
18.8877
-931.339
3.24981
-1017.93
21.1553
-937.165
-1000.23
3.44188
-10.2916
-1007.35
-14.9358
-33.6968
-1046.73
25.0896
-12.7129
-965.129
13.2994
-49.577
-1048.44
-23.3275
-977.882
6.36022
-5.58213
-958.443
6.10573
-32.1965
-980.52
44.1706
14.0846
-930.187
19.8619
-48.5352
-1005.83
-2.27343
-961.52
-7.66487
-16.5672
-1000.11
-8.28133
-39.3829
-994.704
7.8213
7.55272
-976.522
8.01842
-44.6394
-989.364
3.00992
-977.44
2.5607
5.13704
-956.35
9.9715
-11.6841
-951.946
20.4908
19.8629
-958.666
28.985
-13.6519
-957.7
7.78055
-979.628
-6.42496
-985.25
10.3133
-959.761
5.44197
-993.194
15.7034
-961.078
-991.74
4.00333
-9.09198
-998.143
-0.85995
-19.0061
-1015.68
18.6064
-10.4911
-980.211
10.7281
-28.2657
-1020.07
-16.6714
-987.994
7.2123
-4.43297
-970.314
6.89736
-16.1057
-983.105
26.6287
0.820806
-961.23
14.5985
-24.7558
-997.307
-5.99393
-978.717
-1.38115
-10.3593
-992.806
-0.0422819
-20.4924
-991.656
8.34004
-0.427852
-983.655
7.94283
-23.2348
-990.488
-4.36944
-985.894
3.37557
0.242187
-970.327
7.03835
-6.19556
-969.905
14.2904
5.63911
-971.985
16.5113
-8.03624
-975.119
0.531625
-983.839
-1.10063
-983.907
6.8258
-973.884
6.06951
-986.799
12.0742
-975.119
-989.606
3.84413
-7.30792
-994.734
2.34244
-11.4418
-1002.68
13.673
-8.8078
-987.786
9.27327
-16.706
-1006.11
-12.7592
-993.471
5.71662
-3.7986
-979.54
6.14463
-8.80782
-986.167
16.7007
-2.76671
-977.826
10.855
-13.5422
-994.626
-7.11986
-988.265
0.965837
-6.93457
-990.637
2.269
-11.0717
-990.695
7.51958
-4.19171
-987.481
7.33369
-12.6003
-991.244
-6.29445
-990.092
3.00623
-0.889577
-979.378
5.38278
-3.43419
-979.919
9.86197
0.210283
-980.866
10.6994
-4.68298
-983.873
-1.68658
-987.935
0.6699
-985.467
5.18268
-981.83
5.54084
-986.946
9.1093
-983.37
-989.952
3.27235
-5.72727
-993.762
3.39863
-7.4298
-997.147
10.1123
-7.01988
-991.862
8.05146
-10.3554
-999.806
-9.70122
-996.456
4.05687
-3.24966
-986.075
5.02032
-5.33113
-989.228
10.6895
-3.5803
-986.935
8.20961
-8.13101
-994.37
-6.74982
-993.332
1.65208
-4.79818
-990.74
2.97183
-6.32026
-991.025
6.34241
-4.35724
-990.074
6.47046
-7.22831
-992.274
-5.67614
-992.722
2.37243
-1.11485
-985.433
4.2077
-2.07949
-985.996
6.86309
-1.0686
-986.81
7.5099
-2.89874
-988.85
-2.20277
-991.084
1.19998
-987.782
4.04838
-986.758
4.77744
-988.744
6.89892
-988.39
-991.32
2.61529
-4.36456
-993.916
3.56367
-5.08062
-995.298
7.41499
-5.32786
-994.191
6.85042
-6.77621
-997.606
-7.23627
-997.927
2.76679
-2.76125
-990.445
3.95114
-3.62619
-991.867
7.02045
-3.48328
-991.849
6.35408
-5.43852
-995.041
-5.71269
-995.845
1.64679
-3.35289
-991.795
2.95486
-3.8682
-992.092
5.0984
-3.52154
-992.18
5.48578
-4.49758
-993.603
-4.43779
-994.599
1.79971
-1.07716
-989.509
3.30546
-1.43267
-989.937
4.91387
-1.28958
-990.651
5.52761
-1.99768
-991.964
-2.05457
-993.385
1.28099
-990.14
3.13901
-990.049
4.04278
-990.938
5.20528
-991.55
-993.04
1.99719
-3.26
-994.68
3.24262
-3.59256
-995.324
5.38045
-3.9323
-995.668
5.62934
-4.69773
-997.397
-5.34168
-998.572
1.88904
-2.34461
-993.249
3.08923
-2.74976
-993.91
4.80576
-3.0368
-994.461
5.00755
-3.93796
-996.003
-4.45739
-997.103
1.41527
-2.34064
-993.214
2.61447
-2.53193
-993.509
3.96095
-2.60552
-993.958
4.44395
-3.04991
-994.974
-3.30698
-995.966
1.36635
-0.95032
-992.265
2.57905
-1.10239
-992.579
3.65352
-1.17499
-993.156
4.19103
-1.49238
-994.059
-1.66471
-995.073
1.16712
-992.257
2.43978
-992.423
3.31897
-992.992
3.97147
-993.695
-994.672
1.4926
-2.42565
-995.704
2.68729
-2.62067
-996.117
3.92296
-2.92602
-996.723
4.39847
-3.41527
-997.824
-3.93637
-998.917
1.3401
-1.98413
-995.031
2.41412
-2.1986
-995.406
3.46281
-2.46981
-995.966
3.88384
-2.9261
-996.913
-3.33805
-997.858
1.1353
-1.66892
-994.664
2.13429
-1.77782
-994.928
3.02472
-1.91767
-995.4
3.46728
-2.18781
-996.154
-2.44154
-996.977
1.05259
-0.802313
-994.184
2.0017
-0.879235
-994.426
2.7796
-0.964551
-994.886
3.21553
-1.12619
-995.556
-1.26571
-996.323
0.97403
-994.033
1.90354
-994.232
2.61596
-994.669
3.06162
-995.267
-995.993
1.10918
-1.85405
-996.699
2.07253
-1.98616
-997
2.88508
-2.21474
-997.529
3.31654
-2.53979
-998.308
-2.90696
-999.169
0.988751
-1.60779
-996.266
1.84869
-1.72638
-996.526
2.56572
-1.91331
-996.984
2.95101
-2.1839
-997.654
-2.4741
-998.395
0.878442
-1.24134
-995.909
1.66145
-1.31456
-996.123
2.29963
-1.43208
-996.519
2.66123
-1.60986
-997.09
-1.80221
-997.737
0.813347
-0.643119
-995.595
1.5457
-0.685266
-995.787
2.12798
-0.748245
-996.152
2.47068
-0.843474
-996.665
-0.943422
-997.257
0.772035
-995.448
1.47757
-995.623
2.02855
-995.968
2.3632
-996.445
-997.004
0.820779
-1.44277
-997.517
1.54912
-1.53128
-997.739
2.12981
-1.68735
-998.148
2.47106
-1.9022
-998.718
-2.14994
-999.368
0.738393
-1.25965
-997.187
1.39436
-1.33306
-997.38
1.91655
-1.45849
-997.735
2.22411
-1.63264
-998.231
-1.83026
-998.797
0.670108
-0.943646
-996.895
1.2696
-0.992954
-997.062
1.74416
-1.0774
-997.375
2.0275
-1.19632
-997.81
-1.33125
-998.31
0.624984
-0.498657
-996.665
1.18608
-0.52479
-996.816
1.6272
-0.568487
-997.103
1.89371
-0.630028
-997.498
-0.699117
-997.956
0.599066
-996.546
1.13917
-996.687
1.5618
-996.959
1.81956
-997.333
-997.767
0.606257
-1.12297
-998.147
1.14769
-1.18149
-998.312
1.57337
-1.28478
-998.618
1.83315
-1.42603
-999.038
-1.59049
-999.524
0.551801
-0.975124
-997.887
1.04497
-1.02286
-998.032
1.43272
-1.10629
-998.301
1.66912
-1.22086
-998.672
-1.35334
-999.101
0.507603
-0.721514
-997.656
0.962114
-0.754614
-997.784
1.31895
-0.812327
-998.026
1.53734
-0.891791
-998.357
-0.983512
-998.741
0.477172
-0.382508
-997.481
0.904912
-0.399656
-997.599
1.24024
-0.429286
-997.821
1.44624
-0.47007
-998.125
-0.517078
-998.479
0.460055
-997.388
0.872959
-997.5
1.19635
-997.711
1.39546
-998.002
-998.339
0.447362
-0.868991
-998.623
0.847704
-0.907524
-998.745
1.16189
-0.975223
-998.972
1.35696
-1.06784
-999.282
-1.17612
-999.643
0.411698
-0.749997
-998.417
0.780302
-0.781492
-998.526
1.06953
-0.836722
-998.729
1.24892
-0.912261
-999.007
-1.00025
-999.33
0.382707
-0.55143
-998.237
0.725429
-0.573587
-998.335
0.994382
-0.612198
-998.519
1.16133
-0.665048
-998.771
-0.726671
-999.064
0.362386
-0.29208
-998.103
0.687091
-0.303472
-998.193
0.941848
-0.323282
-998.364
1.10002
-0.350491
-998.598
-0.382276
-998.87
0.350961
-998.031
0.665533
-998.117
0.912221
-998.281
1.06537
-998.506
-998.767
0.329804
-0.668018
-998.979
0.625275
-0.693353
-999.069
0.857491
-0.737639
-999.237
1.00299
-0.798249
-999.466
-0.869107
-999.734
0.306539
-0.573883
-998.818
0.581157
-0.594774
-998.899
0.797002
-0.631111
-999.051
0.932252
-0.680779
-999.259
-0.738997
-999.502
0.287444
-0.420354
-998.678
0.545029
-0.435078
-998.752
0.74753
-0.460634
-998.892
0.874254
-0.495732
-999.082
-0.536925
-999.305
0.274023
-0.222283
-998.574
0.519617
-0.229858
-998.644
0.712564
-0.243052
-998.774
0.833208
-0.261236
-998.953
-0.282453
-999.162
0.2664
-998.519
0.505101
-998.586
0.692534
-998.712
0.809826
-998.884
-999.085
0.242896
-0.510486
-999.244
0.460781
-0.527152
-999.31
0.632406
-0.556017
-999.434
0.740649
-0.595547
-999.604
-0.641909
-999.802
0.227739
-0.437165
-999.119
0.432017
-0.450946
-999.18
0.592936
-0.474715
-999.293
0.694346
-0.507365
-999.449
-0.545771
-999.63
0.215256
-0.319363
-999.011
0.408369
-0.329085
-999.067
0.560385
-0.345973
-999.172
0.65606
-0.369251
-999.316
-0.396486
-999.485
0.206476
-0.168642
-998.932
0.391556
-0.173712
-998.985
0.537157
-0.182523
-999.084
0.628889
-0.194562
-999.22
-0.208518
-999.379
0.201358
-998.889
0.381747
-998.941
0.523727
-999.037
0.613305
-999.168
-999.322
0.178775
-0.388128
-999.441
0.339357
-0.39905
-999.49
0.466128
-0.417752
-999.581
0.546561
-0.443494
-999.706
-0.473898
-999.853
0.168953
-0.331615
-999.344
0.320715
-0.340654
-999.39
0.440415
-0.356225
-999.474
0.516191
-0.377696
-999.59
-0.402847
-999.726
0.160862
-0.241787
-999.262
0.305215
-0.248258
-999.304
0.418995
-0.259448
-999.383
0.491103
-0.274759
-999.491
-0.292586
-999.618
0.155075
-0.127587
-999.201
0.294061
-0.131031
-999.241
0.403703
-0.136855
-999.316
0.473297
-0.144711
-999.419
-0.153902
-999.54
0.151586
-999.169
0.28749
-999.208
0.39481
-999.281
0.462888
-999.381
-999.498
0.131574
-0.293767
-999.587
0.249893
-0.300895
-999.623
0.343408
-0.313037
-999.69
0.402934
-0.329805
-999.782
-0.349542
-999.89
0.125253
-0.250567
-999.513
0.237787
-0.256558
-999.546
0.326649
-0.266808
-999.609
0.383218
-0.280841
-999.696
-0.29721
-999.797
0.119957
-0.182503
-999.45
0.227579
-0.186872
-999.481
0.312645
-0.194229
-999.541
0.366884
-0.20419
-999.622
-0.215864
-999.717
0.116083
-0.096295
-999.404
0.220239
-0.0985962
-999.434
0.302687
-0.102356
-999.491
0.355214
-0.107465
-999.568
-0.113531
-999.659
0.113745
-999.379
0.215925
-999.408
0.296807
-999.464
0.348241
-999.539
-999.628
0.0968816
-0.221431
-999.695
0.184018
-0.226139
-999.721
0.252965
-0.234081
-999.771
0.29687
-0.244986
-999.838
-0.257675
-999.918
0.0927676
-0.18871
-999.638
0.176103
-0.192732
-999.663
0.242061
-0.199442
-999.71
0.28419
-0.208547
-999.774
-0.219214
-999.849
0.0892514
-0.137393
-999.59
0.169418
-0.140303
-999.614
0.232971
-0.145067
-999.658
0.273547
-0.151551
-999.719
-0.159213
-999.79
0.086701
-0.0724615
-999.555
0.164662
-0.0739388
-999.578
0.226483
-0.0763564
-999.62
0.265882
-0.0797064
-999.679
-0.0837113
-999.748
0.0851946
-999.537
0.161834
-999.559
0.22256
-999.6
0.261205
-999.658
-999.725
0.0713518
-0.166331
-999.774
0.135524
-0.169474
-999.794
0.186379
-0.174667
-999.83
0.218683
-0.181752
-999.88
-0.189942
-999.939
0.0686445
-0.141706
-999.732
0.130352
-0.144371
-999.75
0.179294
-0.148717
-999.785
0.210497
-0.15465
-999.832
-0.161625
-999.888
0.0663465
-0.103117
-999.695
0.126022
-0.10501
-999.713
0.17337
-0.108106
-999.746
0.203539
-0.112367
-999.791
-0.117409
-999.845
0.0647167
-0.0543373
-999.669
0.122931
-0.0553096
-999.686
0.169101
-0.0568928
-999.718
0.19849
-0.0591032
-999.761
-0.0617392
-999.813
0.0637213
-999.655
0.121044
-999.671
0.166466
-999.703
0.195357
-999.746
-999.796
0.0525344
-0.124595
-999.833
0.0997874
-0.126664
-999.847
0.137247
-0.130027
-999.874
0.160992
-0.134612
-999.911
-0.139907
-999.955
0.0507835
-0.106095
-999.801
0.0964388
-0.107829
-999.814
0.132662
-0.110647
-999.84
0.155697
-0.114532
-999.875
-0.119094
-999.917
0.049318
-0.0771688
-999.773
0.0936342
-0.0784305
-999.786
0.128783
-0.0804586
-999.811
0.151145
-0.083252
-999.845
-0.086546
-999.885
0.0482497
-0.0406804
-999.753
0.0916087
-0.041352
-999.766
0.12598
-0.0423837
-999.79
0.147843
-0.0438277
-999.823
-0.0455142
-999.862
0.047561
-999.743
0.0903525
-999.755
0.124223
-999.779
0.145792
-999.811
-999.849
0.0386395
-0.0931146
-999.876
0.0733824
-0.0944498
-999.887
0.100931
-0.0965858
-999.907
0.118463
-0.0995081
-999.934
-0.10295
-999.966
0.0375372
-0.0792609
-999.852
0.0712563
-0.0804075
-999.862
0.0980076
-0.0822254
-999.881
0.115023
-0.0847351
-999.907
-0.0876941
-999.938
0.036589
-0.0576928
-999.832
0.0694501
-0.0585466
-999.841
0.0954993
-0.0598388
-999.86
0.112068
-0.0616356
-999.885
-0.0637535
-999.915
0.035878
-0.0304572
-999.817
0.0681584
-0.0308941
-999.826
0.0936942
-0.0315512
-999.844
0.109943
-0.0324837
-999.869
-0.0335763
-999.897
0.03543
-999.809
0.0673365
-999.818
0.0925322
-999.836
0.108581
-999.86
-999.888
0.0283842
-0.0694688
-999.908
0.053925
-0.0703331
-999.916
0.0741792
-0.071665
-999.931
0.087116
-0.0734971
-999.951
-0.075718
-999.974
0.0276907
-0.0591811
-999.89
0.0525985
-0.0599508
-999.898
0.0723419
-0.0610889
-999.912
0.0848992
-0.0626735
-999.931
-0.0645587
-999.954
0.02707
-0.0431315
-999.875
0.0514691
-0.0436708
-999.882
0.070757
-0.0444664
-999.896
0.083016
-0.045609
-999.915
-0.0469785
-999.936
0.0266366
-0.0227622
-999.864
0.0506732
-0.0230198
-999.871
0.0696091
-0.0234412
-999.884
0.0816399
-0.0240571
-999.902
-0.0247987
-999.924
0.0263724
-999.858
0.050131
-999.865
0.0688247
-999.878
0.0806991
-999.896
-999.917
0.0208899
-0.0517818
-999.932
0.0396853
-0.0523771
-999.938
0.0545366
-0.0532182
-999.948
0.0640013
-0.0543476
-999.963
-0.0557078
-999.98
0.0204215
-0.0441798
-999.919
0.0388474
-0.0446817
-999.924
0.0534001
-0.0453826
-999.934
0.0626434
-0.0463711
-999.949
-0.0475444
-999.965
0.0200312
-0.0321817
-999.907
0.0381526
-0.032502
-999.912
0.0524115
-0.0329992
-999.922
0.0614753
-0.0337378
-999.936
-0.0346361
-999.953
0.0197894
-0.0169323
-999.899
0.0376553
-0.0170804
-999.904
0.0516685
-0.0173676
-999.914
0.0605729
-0.0177924
-999.927
-0.0182837
-999.943
0.019637
-999.894
0.0372791
-999.899
0.0511182
-999.909
0.0599346
-999.923
-999.938
0.0154293
-0.0385751
-999.95
0.0292482
-0.039007
-999.954
0.0401022
-0.0395503
-999.962
0.0470082
-0.0402365
-999.973
-0.0410363
-999.985
0.0150928
-0.0329004
-999.94
0.0287087
-0.0332155
-999.944
0.039413
-0.0336636
-999.951
0.0462085
-0.0343017
-999.962
-0.0350364
-999.974
0.0148597
-0.0238952
-999.931
0.0282652
-0.0240924
-999.935
0.0387754
-0.0244327
-999.942
0.0454764
-0.0249389
-999.953
-0.0255224
-999.965
0.01472
-0.0125221
-999.924
0.0279249
-0.0126209
-999.928
0.0382654
-0.0128436
-999.936
0.044888
-0.0131407
-999.946
-0.0134425
-999.958
0.0146175
-999.921
0.0276365
-999.925
0.0378756
-999.932
0.0444775
-999.942
-999.954
0.0113865
-0.0286563
-999.963
0.0215531
-0.0289423
-999.966
0.0295029
-0.0293069
-999.972
0.0345152
-0.0297613
-999.979
-0.0302796
-999.989
0.0111706
-0.0243559
-999.955
0.0211908
-0.0245546
-999.958
0.0290458
-0.0248828
-999.964
0.0339992
-0.0253502
-999.972
-0.0258373
-999.981
0.0110318
-0.0176305
-999.948
0.020867
-0.017776
-999.951
0.0285802
-0.0180496
-999.957
0.0335121
-0.0184123
-999.965
-0.0187544
-999.974
0.0109282
-0.00922511
-999.944
0.0205937
-0.00932691
-999.947
0.0282154
-0.00950523
-999.952
0.0331635
-0.00968741
-999.96
-0.00984442
-999.969
0.0108227
-999.941
0.0203674
-999.944
0.0279661
-999.95
0.0329245
-999.957
-999.966
0.00838192
-0.0211523
-999.972
0.0158891
-0.0213215
-999.974
0.0217536
-0.0216087
-999.979
0.0253911
-0.0219953
-999.984
-0.0224139
-999.991
0.00826382
-0.0179092
-999.966
0.0156014
-0.0180592
-999.969
0.0213689
-0.0183451
-999.973
0.024968
-0.0187192
-999.979
-0.0190284
-999.985
0.00815809
-0.0129598
-999.962
0.0153181
-0.0130999
-999.964
0.0209972
-0.0133245
-999.968
0.0246512
-0.0135608
-999.974
-0.013732
-999.98
0.00804845
-0.00681802
-999.958
0.0150942
-0.00692838
-999.96
0.0207608
-0.00703416
-999.964
0.024476
-0.00711801
-999.97
-0.00720957
-999.976
0.00793465
-999.956
0.0149533
-999.959
0.0206272
-999.963
0.0243238
-999.968
-999.975
0.00618577
-0.0155346
-999.979
0.0117272
-0.0156618
-999.981
0.0160926
-0.0159213
-999.984
0.0187642
-0.0162796
-999.988
-0.0166074
-999.993
0.00609932
-0.0131526
-999.975
0.011471
-0.0132955
-999.977
0.0157534
-0.0135317
-999.98
0.0184361
-0.0137955
-999.984
-0.013976
-999.989
0.00598836
-0.00955608
-999.971
0.0112326
-0.00968179
-999.973
0.0154869
-0.00982467
-999.976
0.0182448
-0.00996315
-999.98
-0.0100962
-999.985
0.00588512
-0.00507471
-999.969
0.0110902
-0.00514797
-999.971
0.0153486
-0.00518099
-999.973
0.0181137
-0.00523532
-999.977
-0.0053499
-999.982
0.00580965
-999.968
0.0110309
-999.969
0.0152565
-999.972
0.0179559
-999.976
-999.981
0.00457271
-0.0114516
-999.984
0.00865565
-0.0115744
-999.986
0.0119186
-0.0117741
-999.988
0.0139539
-0.0120504
-999.991
-0.0122668
-999.995
0.00448547
-0.00972618
-999.981
0.00846679
-0.00984085
-999.983
0.0116917
-0.00998059
-999.985
0.0137486
-0.0101332
-999.988
-0.0102621
-999.991
0.00439274
-0.00708511
-999.979
0.00831878
-0.00715363
-999.98
0.0115308
-0.00722063
-999.982
0.0135938
-0.00733431
-999.985
-0.00751032
-999.989
0.00434101
-0.00376568
-999.977
0.00825138
-0.00378583
-999.978
0.011419
-0.00380629
-999.98
0.0134209
-0.00389032
-999.983
-0.00402547
-999.987
0.0043195
-999.976
0.00821163
-999.977
0.0113073
-999.979
0.0132537
-999.982
-999.986
0.003354
-0.00853647
-999.988
0.00638884
-0.00861336
-999.989
0.00883142
-0.00870627
-999.991
0.0103512
-0.00885189
-999.993
-0.00895924
-999.996
0.00330439
-0.00724509
-999.986
0.00630517
-0.00729077
-999.987
0.0087206
-0.00734197
-999.989
0.0102661
-0.00743806
-999.991
-0.00757776
-999.994
0.00327375
-0.00524546
-999.984
0.00624612
-0.00525834
-999.985
0.00861941
-0.00530993
-999.987
0.0101077
-0.00543994
-999.989
-0.00562527
-999.992
0.00327194
-0.00275915
-999.983
0.00619359
-0.00277093
-999.984
0.00849195
-0.00282645
-999.985
0.00992309
-0.00292677
-999.988
-0.00302574
-999.99
0.00325906
-999.982
0.00612455
-999.983
0.00837271
-999.985
0.00979957
-999.987
-999.989
0.00245023
-0.00640858
-999.991
0.00473884
-0.00640797
-999.992
0.00656782
-0.00641739
-999.993
0.00764325
-0.00647536
-999.995
-0.00651232
-999.997
0.00246946
-0.00540002
-999.99
0.004732
-0.005391
-999.99
0.00650345
-0.00541645
-999.991
0.0076216
-0.00550253
-999.993
-0.00564854
-999.995
0.00248812
-0.00387101
-999.988
0.00470349
-0.00388021
-999.989
0.00641604
-0.00395612
-999.99
0.00748192
-0.00407642
-999.992
-0.00420511
-999.994
0.0024855
-0.00202895
-999.987
0.00462831
-0.00207172
-999.988
0.0062963
-0.00214528
-999.989
0.00735279
-0.00221099
-999.991
-0.00224178
-999.993
0.00244155
-999.987
0.00454579
-999.987
0.00621665
-999.989
0.00730417
-999.99
-999.992
0.00182379
-0.00481512
-999.994
0.00355357
-0.00477916
-999.994
0.00491907
-0.00477275
-999.995
0.00575856
-0.0048229
-999.996
-0.00490302
-999.997
0.0018759
-0.00403122
-999.992
0.00356052
-0.00402243
-999.993
0.00485552
-0.00406543
-999.994
0.00569295
-0.00414208
-999.995
-0.00426169
-999.996
0.00189039
-0.00289404
-999.991
0.00351556
-0.00293372
-999.992
0.00477516
-0.00301308
-999.993
0.00558745
-0.00307913
-999.994
-0.00313502
-999.995
0.00185667
-0.00154617
-999.991
0.00344044
-0.00160686
-999.991
0.00470808
-0.00165102
-999.992
0.00553968
-0.00165663
-999.993
-0.00164236
-999.994
0.00179485
-999.99
0.00339
-999.991
0.00468738
-999.992
0.00554645
-999.993
-999.994
0.00139328
-0.00362789
-999.995
0.00268647
-0.0036114
-999.996
0.00373793
-0.00363946
-999.996
0.00449414
-0.0037112
-999.997
-0.00384391
-999.998
0.00143499
-0.00304752
-999.994
0.00268111
-0.00306717
-999.995
0.00366691
-0.00311322
-999.995
0.00432823
-0.00314632
-999.996
-0.00323661
-999.997
0.00141309
-0.00223236
-999.994
0.00262379
-0.00228774
-999.994
0.00360665
-0.00232984
-999.995
0.00427294
-0.00232284
-999.996
-0.00233832
-999.997
0.00136444
-0.00122817
-999.993
0.00259332
-0.00126525
-999.994
0.00360505
-0.00125583
-999.994
0.00427324
-0.00121883
-999.995
-0.00119916
-999.996
0.00132451
-999.993
0.00259467
-999.993
0.00362714
-999.994
0.00428677
-999.995
-999.995
0.00108467
-0.00275321
-999.997
0.00203996
-0.00275829
-999.997
0.00283216
-0.00279557
-999.997
0.00352863
-0.0028398
-999.998
-0.00298656
-999.999
0.00109715
-0.00235342
-999.996
0.00203039
-0.00239541
-999.996
0.00279888
-0.00241139
-999.997
0.00333459
-0.00238553
-999.997
-0.00244402
-999.998
0.00105102
-0.00177514
-999.995
0.00199547
-0.00181278
-999.996
0.00278029
-0.00179115
-999.996
0.00331849
-0.0017326
-999.997
-0.00170819
-999.997
0.00102131
-0.000983546
-999.995
0.00202494
-0.000973652
-999.995
0.0028396
-0.000926173
-999.996
0.00335425
-0.000871464
-999.996
-0.000822645
-999.997
0.00103166
-999.995
0.00206615
-999.995
0.00288236
-999.995
0.00339881
-999.996
-999.997
0.000866261
-0.00213357
-999.997
0.00154181
-0.00216442
-999.998
0.00209312
-0.0021681
-999.998
0.00265009
-0.00214667
-999.999
-0.0022033
-999.999
0.000843241
-0.0018766
-999.997
0.00155283
-0.00191506
-999.997
0.00214142
-0.0018853
-999.998
0.00258276
-0.00182886
-999.998
-0.00179409
-999.999
0.000807939
-0.00143266
-999.997
0.00156508
-0.00142865
-999.997
0.00218482
-0.0013595
-999.997
0.00261298
-0.00127833
-999.998
-0.00117614
-999.998
0.000817248
-0.000769558
-999.996
0.00163564
-0.000721478
-999.997
0.00227998
-0.000668783
-999.997
0.00271289
-0.000616607
-999.997
-0.000530859
-999.998
0.00085952
-999.996
0.00168228
-999.996
0.00232865
-999.997
0.0027863
-999.997
-999.998
0.000682758
-0.00176038
-999.998
0.00116886
-0.0017864
-999.999
0.00159889
-0.00174438
-999.999
0.00199378
-0.00166972
-999.999
-0.00165355
-999.999
0.000653413
-0.00153784
-999.998
0.00121607
-0.00153888
-999.998
0.00170568
-0.0014799
-999.999
0.00204483
-0.00142937
-999.999
-0.00133683
-999.999
0.000655325
-0.00114432
-999.998
0.00126646
-0.00110573
-999.998
0.0017595
-0.00103698
-999.998
0.00210252
-0.000980009
-999.999
-0.000873294
-999.999
0.000696031
-0.000579624
-999.998
0.00133044
-0.000540015
-999.998
0.0018308
-0.000515659
-999.998
0.00219925
-0.00050257
-999.998
-0.000483306
-999.999
0.00073558
-999.998
0.00134677
-999.998
0.00184694
-999.998
0.0022092
-999.998
-999.999
0.000513276
-0.00148346
-999.999
0.000964961
-0.00146732
-999.999
0.00140242
-0.00141327
-999.999
0.00170593
-0.00136465
-999.999
-0.00140902
-999.999
0.000529864
-0.00124875
-999.999
0.00101296
-0.0012125
-999.999
0.0014415
-0.00117636
-999.999
0.00172932
-0.00118493
-999.999
-0.00117901
-1000
0.000565163
-0.000895356
-999.999
0.00104687
-0.000862706
-999.999
0.00144571
-0.000846134
-999.999
0.00171208
-0.000875215
-999.999
-0.000914836
-1000
0.00059998
-0.000448571
-999.999
0.00105666
-0.00045177
-999.999
0.00142945
-0.000470723
-999.999
0.00166997
-0.00052184
-999.999
-0.000624248
-1000
0.000593716
-999.999
0.00103152
-999.999
0.00138756
-999.999
0.00156896
-999.999
-1000
0.000437109
-0.00127435
0.000927531
-0.00122172
0.00138559
-0.00120713
0.00168187
-0.00125059
-0.00138975
0.000478889
-0.00105082
0.000927293
-0.00102402
0.00131681
-0.00103741
0.00156581
-0.00111564
-0.00123557
0.000506271
-0.000751699
0.000911786
-0.000760126
0.00124726
-0.000794472
0.0014583
-0.000892234
-0.0010617
0.000502294
-0.000398363
0.000869193
-0.000452182
0.00116865
-0.000481679
0.00131742
-0.000553877
-0.000657112
0.000453977
0.000834741
0.00110723
0.00121711
)
;

boundaryField
{
    inlet
    {
        type            calculated;
        value           nonuniform List<scalar> 
25
(
-1000
-1000
-1000
-1000
-1000
-1000
-1000
-1000
-1000
-1000
-1000
-1000
-1000
-1000
-1000
-1000
-1000
-1000
-1000
-1000
-1000
-1000
-1000
-1000
-1000
)
;
    }
    outlet
    {
        type            calculated;
        value           nonuniform List<scalar> 
25
(
999.998
999.998
999.998
999.997
999.997
999.998
999.998
999.998
999.997
999.997
999.998
999.998
999.998
999.998
999.997
999.998
999.998
999.998
999.998
999.998
999.999
999.998
999.998
999.998
999.998
)
;
    }
    repeat_boundary
    {
        type            calculated;
        value           uniform 0;
    }
    procBoundary2to0
    {
        type            processor;
        value           nonuniform List<scalar> 
450
(
-0.000217793
-0.000224421
-0.000213467
-0.000249586
-0.000272375
-0.000611486
-0.000616364
-0.000571591
-0.000641132
-0.00067444
-0.00105547
-0.00104275
-0.000971628
-0.000975363
-0.000859938
-0.00156448
-0.00155302
-0.00149156
-0.00143066
-0.00113579
-0.00220558
-0.00220285
-0.00217909
-0.00219036
-0.00195702
-0.00307533
-0.00308234
-0.00308001
-0.0031614
-0.00317067
-0.00427335
-0.00427382
-0.0042651
-0.00428871
-0.00444691
-0.00590649
-0.00589995
-0.00586902
-0.00580149
-0.0057413
-0.0081123
-0.00811188
-0.00807665
-0.00797201
-0.00761729
-0.0110913
-0.0111075
-0.0110886
-0.0110328
-0.0105837
-0.015138
-0.0151708
-0.0151684
-0.0151609
-0.0148195
-0.0206565
-0.0207009
-0.0206991
-0.0206989
-0.0204666
-0.028177
-0.028233
-0.0282213
-0.0281971
-0.0280426
-0.0384062
-0.03848
-0.0384559
-0.0384072
-0.038237
-0.0523125
-0.0524102
-0.0523658
-0.0522924
-0.0521124
-0.0712306
-0.0713561
-0.071279
-0.0711613
-0.0709717
-0.0969868
-0.0971494
-0.0970353
-0.0968567
-0.0965867
-0.132068
-0.132283
-0.132128
-0.131882
-0.131474
-0.179858
-0.180136
-0.179906
-0.179557
-0.178998
-0.24496
-0.245306
-0.244931
-0.244382
-0.243615
-0.333639
-0.334054
-0.333454
-0.332585
-0.331481
-0.454431
-0.454919
-0.454009
-0.452689
-0.451061
-0.618979
-0.619551
-0.618198
-0.616219
-0.613776
-0.843155
-0.843815
-0.841765
-0.838779
-0.83509
-1.14852
-1.14922
-1.14604
-1.14154
-1.13603
-1.56426
-1.56484
-1.55987
-1.55304
-1.54488
-2.12972
-2.12978
-2.12192
-2.11134
-2.09924
-2.8972
-2.89585
-2.88331
-2.86642
-2.84853
-3.93417
-3.92944
-3.90941
-3.88132
-3.85651
-5.31977
-5.30733
-5.27635
-5.22612
-5.20181
-7.1127
-7.08334
-7.0411
-6.93983
-6.97169
-9.27345
-9.20021
-9.16925
-8.90432
-9.25205
-11.6824
-11.4975
-11.5783
-10.725
-12.2349
-14.1272
-13.7836
-14.1085
-11.7118
-16.4279
-15.8171
-15.6511
-15.827
-10.5417
-22.7749
-14.6612
-16.5569
-13.7749
-4.2544
-33.3815
-1.37363
-16.9703
1.08295
29.6957
-50.3342
6.43318
-10.7995
33.8652
7.02917
-106.316
246.974
-28.9371
307.508
364.566
-233.829
-140.917
39.4486
85.2055
-231.205
-320.447
13.8742
-14.0594
123.327
17.3586
-179.957
151.263
-47.613
-388.724
129.643
226.952
126.001
5.6432
17.4773
-6.10007
46.2583
-552.888
132.006
241.681
-164.361
797.573
95.3862
376.468
-605.804
29.4452
974.471
125.624
31.7656
-430.938
203.302
-435.226
217.058
-388.723
157.149
-326.868
-22.7382
1065.01
-192.958
-196.773
128.369
77.1619
124.157
192.054
-41.482
822.085
-13.3103
58.9535
495.29
24.3246
-145.02
-92.5573
-321.894
62.1906
62.1553
145.354
230.329
-194.361
-248.804
26.0978
277.799
270.965
289.048
-213.194
19.4923
-498.686
-98.8441
-161.355
-241.128
74.6021
83.6957
163.173
-11.691
-61.6826
15.5867
-22.489
21.487
-12.1781
-24.3959
8.74152
6.45641
20.4198
-4.117
-7.17539
6.10793
7.77223
13.8073
0.0544165
-0.0603289
5.05197
7.14484
10.9281
1.48356
1.77222
4.3828
6.11691
8.80513
1.90392
2.28353
3.80662
5.14037
6.96154
2.02604
2.37378
3.27148
4.24011
5.36794
1.95742
2.2184
2.74509
3.36712
4.05714
1.7405
1.90629
2.20792
2.59337
3.03196
1.43923
1.54177
1.725
1.97008
2.25379
1.14712
1.21259
1.32889
1.48665
1.67075
0.897943
0.940284
1.01503
1.11709
1.23653
0.694734
0.722272
0.770517
0.836671
0.914099
0.532898
0.550873
0.582131
0.624988
0.675103
0.406049
0.417796
0.43808
0.465874
0.498303
0.30772
0.315442
0.328605
0.346692
0.367758
0.232161
0.237282
0.245853
0.257601
0.271376
0.174537
0.177925
0.183501
0.191058
0.200074
0.130833
0.133047
0.136623
0.141464
0.147334
0.0978071
0.0992422
0.101512
0.104676
0.10853
0.0729368
0.0738682
0.0753312
0.07746
0.0800599
0.0542913
0.0549038
0.0558661
0.0572975
0.0590852
0.0403757
0.0407838
0.0414184
0.0423664
0.0436632
0.0300111
0.0302809
0.0306981
0.0313343
0.0323458
0.0222847
0.0224575
0.0227322
0.0231631
0.0239459
0.0165149
0.0166259
0.0168125
0.0170834
0.0176073
0.0122104
0.0122898
0.0124267
0.0125626
0.0128171
0.00902432
0.0090874
0.00918281
0.00924554
0.00931412
0.00669646
0.00674038
0.0067822
0.00680123
0.00680796
0.00500914
0.00502608
0.00501636
0.00499453
0.00495228
0.00378156
0.00377642
0.00373905
0.00366295
0.0035103
0.0028785
0.0028664
0.00283059
0.00274608
0.00251344
0.00220405
0.00220766
0.0022291
0.00218277
0.00206972
0.00170643
0.00171979
0.00177317
0.00178185
0.00189865
0.00136321
0.00137172
0.00141293
0.00144744
0.00162742
0.00119628
0.00119993
0.00122297
0.00122078
0.00132529
)
;
    }
    procBoundary2to3
    {
        type            processor;
        value           nonuniform List<scalar> 
450
(
-0.000219065
-0.000128783
-8.54394e-05
-8.24781e-05
-7.91926e-05
-0.000475076
-0.000343963
-0.000248691
-0.000222647
-0.000212749
-0.0004064
-0.000462357
-0.00039856
-0.000377113
-0.000368751
-0.000427946
-0.000538368
-0.000539724
-0.000556872
-0.000558679
-0.000950751
-0.000722878
-0.000763611
-0.000790607
-0.000800385
-0.00159356
-0.00116413
-0.00112989
-0.00113166
-0.00114341
-0.0018068
-0.00169006
-0.0016346
-0.00161201
-0.00161938
-0.00205175
-0.0022158
-0.00224784
-0.00224491
-0.00224886
-0.00249354
-0.00292351
-0.00302604
-0.00306179
-0.00306313
-0.00354094
-0.00399294
-0.0040933
-0.00414515
-0.00414343
-0.00525323
-0.00553037
-0.00558757
-0.00562547
-0.00562103
-0.00744022
-0.00760084
-0.00764493
-0.00766844
-0.00766445
-0.0102419
-0.0104009
-0.0104463
-0.0104732
-0.0104711
-0.0140084
-0.014203
-0.014259
-0.0143001
-0.0142941
-0.0191949
-0.0193975
-0.0194608
-0.0195156
-0.0194999
-0.0262129
-0.0264532
-0.026554
-0.0266343
-0.0266136
-0.0356646
-0.0360162
-0.0362139
-0.0363503
-0.0363378
-0.0485521
-0.0490466
-0.0493785
-0.0495977
-0.0496039
-0.0662037
-0.066837
-0.067326
-0.0676532
-0.0676896
-0.0902001
-0.0910561
-0.0917724
-0.0922775
-0.0923763
-0.122687
-0.123965
-0.125067
-0.125906
-0.126137
-0.166683
-0.168685
-0.170463
-0.171898
-0.172378
-0.226273
-0.22945
-0.232412
-0.234854
-0.235778
-0.306906
-0.311946
-0.316954
-0.32109
-0.322822
-0.415799
-0.423826
-0.432292
-0.439353
-0.442579
-0.562288
-0.575275
-0.589645
-0.601846
-0.607817
-0.758108
-0.77967
-0.804452
-0.825744
-0.836687
-1.01784
-1.05474
-1.09837
-1.13585
-1.15573
-1.35984
-1.42538
-1.50417
-1.57094
-1.60707
-1.80952
-1.93305
-2.08105
-2.20284
-2.26985
-2.41274
-2.66425
-2.95609
-3.18361
-3.30932
-3.26158
-3.77421
-4.3607
-4.76841
-4.98606
-4.48554
-5.4416
-6.60066
-7.25086
-7.56695
-6.2841
-8.02613
-10.1984
-11.0569
-11.3289
-9.08113
-12.856
-16.1393
-17.1059
-16.4815
-13.909
-24.4218
-26.4242
-27.5529
-22.7305
-29.265
-68.4499
-48.6003
-52.2119
-23.358
-35.11
-69.4641
-46.6267
-43.9528
-15.1639
-180.865
-565.543
-198.508
-292.062
16.0748
21.1319
423.824
41.1306
188.821
212.957
1.49141
-427.366
-5.27908
-52.5634
102.279
54.7819
-666.387
-51.9408
185.297
8.20914
223.089
229.543
247.127
174.884
-211.573
17.1869
219.09
-428.282
-64.8338
-862.606
-464.067
2.64834
51.0658
34.9808
-827.493
-340.525
244.86
-273.899
27.5212
-206.757
4.58683
-345.592
-524.692
205.98
245.276
-371.034
80.9915
296.378
19.376
412.9
-638.723
330.728
39.2053
-37.935
116.164
32.6525
13.5522
24.5286
-310.284
-77.1151
126.311
-56.8029
58.3853
-168.333
64.0476
434.381
-17.4362
-6.58919
163.866
-43.8518
52.3681
98.8033
169.665
166.246
170.96
200.359
74.284
9.66569
132.573
22.1977
64.091
41.1721
38.0432
55.1262
24.1562
37.53
30.2504
21.9581
27.4226
14.9926
23.7029
21.1183
14.7729
15.8221
10.4716
16.58
14.7645
10.7069
10.1877
7.76952
11.9317
10.3261
8.02678
7.18521
6.06488
8.59618
7.34275
6.08836
5.44623
4.87043
6.24838
5.38211
4.66049
4.23713
3.93897
4.62405
4.04118
3.58261
3.28911
3.11699
3.44565
3.05498
2.74923
2.54521
2.43171
2.56693
2.30688
2.1012
1.96089
1.88339
1.90832
1.73638
1.59858
1.50312
1.45012
1.41568
1.30253
1.21078
1.14651
1.11041
1.04833
0.974199
0.913367
0.870512
0.846059
0.77515
0.726757
0.686626
0.658229
0.641774
0.572501
0.540924
0.514639
0.495897
0.484883
0.422561
0.401886
0.384742
0.372414
0.365057
0.311787
0.298196
0.286975
0.278881
0.273963
0.229859
0.220962
0.213587
0.208279
0.204986
0.169246
0.163468
0.15864
0.155173
0.152978
0.124617
0.120793
0.117641
0.115389
0.113941
0.0918566
0.089227
0.0871574
0.085698
0.0847476
0.0677325
0.0658912
0.0645325
0.0635894
0.0629599
0.0499838
0.0486505
0.0477486
0.047138
0.0467167
0.0369508
0.0359427
0.0353158
0.0349076
0.0346187
0.0272258
0.0265567
0.0261168
0.0258254
0.0256179
0.0199734
0.0195884
0.0193036
0.0190846
0.0189352
0.0146075
0.0144174
0.0142539
0.014091
0.0139943
0.0107515
0.0106442
0.0105228
0.0104132
0.0103612
0.00796234
0.00789555
0.00779751
0.00772864
0.00770321
0.00586012
0.00587799
0.00583093
0.00578415
0.00576572
0.0042382
0.0043723
0.0043979
0.00436481
0.0043507
0.00309076
0.00323954
0.00334994
0.00334068
0.00333817
0.00250542
0.00246891
0.00258484
0.00259663
0.00260795
0.00225746
0.00204443
0.00208829
0.00209191
0.0021049
0.00199715
0.00180033
0.00177237
0.00177725
0.00178052
0.0016614
0.00160533
0.00159238
0.00160752
0.00160841
)
;
    }
}


// ************************************************************************* //
