/*--------------------------------*- C++ -*----------------------------------*\
| =========                 |                                                 |
| \\      /  F ield         | OpenFOAM: The Open Source CFD Toolbox           |
|  \\    /   O peration     | Version:  5.x                                   |
|   \\  /    A nd           | Web:      www.OpenFOAM.org                      |
|    \\/     M anipulation  |                                                 |
\*---------------------------------------------------------------------------*/
FoamFile
{
    version     2.0;
    format      ascii;
    class       surfaceScalarField;
    location    "0.08";
    object      phi;
}
// * * * * * * * * * * * * * * * * * * * * * * * * * * * * * * * * * * * * * //

dimensions      [0 3 -1 0 0 0 0];

internalField   nonuniform List<scalar> 
5825
(
-6.12984e-17
-1.34143e-16
-9.99999e-10
-1.04722e-16
-1.34769e-16
-9.99999e-10
-1.72851e-16
-1.37928e-16
-9.99999e-10
-2.44544e-16
-1.16589e-16
-1e-09
-8.87098e-17
-1e-09
-6.17903e-17
-1.24563e-16
-9.99999e-10
-1.0809e-16
-1.30211e-16
-9.99999e-10
-1.50519e-16
-1.28698e-16
-1e-09
-2.15667e-16
-1.29741e-16
-1e-09
-1.09133e-16
-1e-09
-6.67842e-17
-1.01607e-16
-1e-09
-1.06956e-16
-9.58054e-17
-1e-09
-1.52398e-16
-1.01204e-16
-1e-09
-1.97536e-16
-1.0291e-16
-1e-09
-9.52181e-17
-1e-09
-6.0455e-17
-4.29919e-17
-1e-09
-1.12297e-16
-4.17732e-17
-1e-09
-1.53786e-16
-4.5664e-17
-1e-09
-1.90829e-16
-5.46767e-17
-1e-09
-6.08006e-17
-1e-09
-5.88179e-17
-1e-09
-1.15746e-16
-1e-09
-1.62217e-16
-1e-09
-1.9666e-16
-1e-09
-1e-09
-1.64852e-16
-3.76651e-16
-9.99999e-10
-3.07522e-16
-3.80067e-16
-9.99999e-10
-4.98282e-16
-3.80894e-16
-9.99999e-10
-6.97552e-16
-3.30962e-16
-1e-09
-2.61424e-16
-1e-09
-1.67269e-16
-3.43689e-16
-9.99999e-10
-3.07058e-16
-3.47776e-16
-9.99999e-10
-4.45211e-16
-3.45545e-16
-1e-09
-6.25223e-16
-3.36679e-16
-1e-09
-2.73707e-16
-1e-09
-1.69545e-16
-2.58543e-16
-9.99999e-10
-3.05674e-16
-2.53462e-16
-1e-09
-4.38562e-16
-2.61865e-16
-1e-09
-5.73965e-16
-2.69516e-16
-1e-09
-2.50715e-16
-1e-09
-1.63124e-16
-1.18214e-16
-1e-09
-3.13906e-16
-1.23241e-16
-1e-09
-4.45516e-16
-1.35619e-16
-1e-09
-5.60355e-16
-1.5165e-16
-1e-09
-1.49462e-16
-1e-09
-1.67523e-16
-1e-09
-3.25236e-16
-1e-09
-4.60124e-16
-1e-09
-5.58599e-16
-1e-09
-1e-09
-2.98836e-16
-7.10458e-16
-9.99998e-10
-5.77467e-16
-7.20668e-16
-9.99999e-10
-8.82105e-16
-7.21517e-16
-9.99999e-10
-1.17621e-15
-6.7225e-16
-9.99999e-10
-5.86047e-16
-1e-09
-3.05509e-16
-6.2759e-16
-9.99999e-10
-5.76814e-16
-6.26992e-16
-9.99999e-10
-8.33542e-16
-6.19566e-16
-9.99999e-10
-1.09811e-15
-6.01333e-16
-1e-09
-5.26225e-16
-1e-09
-3.01485e-16
-4.54138e-16
-9.99999e-10
-5.70968e-16
-4.55265e-16
-9.99999e-10
-8.16919e-16
-4.62625e-16
-1e-09
-1.03818e-15
-4.73115e-16
-1e-09
-4.38741e-16
-1e-09
-3.00687e-16
-2.2224e-16
-9.99999e-10
-5.77883e-16
-2.34023e-16
-1e-09
-8.2618e-16
-2.54111e-16
-1e-09
-1.012e-15
-2.57464e-16
-1e-09
-2.42135e-16
-1e-09
-3.11958e-16
-1e-09
-5.96217e-16
-1e-09
-8.27098e-16
-1e-09
-9.9687e-16
-1e-09
-1e-09
-4.82399e-16
-1.13152e-15
-9.99998e-10
-9.2141e-16
-1.13692e-15
-9.99998e-10
-1.29667e-15
-1.13904e-15
-9.99999e-10
-1.57973e-15
-1.12897e-15
-9.99999e-10
-1.11339e-15
-1e-09
-4.83805e-16
-9.75751e-16
-9.99998e-10
-9.2423e-16
-9.74118e-16
-9.99999e-10
-1.29892e-15
-9.60313e-16
-9.99999e-10
-1.58493e-15
-9.4671e-16
-1e-09
-9.16744e-16
-1e-09
-4.78078e-16
-7.06825e-16
-9.99999e-10
-9.12349e-16
-7.12375e-16
-9.99999e-10
-1.28718e-15
-7.17864e-16
-1e-09
-1.56734e-15
-7.19303e-16
-1e-09
-6.84804e-16
-1e-09
-4.81095e-16
-3.6042e-16
-9.99999e-10
-9.1737e-16
-3.78452e-16
-1e-09
-1.28728e-15
-3.91293e-16
-1e-09
-1.54005e-15
-3.75511e-16
-1e-09
-3.4558e-16
-1e-09
-4.9736e-16
-9.99999e-10
-9.27977e-16
-1e-09
-1.26787e-15
-1e-09
-1.51031e-15
-1e-09
-1e-09
-7.11934e-16
-1.63696e-15
-9.99997e-10
-1.34626e-15
-1.63825e-15
-9.99998e-10
-1.8023e-15
-1.64605e-15
-9.99998e-10
-2.02488e-15
-1.68551e-15
-9.99999e-10
-1.7909e-15
-1e-09
-7.07969e-16
-1.40411e-15
-9.99998e-10
-1.354e-15
-1.41093e-15
-9.99998e-10
-1.85829e-15
-1.39518e-15
-9.99999e-10
-2.14233e-15
-1.39222e-15
-1e-09
-1.42875e-15
-1e-09
-7.09937e-16
-1.02685e-15
-9.99999e-10
-1.34024e-15
-1.03203e-15
-9.99999e-10
-1.85797e-15
-1.03213e-15
-9.99999e-10
-2.18328e-15
-1.01701e-15
-1e-09
-9.95729e-16
-1e-09
-7.11388e-16
-5.33634e-16
-9.99999e-10
-1.33961e-15
-5.49043e-16
-9.99999e-10
-1.84128e-15
-5.42367e-16
-1e-09
-2.1673e-15
-5.18423e-16
-1e-09
-4.89782e-16
-1e-09
-7.24643e-16
-9.99999e-10
-1.32963e-15
-9.99999e-10
-1.81236e-15
-1e-09
-2.13721e-15
-1e-09
-1e-09
-1.00271e-15
-2.26336e-15
-9.99996e-10
-1.89009e-15
-2.26869e-15
-9.99997e-10
-2.5155e-15
-2.27086e-15
-9.99998e-10
-2.7267e-15
-2.3252e-15
-9.99999e-10
-2.51137e-15
-1e-09
-1.0001e-15
-1.95026e-15
-9.99997e-10
-1.8919e-15
-1.95977e-15
-9.99998e-10
-2.57557e-15
-1.94507e-15
-9.99998e-10
-2.92364e-15
-1.94879e-15
-9.99999e-10
-2.01537e-15
-1e-09
-1.00345e-15
-1.42506e-15
-9.99998e-10
-1.87843e-15
-1.42498e-15
-9.99998e-10
-2.58179e-15
-1.41825e-15
-9.99999e-10
-2.99775e-15
-1.39446e-15
-1e-09
-1.39293e-15
-1e-09
-9.9857e-16
-7.43676e-16
-9.99999e-10
-1.87047e-15
-7.47702e-16
-9.99999e-10
-2.55647e-15
-7.27092e-16
-1e-09
-3.00116e-15
-7.15797e-16
-1e-09
-7.09716e-16
-1e-09
-1.00017e-15
-9.99999e-10
-1.84516e-15
-9.99999e-10
-2.53945e-15
-1e-09
-2.99207e-15
-1e-09
-1e-09
-1.3889e-15
-3.09145e-15
-9.99995e-10
-2.61778e-15
-3.09617e-15
-9.99996e-10
-3.54086e-15
-3.07846e-15
-9.99997e-10
-3.96903e-15
-3.09195e-15
-9.99998e-10
-3.20266e-15
-1e-09
-1.3868e-15
-2.6629e-15
-9.99996e-10
-2.59926e-15
-2.66017e-15
-9.99997e-10
-3.55745e-15
-2.64978e-15
-9.99998e-10
-4.10459e-15
-2.65373e-15
-9.99999e-10
-2.69161e-15
-1e-09
-1.37609e-15
-1.93148e-15
-9.99997e-10
-2.5885e-15
-1.92957e-15
-9.99998e-10
-3.56141e-15
-1.92232e-15
-9.99999e-10
-4.16384e-15
-1.90496e-15
-1e-09
-1.91396e-15
-1e-09
-1.3686e-15
-1.01123e-15
-9.99998e-10
-2.57996e-15
-1.00602e-15
-9.99999e-10
-3.54278e-15
-9.87441e-16
-1e-09
-4.17923e-15
-9.95529e-16
-1e-09
-1.0058e-15
-1e-09
-1.35953e-15
-9.99998e-10
-2.55546e-15
-9.99999e-10
-3.54367e-15
-1e-09
-4.18477e-15
-1e-09
-1e-09
-1.90814e-15
-4.22626e-15
-9.99993e-10
-3.59763e-15
-4.22327e-15
-9.99994e-10
-4.93566e-15
-4.18487e-15
-9.99995e-10
-5.76428e-15
-4.14833e-15
-9.99997e-10
-4.13288e-15
-1e-09
-1.89586e-15
-3.61189e-15
-9.99995e-10
-3.55956e-15
-3.59778e-15
-9.99996e-10
-4.90566e-15
-3.59578e-15
-9.99997e-10
-5.77966e-15
-3.59195e-15
-9.99999e-10
-3.57245e-15
-1e-09
-1.87187e-15
-2.61116e-15
-9.99996e-10
-3.55623e-15
-2.61805e-15
-9.99997e-10
-4.90118e-15
-2.61416e-15
-9.99998e-10
-5.77245e-15
-2.60411e-15
-1e-09
-2.60362e-15
-1e-09
-1.87201e-15
-1.37698e-15
-9.99997e-10
-3.55156e-15
-1.3687e-15
-9.99998e-10
-4.89052e-15
-1.3582e-15
-9.99999e-10
-5.77683e-15
-1.36926e-15
-1e-09
-1.37035e-15
-1e-09
-1.85771e-15
-9.99998e-10
-3.53308e-15
-9.99999e-10
-4.89092e-15
-1e-09
-5.76714e-15
-1e-09
-1e-09
-2.60124e-15
-5.76895e-15
-9.99991e-10
-4.90698e-15
-5.75802e-15
-9.99992e-10
-6.75896e-15
-5.71571e-15
-9.99994e-10
-8.0085e-15
-5.6651e-15
-9.99996e-10
-5.55849e-15
-9.99999e-10
-2.57748e-15
-4.90022e-15
-9.99993e-10
-4.86582e-15
-4.89259e-15
-9.99994e-10
-6.71826e-15
-4.89585e-15
-9.99996e-10
-7.95932e-15
-4.87701e-15
-9.99999e-10
-4.80191e-15
-1e-09
-2.55783e-15
-3.55344e-15
-9.99995e-10
-4.86811e-15
-3.56925e-15
-9.99996e-10
-6.69756e-15
-3.56141e-15
-9.99998e-10
-7.89365e-15
-3.54649e-15
-1e-09
-3.52537e-15
-1e-09
-2.56511e-15
-1.88122e-15
-9.99996e-10
-4.85936e-15
-1.86765e-15
-9.99997e-10
-6.68172e-15
-1.85822e-15
-9.99999e-10
-7.87527e-15
-1.85841e-15
-1e-09
-1.84165e-15
-1e-09
-2.54296e-15
-9.99997e-10
-4.83857e-15
-9.99998e-10
-6.66588e-15
-1e-09
-7.84054e-15
-1e-09
-1.00001e-09
-3.52747e-15
-7.8473e-15
-9.99988e-10
-6.66828e-15
-7.83795e-15
-9.99989e-10
-9.18998e-15
-7.79961e-15
-9.99992e-10
-1.08854e-14
-7.74747e-15
-9.99995e-10
-7.60313e-15
-9.99999e-10
-3.49998e-15
-6.66238e-15
-9.99991e-10
-6.6308e-15
-6.67551e-15
-9.99992e-10
-9.14695e-15
-6.67143e-15
-9.99995e-10
-1.08074e-14
-6.6295e-15
-9.99998e-10
-6.53105e-15
-1e-09
-3.49799e-15
-4.84869e-15
-9.99993e-10
-6.62604e-15
-4.85908e-15
-9.99995e-10
-9.10214e-15
-4.83903e-15
-9.99997e-10
-1.07162e-14
-4.81402e-15
-1e-09
-4.78191e-15
-1e-09
-3.49702e-15
-2.556e-15
-9.99995e-10
-6.60435e-15
-2.53432e-15
-9.99997e-10
-9.07527e-15
-2.52298e-15
-9.99999e-10
-1.06868e-14
-2.51958e-15
-1e-09
-2.50181e-15
-1.00001e-09
-3.46277e-15
-9.99996e-10
-6.5771e-15
-9.99998e-10
-9.04932e-15
-1e-09
-1.06442e-14
-1e-09
-1.00001e-09
-4.77308e-15
-1.06717e-14
-9.99984e-10
-9.06357e-15
-1.06754e-14
-9.99985e-10
-1.2515e-14
-1.06296e-14
-9.99989e-10
-1.47884e-14
-1.05454e-14
-9.99993e-10
-1.03597e-14
-9.99999e-10
-4.75255e-15
-9.07935e-15
-9.99988e-10
-9.01815e-15
-9.10758e-15
-9.99989e-10
-1.24346e-14
-9.08404e-15
-9.99993e-10
-1.46698e-14
-9.01858e-15
-9.99997e-10
-8.90802e-15
-1e-09
-4.76019e-15
-6.60636e-15
-9.99991e-10
-8.99333e-15
-6.60113e-15
-9.99993e-10
-1.23651e-14
-6.57259e-15
-9.99996e-10
-1.45711e-14
-6.54546e-15
-1e-09
-6.50667e-15
-1.00001e-09
-4.73922e-15
-3.45934e-15
-9.99994e-10
-8.96252e-15
-3.43906e-15
-9.99995e-10
-1.23353e-14
-3.43232e-15
-9.99999e-10
-1.45358e-14
-3.43752e-15
-1e-09
-3.42911e-15
-1.00001e-09
-4.70092e-15
-9.99995e-10
-8.93384e-15
-9.99997e-10
-1.23102e-14
-1e-09
-1.44943e-14
-1e-09
-1.00001e-09
-6.47301e-15
-1.45705e-14
-9.99978e-10
-1.23278e-14
-1.45898e-14
-9.9998e-10
-1.70363e-14
-1.45226e-14
-9.99985e-10
-2.0158e-14
-1.43799e-14
-9.99991e-10
-1.41178e-14
-9.99998e-10
-6.45994e-15
-1.24001e-14
-9.99983e-10
-1.22616e-14
-1.24219e-14
-9.99986e-10
-1.69007e-14
-1.23773e-14
-9.9999e-10
-1.99599e-14
-1.22973e-14
-9.99996e-10
-1.21702e-14
-1e-09
-6.45279e-15
-8.9966e-15
-9.99988e-10
-1.22142e-14
-8.98411e-15
-9.9999e-10
-1.6816e-14
-8.95648e-15
-9.99995e-10
-1.98403e-14
-8.93367e-15
-1e-09
-8.87728e-15
-1.00001e-09
-6.41878e-15
-4.70209e-15
-9.99991e-10
-1.21839e-14
-4.69705e-15
-9.99994e-10
-1.67905e-14
-4.69706e-15
-9.99998e-10
-1.97861e-14
-4.70836e-15
-1e-09
-4.7013e-15
-1.00001e-09
-6.38822e-15
-9.99993e-10
-1.21542e-14
-9.99996e-10
-1.67616e-14
-1e-09
-1.97344e-14
-1.00001e-09
-1.00001e-09
-8.8114e-15
-1.99461e-14
-9.9997e-10
-1.67526e-14
-1.99645e-14
-9.99973e-10
-2.31046e-14
-1.98791e-14
-9.99979e-10
-2.7323e-14
-1.9713e-14
-9.99988e-10
-1.94301e-14
-9.99997e-10
-8.78551e-15
-1.69422e-14
-9.99977e-10
-1.66688e-14
-1.6943e-14
-9.99981e-10
-2.29499e-14
-1.68857e-14
-9.99987e-10
-2.7107e-14
-1.68072e-14
-9.99995e-10
-1.66697e-14
-1.00001e-09
-8.74675e-15
-1.22685e-14
-9.99984e-10
-1.66074e-14
-1.22659e-14
-9.99987e-10
-2.28666e-14
-1.22398e-14
-9.99993e-10
-2.69711e-14
-1.22176e-14
-1e-09
-1.21405e-14
-1.00001e-09
-8.71517e-15
-6.43207e-15
-9.99988e-10
-1.65779e-14
-6.44222e-15
-9.99992e-10
-2.28416e-14
-6.44145e-15
-9.99998e-10
-2.68934e-14
-6.44745e-15
-1.00001e-09
-6.4337e-15
-1.00002e-09
-8.69036e-15
-9.99991e-10
-1.65371e-14
-9.99994e-10
-2.27944e-14
-1e-09
-2.68185e-14
-1.00001e-09
-1.00002e-09
-1.19978e-14
-2.72482e-14
-9.99959e-10
-2.2738e-14
-2.72481e-14
-9.99964e-10
-3.12792e-14
-2.71628e-14
-9.99972e-10
-3.68829e-14
-2.70316e-14
-9.99984e-10
-2.68205e-14
-9.99997e-10
-1.19369e-14
-2.31131e-14
-9.99969e-10
-2.26514e-14
-2.31048e-14
-9.99974e-10
-3.11563e-14
-2.30418e-14
-9.99982e-10
-3.6726e-14
-2.29684e-14
-9.99994e-10
-2.28452e-14
-1.00001e-09
-1.18756e-14
-1.67503e-14
-9.99978e-10
-2.25839e-14
-1.67645e-14
-9.99983e-10
-3.10792e-14
-1.673e-14
-9.99991e-10
-3.66019e-14
-1.66945e-14
-1e-09
-1.66074e-14
-1.00002e-09
-1.18508e-14
-8.81326e-15
-9.99984e-10
-2.25445e-14
-8.82721e-15
-9.99989e-10
-3.10401e-14
-8.81693e-15
-9.99997e-10
-3.6512e-14
-8.80576e-15
-1.00001e-09
-8.78011e-15
-1.00002e-09
-1.18176e-14
-9.99988e-10
-2.24804e-14
-9.99992e-10
-3.09568e-14
-1e-09
-3.64022e-14
-1.00001e-09
-1.00003e-09
-1.62957e-14
-3.70989e-14
-9.99945e-10
-3.08744e-14
-3.70914e-14
-9.99951e-10
-4.24484e-14
-3.70051e-14
-9.99963e-10
-4.98914e-14
-3.68932e-14
-9.99978e-10
-3.67652e-14
-9.99997e-10
-1.62057e-14
-3.14897e-14
-9.99959e-10
-3.07844e-14
-3.14971e-14
-9.99965e-10
-4.23386e-14
-3.14169e-14
-9.99976e-10
-4.97835e-14
-3.13149e-14
-9.99992e-10
-3.11843e-14
-1.00001e-09
-1.61416e-14
-2.28673e-14
-9.99971e-10
-3.06992e-14
-2.28899e-14
-9.99977e-10
-4.2234e-14
-2.283e-14
-9.99988e-10
-4.96539e-14
-2.27518e-14
-1e-09
-2.26418e-14
-1.00002e-09
-1.61108e-14
-1.20476e-14
-9.99979e-10
-3.06327e-14
-1.20584e-14
-9.99985e-10
-4.21505e-14
-1.2029e-14
-9.99996e-10
-4.95397e-14
-1.19816e-14
-1.00001e-09
-1.19261e-14
-1.00003e-09
-1.60579e-14
-9.99984e-10
-3.05305e-14
-9.9999e-10
-4.20046e-14
-1e-09
-4.93696e-14
-1.00002e-09
-1.00003e-09
-2.21167e-14
-5.04683e-14
-9.99925e-10
-4.19937e-14
-5.04769e-14
-9.99934e-10
-5.77723e-14
-5.03413e-14
-9.99949e-10
-6.78066e-14
-5.0146e-14
-9.99971e-10
-4.99453e-14
-9.99996e-10
-2.20145e-14
-4.28985e-14
-9.99944e-10
-4.18552e-14
-4.29218e-14
-9.99953e-10
-5.75829e-14
-4.27842e-14
-9.99968e-10
-6.7617e-14
-4.25814e-14
-9.99989e-10
-4.23513e-14
-1.00001e-09
-2.19407e-14
-3.11891e-14
-9.9996e-10
-4.17104e-14
-3.12036e-14
-9.99969e-10
-5.73773e-14
-3.1092e-14
-9.99984e-10
-6.73847e-14
-3.09245e-14
-1.00001e-09
-3.07394e-14
-1.00003e-09
-2.1883e-14
-1.6424e-14
-9.99972e-10
-4.15898e-14
-1.64292e-14
-9.9998e-10
-5.72029e-14
-1.63632e-14
-9.99996e-10
-6.7192e-14
-1.62574e-14
-1.00002e-09
-1.61511e-14
-1.00004e-09
-2.18017e-14
-9.99979e-10
-4.14248e-14
-9.99987e-10
-5.69628e-14
-1e-09
-6.69293e-14
-1.00002e-09
-1.00005e-09
-3.007e-14
-6.87335e-14
-9.99899e-10
-5.71808e-14
-6.87453e-14
-9.9991e-10
-7.86871e-14
-6.84758e-14
-9.99931e-10
-9.2377e-14
-6.80829e-14
-9.99961e-10
-6.76338e-14
-9.99995e-10
-2.99321e-14
-5.84629e-14
-9.99925e-10
-5.69081e-14
-5.84653e-14
-9.99936e-10
-7.83055e-14
-5.82104e-14
-9.99957e-10
-9.19409e-14
-5.7827e-14
-9.99986e-10
-5.73941e-14
-1.00002e-09
-2.98036e-14
-4.24972e-14
-9.99947e-10
-5.66426e-14
-4.24882e-14
-9.99958e-10
-7.79191e-14
-4.22874e-14
-9.99979e-10
-9.14997e-14
-4.19849e-14
-1.00001e-09
-4.16678e-14
-1.00004e-09
-2.96974e-14
-2.23595e-14
-9.99963e-10
-5.64295e-14
-2.23499e-14
-9.99974e-10
-7.7608e-14
-2.2229e-14
-9.99994e-10
-9.11684e-14
-2.20582e-14
-1.00002e-09
-2.18939e-14
-1.00006e-09
-2.95707e-14
-9.99971e-10
-5.61734e-14
-9.99982e-10
-7.72552e-14
-1e-09
-9.07896e-14
-1.00003e-09
-1.00006e-09
-4.09324e-14
-9.37025e-14
-9.99863e-10
-7.78312e-14
-9.36637e-14
-9.99878e-10
-1.07081e-13
-9.31756e-14
-9.99907e-10
-1.2581e-13
-9.25009e-14
-9.99946e-10
-9.16905e-14
-9.99993e-10
-4.06901e-14
-7.96809e-14
-9.99898e-10
-7.73349e-14
-7.96212e-14
-9.99913e-10
-1.06417e-13
-7.91877e-14
-9.99942e-10
-1.25011e-13
-7.8561e-14
-9.99981e-10
-7.7864e-14
-1.00003e-09
-4.04542e-14
-5.78786e-14
-9.99928e-10
-7.68876e-14
-5.78324e-14
-9.99943e-10
-1.05788e-13
-5.75017e-14
-9.99971e-10
-1.24302e-13
-5.70323e-14
-1.00001e-09
-5.65359e-14
-1.00006e-09
-4.02767e-14
-3.04337e-14
-9.9995e-10
-7.65395e-14
-3.03971e-14
-9.99965e-10
-1.05307e-13
-3.02151e-14
-9.99993e-10
-1.23785e-13
-2.9982e-14
-1.00003e-09
-2.97406e-14
-1.00008e-09
-4.0081e-14
-9.99962e-10
-7.61734e-14
-9.99976e-10
-1.04827e-13
-1e-09
-1.23251e-13
-1.00004e-09
-1.00009e-09
-5.56809e-14
-1.27781e-13
-9.99814e-10
-1.05814e-13
-1.27642e-13
-9.99835e-10
-1.4557e-13
-1.26865e-13
-9.99874e-10
-1.71124e-13
-1.25819e-13
-9.99927e-10
-1.24572e-13
-9.9999e-10
-5.52649e-14
-1.08598e-13
-9.99862e-10
-1.05021e-13
-1.08456e-13
-9.99883e-10
-1.44532e-13
-1.0778e-13
-9.99921e-10
-1.69887e-13
-1.06841e-13
-9.99974e-10
-1.05808e-13
-1.00004e-09
-5.48857e-14
-7.88399e-14
-9.99903e-10
-1.04328e-13
-7.87369e-14
-9.99923e-10
-1.43592e-13
-7.8235e-14
-9.99961e-10
-1.68842e-13
-7.75565e-14
-1.00001e-09
-7.68019e-14
-1.00008e-09
-5.46048e-14
-4.14403e-14
-9.99932e-10
-1.03802e-13
-4.13733e-14
-9.99953e-10
-1.42897e-13
-4.11268e-14
-9.99991e-10
-1.68061e-13
-4.08004e-14
-1.00004e-09
-4.04201e-14
-1.0001e-09
-5.43215e-14
-9.99949e-10
-1.03305e-13
-9.99969e-10
-1.42234e-13
-1.00001e-09
-1.67282e-13
-1.00006e-09
-1.00012e-09
-7.56541e-14
-1.74281e-13
-9.99748e-10
-1.43729e-13
-1.74012e-13
-9.99776e-10
-1.97784e-13
-1.72847e-13
-9.99829e-10
-2.32562e-13
-1.71268e-13
-9.99901e-10
-1.69428e-13
-9.99987e-10
-7.50095e-14
-1.48042e-13
-9.99813e-10
-1.42542e-13
-1.47793e-13
-9.99841e-10
-1.9621e-13
-1.46776e-13
-9.99893e-10
-2.30729e-13
-1.45388e-13
-9.99965e-10
-1.4384e-13
-1.00005e-09
-7.44404e-14
-1.07439e-13
-9.99869e-10
-1.41501e-13
-1.07247e-13
-9.99897e-10
-1.94821e-13
-1.06512e-13
-9.99948e-10
-2.29168e-13
-1.0552e-13
-1.00002e-09
-1.04367e-13
-1.0001e-09
-7.40086e-14
-5.64622e-14
-9.99909e-10
-1.40733e-13
-5.63669e-14
-9.99937e-10
-1.93806e-13
-5.60179e-14
-9.99988e-10
-2.27982e-13
-5.55111e-14
-1.00006e-09
-5.49118e-14
-1.00014e-09
-7.36204e-14
-9.99931e-10
-1.40043e-13
-9.99959e-10
-1.92839e-13
-1.00001e-09
-2.26839e-13
-1.00008e-09
-1.00016e-09
-1.02748e-13
-2.37777e-13
-9.99658e-10
-1.95202e-13
-2.37313e-13
-9.99696e-10
-2.68709e-13
-2.35552e-13
-9.99768e-10
-3.16008e-13
-2.33135e-13
-9.99867e-10
-2.30345e-13
-9.99983e-10
-1.01776e-13
-2.01893e-13
-9.99747e-10
-1.93408e-13
-2.01462e-13
-9.99785e-10
-2.66294e-13
-1.99921e-13
-9.99856e-10
-3.13227e-13
-1.97823e-13
-9.99953e-10
-1.95433e-13
-1.00007e-09
-1.00913e-13
-1.46473e-13
-9.99823e-10
-1.91836e-13
-1.46146e-13
-9.99861e-10
-2.64192e-13
-1.45047e-13
-9.99931e-10
-3.10824e-13
-1.43535e-13
-1.00003e-09
-1.41776e-13
-1.00014e-09
-1.00264e-13
-7.69763e-14
-9.99878e-10
-1.90693e-13
-7.68299e-14
-9.99916e-10
-2.62647e-13
-7.62779e-14
-9.99985e-10
-3.09021e-13
-7.54738e-14
-1.00008e-09
-7.45648e-14
-1.00019e-09
-9.97208e-14
-9.99909e-10
-1.89675e-13
-9.99946e-10
-2.61215e-13
-1.00001e-09
-3.07371e-13
-1.00011e-09
-1.00022e-09
-1.39555e-13
-3.24552e-13
-9.99535e-10
-2.65168e-13
-3.23732e-13
-9.99588e-10
-3.65114e-13
-3.20999e-13
-9.99685e-10
-4.29502e-13
-3.17254e-13
-9.9982e-10
-3.12937e-13
-9.99978e-10
-1.38049e-13
-2.7544e-13
-9.99658e-10
-2.62389e-13
-2.74692e-13
-9.9971e-10
-3.61366e-13
-2.72315e-13
-9.99805e-10
-4.25193e-13
-2.69073e-13
-9.99937e-10
-2.65343e-13
-1.00009e-09
-1.36719e-13
-1.9977e-13
-9.99762e-10
-2.59971e-13
-1.99222e-13
-9.99813e-10
-3.58116e-13
-1.97507e-13
-9.99907e-10
-4.21453e-13
-1.95142e-13
-1.00004e-09
-1.92423e-13
-1.00019e-09
-1.35736e-13
-1.04987e-13
-9.99837e-10
-2.58195e-13
-1.04715e-13
-9.99887e-10
-3.55704e-13
-1.03811e-13
-9.99981e-10
-4.18676e-13
-1.02558e-13
-1.00011e-09
-1.01157e-13
-1.00026e-09
-1.34926e-13
-9.99879e-10
-2.56656e-13
-9.99928e-10
-3.53593e-13
-1.00002e-09
-4.16263e-13
-1.00015e-09
-1.0003e-09
-1.89532e-13
-4.43225e-13
-9.9937e-10
-3.60239e-13
-4.41789e-13
-9.99441e-10
-4.96131e-13
-4.37519e-13
-9.99574e-10
-5.83854e-13
-4.31707e-13
-9.99756e-10
-4.25036e-13
-9.99971e-10
-1.87175e-13
-3.7593e-13
-9.99538e-10
-3.55908e-13
-3.74648e-13
-9.99608e-10
-4.9031e-13
-3.70928e-13
-9.99737e-10
-5.77182e-13
-3.6587e-13
-9.99916e-10
-3.60039e-13
-1.00013e-09
-1.85111e-13
-2.7257e-13
-9.9968e-10
-3.52131e-13
-2.71621e-13
-9.99748e-10
-4.85239e-13
-2.68884e-13
-9.99876e-10
-5.71341e-13
-2.65146e-13
-1.00005e-09
-2.60861e-13
-1.00026e-09
-1.83577e-13
-1.43219e-13
-9.99783e-10
-3.49309e-13
-1.42706e-13
-9.9985e-10
-4.81434e-13
-1.41252e-13
-9.99976e-10
-5.66977e-13
-1.3929e-13
-1.00015e-09
-1.37051e-13
-1.00035e-09
-1.82333e-13
-9.99839e-10
-3.46987e-13
-9.99906e-10
-4.783e-13
-1.00003e-09
-5.63356e-13
-1.0002e-09
-1.00041e-09
-2.57352e-13
-6.05632e-13
-9.99146e-10
-4.89317e-13
-6.03177e-13
-9.99243e-10
-6.74087e-13
-5.96499e-13
-9.99423e-10
-7.93598e-13
-5.87471e-13
-9.9967e-10
-5.77169e-13
-9.99962e-10
-2.53663e-13
-5.13301e-13
-9.99376e-10
-4.82558e-13
-5.11111e-13
-9.99471e-10
-6.65048e-13
-5.05239e-13
-9.99646e-10
-7.83282e-13
-4.97301e-13
-9.99888e-10
-4.8819e-13
-1.00017e-09
-2.50425e-13
-3.72026e-13
-9.99571e-10
-4.76609e-13
-3.70362e-13
-9.99663e-10
-6.57092e-13
-3.65982e-13
-9.99834e-10
-7.74148e-13
-3.6005e-13
-1.00007e-09
-3.53267e-13
-1.00035e-09
-2.47975e-13
-1.9542e-13
-9.99711e-10
-4.72113e-13
-1.94516e-13
-9.99802e-10
-6.51064e-13
-1.92197e-13
-9.9997e-10
-7.67248e-13
-1.89081e-13
-1.0002e-09
-1.8549e-13
-1.00048e-09
-2.46079e-13
-9.99788e-10
-4.68608e-13
-9.99878e-10
-6.46342e-13
-1.00005e-09
-7.61762e-13
-1.00028e-09
-1.00055e-09
-3.49351e-13
-8.28024e-13
-9.98844e-10
-6.64437e-13
-8.2385e-13
-9.98976e-10
-9.15682e-13
-8.13352e-13
-9.99219e-10
-1.07851e-12
-7.99267e-13
-9.99554e-10
-7.833e-13
-9.99951e-10
-3.43531e-13
-7.01177e-13
-9.9916e-10
-6.53838e-13
-6.97421e-13
-9.99287e-10
-9.01587e-13
-6.88103e-13
-9.99523e-10
-1.0625e-12
-6.75571e-13
-9.99851e-10
-6.61311e-13
-1.00024e-09
-3.38378e-13
-5.07966e-13
-9.99425e-10
-6.44416e-13
-5.05075e-13
-9.99549e-10
-8.89026e-13
-4.98061e-13
-9.9978e-10
-1.04819e-12
-4.88623e-13
-1.0001e-09
-4.77889e-13
-1.00048e-09
-3.34436e-13
-2.66799e-13
-9.99618e-10
-6.37238e-13
-2.6524e-13
-9.99738e-10
-8.79446e-13
-2.61524e-13
-9.99965e-10
-1.03728e-12
-2.56524e-13
-1.00028e-09
-2.50805e-13
-1.00065e-09
-3.31537e-13
-9.99723e-10
-6.31897e-13
-9.99843e-10
-8.72242e-13
-1.00007e-09
-1.02896e-12
-1.00038e-09
-1.00074e-09
-4.74028e-13
-1.13281e-12
-9.98437e-10
-9.01916e-13
-1.1257e-12
-9.98614e-10
-1.24359e-12
-1.10908e-12
-9.98944e-10
-1.4656e-12
-1.08698e-12
-9.99399e-10
-1.06218e-12
-9.99938e-10
-4.64747e-13
-9.58299e-13
-9.98869e-10
-8.85165e-13
-9.51834e-13
-9.9904e-10
-1.22148e-12
-9.36933e-13
-9.99359e-10
-1.44072e-12
-9.1702e-13
-9.99801e-10
-8.94605e-13
-1.00033e-09
-4.56442e-13
-6.94024e-13
-9.99233e-10
-8.70121e-13
-6.88993e-13
-9.99398e-10
-1.20152e-12
-6.77686e-13
-9.99707e-10
-1.4182e-12
-6.62538e-13
-1.00014e-09
-6.45471e-13
-1.00065e-09
-4.50024e-13
-3.64599e-13
-9.99497e-10
-8.58571e-13
-3.6187e-13
-9.99657e-10
-1.18617e-12
-3.55851e-13
-9.99959e-10
-1.40085e-12
-3.47729e-13
-1.00038e-09
-3.38589e-13
-1.00088e-09
-4.45495e-13
-9.99642e-10
-8.50315e-13
-9.998e-10
-1.17502e-12
-1.0001e-09
-1.38811e-12
-1.00051e-09
-1.001e-09
-6.4284e-13
-1.55114e-12
-9.97886e-10
-1.22395e-12
-1.53892e-12
-9.98126e-10
-1.6887e-12
-1.5123e-12
-9.98573e-10
-1.99188e-12
-1.47738e-12
-9.99192e-10
-1.43869e-12
-9.99926e-10
-6.27781e-13
-1.31049e-12
-9.98482e-10
-1.19715e-12
-1.29927e-12
-9.9871e-10
-1.65376e-12
-1.27524e-12
-9.99139e-10
-1.95303e-12
-1.24331e-12
-9.99736e-10
-1.20782e-12
-1.00045e-09
-6.14203e-13
-9.49238e-13
-9.9898e-10
-1.17292e-12
-9.40312e-13
-9.99198e-10
-1.62178e-12
-9.2189e-13
-9.99612e-10
-1.91734e-12
-8.9719e-13
-1.00019e-09
-8.69748e-13
-1.00088e-09
-6.03485e-13
-4.9901e-13
-9.99343e-10
-1.15409e-12
-4.94123e-13
-9.99552e-10
-1.59677e-12
-4.84287e-13
-9.99953e-10
-1.88941e-12
-4.70935e-13
-1.00051e-09
-4.56098e-13
-1.00118e-09
-5.96211e-13
-9.99545e-10
-1.14114e-12
-9.99749e-10
-1.57928e-12
-1.00014e-09
-1.86958e-12
-1.00069e-09
-1.00135e-09
-8.7127e-13
-2.12677e-12
-9.97143e-10
-1.66078e-12
-2.10522e-12
-9.97467e-10
-2.2933e-12
-2.06195e-12
-9.98074e-10
-2.70817e-12
-2.00604e-12
-9.98916e-10
-1.94516e-12
-9.99916e-10
-8.46056e-13
-1.79316e-12
-9.97969e-10
-1.61711e-12
-1.77344e-12
-9.98271e-10
-2.23725e-12
-1.73453e-12
-9.98847e-10
-2.64693e-12
-1.68264e-12
-9.9965e-10
-1.62589e-12
-1.00061e-09
-8.23551e-13
-1.30066e-12
-9.98649e-10
-1.57788e-12
-1.2842e-12
-9.98933e-10
-2.18542e-12
-1.25392e-12
-9.99485e-10
-2.58986e-12
-1.2128e-12
-1.00025e-09
-1.16799e-12
-1.00118e-09
-8.04875e-13
-6.84766e-13
-9.99154e-10
-1.54672e-12
-6.7571e-13
-9.99419e-10
-2.14387e-12
-6.59792e-13
-9.9995e-10
-2.54414e-12
-6.3747e-13
-1.00069e-09
-6.13151e-13
-1.00158e-09
-7.92777e-13
-9.99437e-10
-1.52637e-12
-9.99691e-10
-2.11594e-12
-1.00021e-09
-2.51286e-12
-1.00093e-09
-1.00181e-09
-1.18033e-12
-2.92321e-12
-9.96131e-10
-2.25435e-12
-2.8835e-12
-9.96569e-10
-3.11574e-12
-2.81146e-12
-9.974e-10
-3.68473e-12
-2.71981e-12
-9.98549e-10
-2.62222e-12
-9.99915e-10
-1.13578e-12
-2.4539e-12
-9.97303e-10
-2.1808e-12
-2.41879e-12
-9.97691e-10
-3.02328e-12
-2.35628e-12
-9.9846e-10
-3.58633e-12
-2.27078e-12
-9.99536e-10
-2.17893e-12
-1.00083e-09
-1.09818e-12
-1.78834e-12
-9.98216e-10
-2.11768e-12
-1.7557e-12
-9.98577e-10
-2.93847e-12
-1.70613e-12
-9.99314e-10
-3.49424e-12
-1.63555e-12
-1.00033e-09
-1.56116e-12
-1.00156e-09
-1.06293e-12
-9.43937e-13
-9.98936e-10
-2.06548e-12
-9.26147e-13
-9.99246e-10
-2.86743e-12
-9.01656e-13
-9.99953e-10
-3.41797e-12
-8.63462e-13
-1.00091e-09
-8.23744e-13
-1.00209e-09
-1.0416e-12
-9.9934e-10
-2.03423e-12
-9.99624e-10
-2.82204e-12
-1.00033e-09
-3.36845e-12
-1.00125e-09
-1.0024e-09
-1.5999e-12
-4.04031e-12
-9.9471e-10
-3.06548e-12
-3.96153e-12
-9.95314e-10
-4.23877e-12
-3.83642e-12
-9.96474e-10
-5.01991e-12
-3.68002e-12
-9.98062e-10
-3.51648e-12
-9.99932e-10
-1.51257e-12
-3.35035e-12
-9.96481e-10
-2.93317e-12
-3.28818e-12
-9.96944e-10
-4.07817e-12
-3.19296e-12
-9.97958e-10
-4.8546e-12
-3.0505e-12
-9.99389e-10
-2.89955e-12
-1.0011e-09
-1.45086e-12
-2.4769e-12
-9.97639e-10
-2.83622e-12
-2.40365e-12
-9.98076e-10
-3.93947e-12
-2.32568e-12
-9.99078e-10
-4.70483e-12
-2.19788e-12
-1.00042e-09
-2.07214e-12
-1.00203e-09
-1.37461e-12
-1.31126e-12
-9.98728e-10
-2.74779e-12
-1.27249e-12
-9.99004e-10
-3.81183e-12
-1.24124e-12
-9.99973e-10
-4.5745e-12
-1.17346e-12
-1.00117e-09
-1.10958e-12
-1.00268e-09
-1.33639e-12
-9.99314e-10
-2.7038e-12
-9.99529e-10
-3.73651e-12
-1.00054e-09
-4.49698e-12
-1.00166e-09
-1.00314e-09
-2.18049e-12
-5.65906e-12
-9.92542e-10
-4.19471e-12
-5.48597e-12
-9.93426e-10
-5.78989e-12
-5.25371e-12
-9.95136e-10
-6.8524e-12
-4.96893e-12
-9.97414e-10
-4.6671e-12
-9.99955e-10
-1.97373e-12
-4.52794e-12
-9.95638e-10
-3.92356e-12
-4.41937e-12
-9.96061e-10
-5.4825e-12
-4.30116e-12
-9.97352e-10
-6.54513e-12
-4.06637e-12
-9.99229e-10
-3.81225e-12
-1.00134e-09
-1.89123e-12
-3.48881e-12
-9.96787e-10
-3.79949e-12
-3.29463e-12
-9.97293e-10
-5.26349e-12
-3.18982e-12
-9.98726e-10
-6.29858e-12
-2.9351e-12
-1.00052e-09
-2.71855e-12
-1.00243e-09
-1.71325e-12
-1.84201e-12
-9.98661e-10
-3.64373e-12
-1.74897e-12
-9.98619e-10
-5.01122e-12
-1.73707e-12
-1.00006e-09
-6.06955e-12
-1.60699e-12
-1.00144e-09
-1.50896e-12
-1.00321e-09
-1.65383e-12
-9.99503e-10
-3.59503e-12
-9.99337e-10
-4.87909e-12
-1.00099e-09
-5.95502e-12
-1.00219e-09
-1.00396e-09
-3.03429e-12
-8.12017e-12
-9.88827e-10
-5.8497e-12
-7.72348e-12
-9.90248e-10
-8.00695e-12
-7.27054e-12
-9.92982e-10
-9.36491e-12
-6.71399e-12
-9.96573e-10
-6.05296e-12
-9.99866e-10
-2.45328e-12
-6.02058e-12
-9.95284e-10
-5.17255e-12
-5.79239e-12
-9.95273e-10
-7.31877e-12
-5.718e-12
-9.96758e-10
-8.70074e-12
-5.35103e-12
-9.9921e-10
-4.89668e-12
-1.00118e-09
-2.46045e-12
-5.0708e-12
-9.95277e-10
-5.12841e-12
-4.5262e-12
-9.95891e-10
-7.03448e-12
-4.45744e-12
-9.9808e-10
-8.32276e-12
-3.85805e-12
-1.00072e-09
-3.50366e-12
-1.00229e-09
-1.99826e-12
-2.60622e-12
-9.99127e-10
-4.80026e-12
-2.39106e-12
-9.97952e-10
-6.44754e-12
-2.51628e-12
-1.00035e-09
-7.89385e-12
-2.22455e-12
-1.00163e-09
-2.09801e-12
-1.00316e-09
-1.93804e-12
-1.00017e-09
-4.7911e-12
-9.98875e-10
-6.24352e-12
-1.00205e-09
-7.76045e-12
-1.0029e-09
-1.0046e-09
-4.40906e-12
-1.18656e-11
-9.82155e-10
-8.47905e-12
-1.10454e-11
-9.84629e-10
-1.14381e-11
-1.02153e-11
-9.89138e-10
-1.28608e-11
-9.15981e-12
-9.95661e-10
-7.43639e-12
-9.99281e-10
-2.76079e-12
-7.99645e-12
-9.96393e-10
-6.57023e-12
-7.40731e-12
-9.95101e-10
-9.62218e-12
-7.50037e-12
-9.96421e-10
-1.13459e-11
-6.90469e-12
-9.99742e-10
-6.0105e-12
-9.99706e-10
-3.28296e-12
-7.6354e-12
-9.92355e-10
-7.0525e-12
-6.20181e-12
-9.93327e-10
-9.56736e-12
-6.50147e-12
-9.96564e-10
-1.09978e-11
-4.85653e-12
-1.00134e-09
-4.4617e-12
-1.00057e-09
-1.97497e-12
-3.75863e-12
-1.00103e-09
-6.19763e-12
-3.20772e-12
-9.96724e-10
-8.06673e-12
-3.85292e-12
-1.00113e-09
-1.00456e-11
-3.12878e-12
-1.00138e-09
-3.06319e-12
-1.00152e-09
-2.06677e-12
-1.00186e-09
-6.4298e-12
-9.9772e-10
-7.85983e-12
-1.00448e-09
-9.99514e-12
-1.00389e-09
-1.00471e-09
-6.77421e-12
-1.73537e-11
-9.70247e-10
-1.28498e-11
-1.58305e-11
-9.75028e-10
-1.72097e-11
-1.43401e-11
-9.8204e-10
-1.82564e-11
-1.26261e-11
-9.95445e-10
-8.26572e-12
-9.9766e-10
-2.4616e-12
-1.0797e-11
-1.00049e-09
-7.73766e-12
-9.33225e-12
-9.96323e-10
-1.20865e-11
-9.86954e-12
-9.96543e-10
-1.44967e-11
-8.67448e-12
-1.00128e-09
-6.84037e-12
-9.95186e-10
-4.62714e-12
-1.18371e-11
-9.86687e-10
-9.82372e-12
-8.17159e-12
-9.89291e-10
-1.33023e-11
-1.00531e-11
-9.92902e-10
-1.48726e-11
-5.61689e-12
-1.00283e-09
-5.78077e-12
-9.95314e-10
-1.05307e-12
-5.78299e-12
-1.00603e-09
-7.6514e-12
-4.23624e-12
-9.94061e-10
-9.53665e-12
-6.33932e-12
-1.00296e-09
-1.25531e-11
-4.50696e-12
-9.99469e-10
-4.89897e-12
-9.96399e-10
-1.75962e-12
-1.00589e-09
-8.86595e-12
-9.9485e-10
-9.64231e-12
-1.01004e-09
-1.29562e-11
-1.00509e-09
-1.00416e-09
-1.10705e-11
-2.52287e-11
-9.48954e-10
-1.99969e-11
-2.27862e-11
-9.59676e-10
-2.72334e-11
-1.98467e-11
-9.68361e-10
-2.74572e-11
-1.73827e-11
-9.98257e-10
-7.54693e-12
-9.9451e-10
-6.88817e-13
-1.48977e-11
-1.01013e-09
-7.84231e-12
-1.15812e-11
-1.00037e-09
-1.3547e-11
-1.32595e-11
-9.97425e-10
-1.78016e-11
-1.05916e-11
-1.00382e-09
-6.63474e-12
-9.8414e-10
-7.31676e-12
-1.90945e-11
-9.75174e-10
-1.36784e-11
-9.52798e-12
-9.84982e-10
-1.84156e-11
-1.66912e-11
-9.84733e-10
-2.07406e-11
-5.33315e-12
-1.00576e-09
-8.00061e-12
-9.82683e-10
2.57345e-12
-9.71089e-12
-1.01799e-09
-8.76156e-12
-5.46609e-12
-9.86788e-10
-9.60082e-12
-1.15125e-11
-1.0073e-09
-1.51347e-11
-6.66784e-12
-9.92601e-10
-8.93156e-12
-9.83534e-10
-4.58828e-13
-1.01514e-09
-1.29327e-11
-9.87843e-10
-1.10517e-11
-1.02343e-09
-1.70086e-11
-1.0058e-09
-1.00388e-09
-1.94677e-11
-3.60135e-11
-9.10011e-10
-3.3085e-11
-3.36243e-11
-9.35145e-10
-4.56315e-11
-2.6901e-11
-9.41717e-10
-4.45503e-11
-2.30607e-11
-1.01074e-09
-1.7638e-12
-9.91547e-10
4.68562e-12
-2.16691e-11
-1.02916e-09
-6.31103e-12
-1.42535e-11
-1.00875e-09
-1.1768e-11
-1.81296e-11
-1.00074e-09
-2.07138e-11
-1.1021e-11
-1.00691e-09
-2.6666e-12
-9.5972e-10
-1.30262e-11
-3.29202e-11
-9.50896e-10
-1.97977e-11
-7.25319e-12
-9.85211e-10
-2.51259e-11
-3.01618e-11
-9.67373e-10
-3.04624e-11
-2.24115e-12
-1.0092e-09
-1.18725e-11
-9.5412e-10
1.32773e-11
-1.72574e-11
-1.04693e-09
-8.54278e-12
-6.25171e-12
-9.6597e-10
-4.62909e-12
-2.28837e-11
-1.01849e-09
-1.64369e-11
-1.02569e-11
-9.72777e-10
-1.86914e-11
-9.50969e-10
4.14033e-12
-1.03654e-09
-2.03527e-11
-9.69601e-10
-1.10336e-11
-1.05564e-09
-2.29822e-11
-1.00411e-09
-1.00769e-09
-3.6791e-11
-4.84236e-11
-8.3484e-10
-6.56257e-11
-4.90491e-11
-8.85772e-10
-9.27881e-11
-3.10772e-11
-8.82246e-10
-8.80775e-11
-1.96637e-11
-1.06462e-09
2.35325e-11
-9.94242e-10
1.30768e-11
-4.17057e-11
-1.04895e-09
-1.12805e-11
-2.30233e-11
-1.01042e-09
-7.05957e-12
-2.1515e-11
-1.01452e-09
-1.99148e-11
2.87754e-12
-1.0166e-09
1.8143e-11
-9.00559e-10
-2.57394e-11
-7.12758e-11
-8.95587e-10
-2.63891e-11
4.25568e-12
-1.01184e-09
-3.43961e-11
-5.73661e-11
-9.23515e-10
-4.8923e-11
8.95662e-12
-1.00075e-09
-1.63873e-11
-8.7275e-10
5.07622e-11
-2.77679e-11
-1.1412e-09
2.358e-13
-3.37452e-12
-9.07813e-10
1.01688e-11
-4.32623e-11
-1.04253e-09
-1.43379e-11
-1.91926e-11
-9.20121e-10
-4.23855e-11
-8.56537e-10
1.92988e-11
-1.0836e-09
-3.13574e-11
-9.22319e-10
-1.40952e-11
-1.11616e-09
-3.4951e-11
-1.00244e-09
-1.018e-09
-4.49742e-11
-6.64948e-11
-7.37883e-10
-6.17774e-11
-9.8934e-11
-8.42204e-10
-8.30023e-11
-7.42123e-11
-7.97612e-10
-1.09766e-10
-5.76839e-11
-1.07035e-09
1.56277e-11
-9.68525e-10
6.2145e-11
-1.61105e-11
-1.16148e-09
6.81331e-11
6.66484e-12
-1.122e-09
4.06691e-11
-5.73329e-11
-1.00394e-09
-2.8071e-11
8.35474e-13
-1.00638e-09
-1.12109e-11
-8.22046e-10
-4.74693e-11
-6.75437e-11
-7.96684e-10
-4.54349e-11
4.34128e-11
-1.05062e-09
-1.61724e-11
-1.11834e-10
-8.98276e-10
-5.7973e-11
2.23585e-11
-9.80477e-10
-7.25817e-11
-8.07845e-10
5.96965e-11
-7.14252e-11
-1.19701e-09
-4.26709e-12
-4.40523e-13
-7.99996e-10
3.08847e-11
-1.43303e-10
-1.04621e-09
-1.92824e-11
-2.1376e-11
-8.26219e-10
-1.37173e-10
-7.44851e-10
1.43223e-11
-1.16935e-09
-7.87478e-11
-8.2969e-10
1.41967e-12
-1.33963e-09
-6.5678e-11
-9.56722e-10
-1.20409e-09
-1.39307e-10
-3.08243e-11
-4.24269e-10
-2.72445e-10
-1.09799e-10
-6.42528e-10
-4.3061e-10
-3.11783e-11
-4.16749e-10
-3.73965e-10
1.0496e-11
-1.5282e-09
2.07342e-10
-1.09815e-09
1.79402e-12
-2.25428e-10
-9.68674e-10
-1.29767e-10
-1.2783e-10
-9.72412e-10
3.68571e-11
-2.26121e-11
-1.17913e-09
7.32574e-11
1.41527e-10
-1.17381e-09
2.51471e-10
-6.12918e-10
-1.63741e-10
-4.29377e-10
-4.28994e-10
-8.3688e-12
1.75329e-10
-1.50916e-09
1.1431e-11
-2.27825e-10
-7.12863e-10
-1.45301e-10
1.11151e-10
-7.9337e-10
7.33338e-11
-4.14093e-10
4.13008e-10
-7.26888e-11
-1.96671e-09
6.59389e-11
6.52477e-11
-3.42846e-10
2.00592e-10
-1.37625e-10
-1.27106e-09
9.40252e-11
-1.10112e-10
-4.98389e-10
-8.37101e-11
-7.70858e-11
1.77735e-10
-1.41977e-09
-8.16862e-11
-5.05021e-10
2.85246e-11
-1.58747e-09
-7.04627e-11
-9.67847e-10
-1.03952e-09
-6.49667e-11
-6.89404e-11
-2.89647e-10
6.14167e-11
-4.40688e-10
-6.75767e-10
1.77555e-10
-1.7706e-10
-5.05655e-10
2.3035e-11
-2.30725e-10
-1.11318e-09
9.76622e-13
-6.80861e-10
2.47285e-10
4.18037e-10
-1.70294e-09
6.89907e-10
3.65055e-10
-2.22078e-09
3.0695e-10
-2.41357e-10
-7.31875e-10
-2.93214e-10
-1.12016e-10
-6.92354e-10
-3.11414e-10
-3.02282e-10
-8.51229e-11
2.74566e-10
-2.00399e-10
-2.34646e-10
2.44844e-10
-1.23942e-09
-1.30934e-11
-3.30526e-10
-8.45246e-10
-4.1851e-11
7.01052e-11
-9.46733e-10
-6.75992e-10
-2.40246e-10
-1.81379e-10
-3.44359e-10
-1.16641e-09
-7.60947e-11
-1.81433e-11
-1.85143e-10
-8.06676e-11
-7.50528e-10
-8.4649e-10
-1.55104e-10
8.07511e-11
-4.34598e-10
-1.10689e-09
1.69034e-10
-1.62432e-10
-1.6017e-09
-4.37012e-10
-2.48584e-10
-1.75584e-10
-2.59942e-09
-4.83614e-10
-5.79066e-10
-3.14801e-09
-1.24883e-11
3.54498e-11
-1.95824e-10
-4.98524e-11
-8.66825e-11
-5.34182e-10
2.18994e-12
1.66711e-11
-5.76102e-10
-5.61946e-12
1.70064e-11
-1.15855e-09
8.98757e-14
-8.88775e-10
-1.14119e-10
-1.65344e-11
-1.53683e-09
-2.35313e-10
-3.10645e-10
-1.87562e-09
1.85814e-12
1.60678e-11
-9.68444e-10
-9.28232e-12
1.62689e-11
-6.80476e-10
7.66794e-12
-3.46432e-10
-6.7904e-12
-1.69503e-12
-2.08448e-10
1.02209e-10
-1.03183e-12
-1.65803e-09
1.34353e-11
-3.056e-11
-7.09845e-10
-2.70795e-11
1.38734e-11
-9.03823e-10
7.639e-12
-2.48542e-10
2.65085e-11
9.54894e-11
-1.2901e-09
1.26855e-11
8.632e-12
-1.80984e-10
3.627e-11
2.86354e-10
-1.18699e-09
2.33707e-11
-5.7375e-12
-4.02088e-10
2.11989e-10
-5.94785e-12
1.35383e-11
-1.51975e-09
-1.60492e-10
-6.59216e-11
-1.94847e-10
-2.27871e-09
-2.76228e-10
-5.03422e-10
-2.53923e-09
1.44909e-11
9.15674e-11
-5.2809e-10
-1.27488e-10
5.82737e-11
-2.73328e-10
3.16531e-10
5.19278e-10
-1.61848e-09
-4.78832e-11
-4.62054e-11
-9.04509e-10
-4.59928e-11
-9.92472e-10
3.93432e-12
6.61813e-12
-1.45582e-09
-2.3312e-10
-2.09136e-10
-1.37115e-09
-1.46799e-10
4.32034e-10
-9.67521e-10
-3.06306e-11
8.24899e-12
-8.51099e-10
4.51764e-11
-3.91205e-10
8.23164e-11
-7.40725e-11
-2.10074e-10
-3.33412e-11
-3.62807e-10
-1.3887e-09
-5.02597e-11
5.93149e-11
-3.20207e-10
-1.23736e-11
-1.31052e-10
-8.02409e-10
-2.06423e-12
-5.11522e-11
9.02228e-11
3.27989e-10
-1.78238e-09
-1.34419e-10
1.68158e-12
-3.20831e-10
-2.91058e-10
3.99127e-10
-1.37016e-09
-4.02775e-11
5.27433e-11
-8.36664e-10
1.56824e-12
-2.37529e-10
-1.63901e-11
-1.17537e-09
-5.78404e-11
-2.27901e-11
-4.10497e-10
-1.52693e-09
3.28046e-11
-8.93981e-10
-2.14109e-09
3.26731e-11
3.41838e-10
-7.92149e-10
1.64907e-12
2.55361e-10
-3.25105e-10
1.43735e-10
2.58168e-10
-1.88878e-09
-1.02464e-12
-3.68289e-11
-7.19654e-10
-3.99457e-13
-7.90143e-10
-1.78713e-10
1.22327e-10
-1.05759e-09
-1.21995e-10
4.65148e-10
-1.63766e-09
-2.95705e-11
-3.98786e-12
-7.9779e-10
-4.37647e-11
-3.4571e-11
-8.39163e-10
2.18505e-12
-5.06974e-10
1.61887e-11
-8.91601e-13
-1.03044e-10
-1.41509e-10
-1.23332e-10
-6.42526e-10
-1.24148e-10
-4.16267e-11
-2.99929e-10
-3.27917e-11
1.39106e-10
-1.06744e-09
-4.49279e-11
-2.95096e-11
-2.21682e-11
2.64511e-11
-1.78756e-09
-7.46038e-11
-8.70857e-11
-3.04642e-10
-2.47217e-11
1.88335e-10
-1.65e-09
-9.83086e-11
3.30838e-10
-9.5481e-10
-1.1001e-10
-4.97671e-10
-9.68703e-11
-1.05205e-09
9.15117e-11
-2.98258e-10
-2.20773e-10
-1.02631e-09
2.51067e-10
-1.03498e-09
-2.88126e-09
8.36114e-11
1.90832e-10
-1.27395e-09
2.16848e-11
2.07727e-10
-3.06829e-10
-5.29896e-10
-9.35087e-11
-9.99711e-10
1.94516e-10
3.27764e-10
-1.83682e-09
-2.58665e-11
-1.69768e-09
-3.50946e-10
-4.15796e-11
-4.74237e-10
-4.23933e-10
-7.01935e-11
-1.28675e-09
-2.0095e-10
-8.09692e-11
-1.03331e-09
5.46082e-11
2.8039e-10
-1.04735e-09
8.03503e-11
-1.03004e-09
-1.22525e-11
-3.5109e-11
-9.7262e-11
-7.27493e-12
3.51904e-11
-7.52887e-10
1.16507e-10
1.21813e-10
-6.26494e-10
5.33569e-11
1.52104e-10
-8.76006e-10
-3.0241e-11
-2.43382e-11
-1.4637e-10
-4.63468e-10
-1.21283e-09
-4.053e-11
-3.16852e-11
-3.43607e-10
-2.01259e-11
8.94659e-11
-1.63806e-09
-1.01262e-10
-9.35029e-11
-6.28068e-10
1.26457e-10
-8.19298e-10
2.91921e-11
-1.54471e-09
1.05977e-11
-3.11349e-10
-2.18945e-11
-9.04352e-10
1.72592e-10
-1.32297e-09
-2.76431e-09
1.92416e-10
4.96679e-11
-1.77555e-09
8.41417e-11
2.02574e-12
-1.74116e-10
1.56087e-10
-3.72047e-11
-9.67678e-10
5.94524e-10
4.11024e-10
-1.82369e-09
1.49502e-10
-1.70346e-09
1.37161e-10
-1.69144e-11
-5.44816e-10
8.32346e-11
-1.32893e-10
-1.09791e-09
-2.34741e-10
-2.01317e-10
-5.51224e-10
-7.36167e-11
-5.41896e-11
-7.43256e-10
-1.43812e-10
-9.02515e-10
2.52278e-10
5.7205e-12
-3.72174e-10
1.83373e-10
-1.10804e-10
-7.06071e-10
6.7347e-11
-4.02408e-11
-6.71544e-10
-1.68177e-11
-8.79308e-11
-7.58101e-10
-1.36463e-10
-4.9935e-10
-1.45984e-10
-9.41339e-10
-1.19786e-10
-4.682e-11
-1.52093e-10
-4.01481e-10
-1.25541e-10
-1.88145e-10
-1.41144e-09
-3.53087e-10
-1.39006e-10
-3.49446e-10
2.90678e-10
-1.68917e-09
-4.84643e-10
-2.00141e-09
2.26593e-10
-1.17468e-09
9.07632e-11
-9.56667e-10
-2.19044e-10
-1.15217e-09
-2.7404e-09
-1.74701e-10
-4.90456e-10
-4.62228e-10
3.75039e-10
-4.74095e-11
-5.09998e-10
3.02561e-10
8.46307e-12
-8.04902e-10
-1.19013e-10
-1.51907e-10
-6.26085e-10
-3.90327e-10
-4.58744e-10
-7.14187e-12
-2.17568e-10
-8.10561e-10
4.12511e-11
-8.6951e-12
-1.18501e-09
-3.12695e-11
-8.58661e-11
-3.84374e-10
-6.19511e-11
-4.2111e-11
-8.22371e-10
-4.91147e-10
-6.35587e-10
1.83719e-10
-6.49771e-12
-7.66964e-10
9.42455e-13
4.56869e-11
-5.77676e-10
-5.73772e-11
2.179e-11
-7.20881e-10
-7.37847e-11
-2.71306e-11
-7.56674e-10
8.81167e-10
-2.26159e-09
6.24169e-11
4.2442e-10
-6.13121e-10
8.28011e-11
3.12992e-11
-4.07478e-10
-2.52692e-11
-2.45144e-10
-1.03643e-09
-1.69947e-10
-2.68381e-11
-2.05061e-10
7.00326e-10
-1.5989e-09
-7.76327e-10
-8.0066e-10
-5.7614e-10
-1.34357e-09
-1.41545e-10
-1.63641e-09
1.8519e-10
-1.50574e-09
-1.81467e-09
4.37051e-11
-2.0263e-11
-1.13644e-09
3.66617e-10
1.98936e-10
-1.38033e-09
3.8217e-11
-6.71016e-11
-2.98259e-10
9.75919e-12
-3.75238e-11
-3.03239e-10
-6.09586e-12
-4.34121e-11
2.97908e-10
2.12922e-12
-1.13086e-09
1.76542e-10
5.70146e-11
-9.21727e-10
1.16828e-10
9.87021e-11
-4.90465e-10
1.57056e-10
5.24198e-11
-9.52542e-10
2.30437e-10
-5.61605e-10
9.29561e-13
4.37262e-11
-8.09491e-10
1.23925e-10
8.7428e-13
-6.44532e-10
2.66035e-10
3.37393e-10
-1.10168e-09
-3.71038e-10
-2.70367e-11
-4.01441e-11
5.99196e-10
-2.75154e-09
3.33072e-10
3.06694e-10
-1.20916e-09
8.38468e-11
2.01435e-11
-1.77522e-10
-3.00856e-11
-3.35235e-10
-2.49873e-10
7.73817e-11
2.04756e-10
-5.44321e-10
9.78946e-11
-1.11552e-09
-1.16173e-11
-4.82349e-10
1.80282e-10
-1.51532e-09
1.033e-09
-2.82436e-09
1.22693e-09
-1.49492e-09
-5.15982e-10
5.3593e-10
-9.69985e-10
-1.23041e-09
3.52748e-10
-1.84129e-10
-1.18191e-09
5.96356e-13
2.16916e-11
-1.13581e-10
-8.39143e-13
-1.03307e-10
-2.18389e-11
1.66433e-10
-1.1699e-09
3.20319e-10
-2.41053e-10
-2.18011e-09
1.31685e-10
-3.47921e-12
-9.13743e-10
2.4539e-10
1.70359e-10
-7.52838e-10
2.5409e-10
-1.25915e-10
-9.38633e-10
3.24665e-10
-4.90038e-10
3.23811e-10
-2.61354e-10
-1.113e-09
2.99038e-10
-3.6597e-11
-5.86643e-10
1.19525e-11
8.98056e-11
-7.34043e-10
6.22446e-11
1.63659e-10
-3.80011e-10
2.50622e-11
-2.03403e-09
3.13783e-10
4.06739e-10
-2.19104e-09
7.62663e-11
5.69552e-10
-5.46155e-10
9.83683e-11
2.24488e-10
-4.06657e-10
2.64784e-10
2.02304e-10
-7.49381e-10
2.07785e-10
-1.10993e-09
7.37272e-10
-8.12882e-10
9.76491e-10
-1.18499e-09
4.64016e-10
-2.0874e-09
1.53577e-11
-8.43959e-10
-2.28163e-10
2.94166e-11
3.56707e-10
-1.79902e-09
-4.17954e-11
-3.62741e-10
-6.69977e-10
1.20503e-11
1.19468e-10
-5.11823e-10
4.45806e-10
9.90889e-11
-9.27935e-10
-1.5331e-10
-2.1526e-09
-4.01674e-10
-2.45185e-10
-1.17655e-09
6.41894e-12
-4.03076e-10
-1.2815e-09
1.67535e-10
4.98072e-11
-8.44294e-10
-5.16874e-11
-5.86905e-11
-5.61631e-10
9.70982e-11
-7.97116e-10
7.53702e-11
-8.25815e-10
-6.0774e-10
2.00141e-11
1.53221e-10
-1.08758e-09
6.58767e-11
-5.70849e-11
-6.73013e-10
1.36779e-10
-5.37102e-11
-4.55893e-10
-1.14097e-10
-9.94686e-10
9.01589e-11
-1.06733e-09
-2.03968e-09
-3.44462e-11
2.89096e-10
-5.57424e-10
1.75658e-10
6.47215e-11
-7.38568e-10
4.8026e-11
-2.40528e-11
-6.51407e-10
-5.28682e-11
-1.13574e-09
2.80624e-10
-2.16084e-09
-8.90442e-11
-5.26226e-10
-1.23733e-10
-1.98798e-09
-2.45993e-10
-7.45752e-10
-5.58432e-10
7.01716e-10
3.18576e-10
-3.11648e-09
5.71695e-10
3.43479e-10
-1.05849e-09
5.7602e-10
-8.1899e-11
-5.2618e-10
7.51947e-10
-6.51691e-12
-1.34316e-09
1.21668e-11
-1.01737e-09
-5.51566e-11
-7.72547e-11
-7.25559e-10
-2.41881e-11
-2.59993e-10
-7.08998e-10
1.43165e-10
-3.48726e-10
-7.4482e-10
-1.92585e-10
-3.64691e-11
-1.95928e-10
6.58304e-11
-9.15515e-10
-2.92867e-10
-8.0147e-11
-3.11981e-10
-3.94537e-10
-1.70003e-10
-1.0759e-09
7.25117e-11
1.21381e-10
-1.61017e-09
2.29351e-11
2.25699e-11
-4.65355e-10
-5.11264e-10
-2.3384e-10
-3.17773e-11
-1.10178e-09
-9.86276e-10
2.52836e-11
-8.27096e-11
-7.0178e-10
1.60597e-10
2.10831e-10
-9.63332e-10
-3.05819e-11
9.32467e-12
-4.46982e-10
-7.23877e-10
-1.12474e-09
6.18302e-10
-3.88091e-09
4.0354e-10
-3.94173e-10
3.73505e-10
-1.74712e-09
-1.59024e-10
-2.03898e-10
-1.54456e-09
1.54497e-10
1.20649e-10
-3.39616e-09
4.81039e-10
3.18501e-10
-1.64366e-09
2.17553e-10
-5.51654e-11
-1.48141e-10
1.38366e-10
-1.95501e-10
-7.23506e-10
-2.3655e-11
-3.3714e-10
1.15263e-10
-4.22148e-11
-6.77958e-10
-3.6535e-11
-1.97797e-11
-2.18918e-10
3.88695e-12
-2.02158e-10
-6.38249e-10
1.16486e-10
-4.43199e-11
-4.59709e-10
-2.17544e-10
-4.07465e-10
3.91894e-12
-1.01195e-11
-3.47994e-10
8.00697e-11
-1.26189e-10
-1.04565e-09
1.86058e-10
-1.91553e-10
-1.72676e-09
1.13683e-10
-5.21687e-11
-3.85131e-10
-4.9894e-11
-1.7868e-10
-5.50079e-11
-1.84643e-10
-7.56745e-10
8.31685e-11
-6.28096e-11
-9.03335e-10
9.85397e-12
2.72497e-12
-1.08429e-09
1.62262e-11
5.10681e-13
-5.06034e-10
2.06413e-10
-1.39791e-09
-2.5181e-10
-3.81375e-09
1.1503e-11
-7.20296e-10
7.32352e-12
-1.74021e-09
-1.0228e-10
-9.37834e-11
-1.16406e-09
-5.55599e-10
1.21089e-10
-2.81796e-09
-2.06114e-10
2.82742e-11
-1.95712e-09
1.05844e-11
1.15337e-11
-3.7609e-10
-4.42012e-12
-8.15309e-11
-5.86194e-10
-1.84464e-11
-3.55535e-10
6.4113e-12
-1.80771e-11
-5.45204e-10
-1.92951e-11
-4.10951e-11
-1.23843e-10
3.35847e-12
5.54753e-11
-7.04845e-10
2.01566e-11
-3.56119e-11
-5.22426e-10
-4.36254e-12
-4.66422e-10
1.7972e-10
2.08509e-11
-5.66643e-10
3.38641e-10
-4.80229e-11
-1.19764e-09
3.76435e-11
-2.85821e-10
-1.08447e-09
-2.92369e-12
-9.19848e-11
-2.88191e-10
1.15915e-10
-3.19002e-10
-1.95942e-10
1.09285e-10
-6.49237e-10
-2.08926e-10
-2.76651e-11
-9.10709e-10
-4.17913e-11
-1.73321e-10
-1.36393e-09
1.25911e-11
-4.52355e-11
-6.07166e-10
2.14247e-10
-1.48699e-09
-9.94919e-10
-2.70954e-09
-4.46063e-10
-1.29682e-09
-1.52953e-11
-2.3443e-09
1.82602e-11
-1.72574e-10
-7.39033e-10
-3.70461e-10
-1.17979e-10
-1.96002e-09
-6.90999e-10
-1.33314e-11
-1.54763e-09
-3.2698e-10
2.0772e-10
-8.47668e-10
2.16795e-11
2.40407e-11
-1.02191e-09
-1.79744e-11
-4.73393e-10
6.49622e-11
2.23993e-10
-9.52139e-10
1.80535e-10
1.7098e-10
-4.23728e-10
6.44463e-11
3.75271e-10
-7.56306e-10
1.90596e-10
1.41922e-11
-6.38728e-10
2.28411e-10
-8.76062e-10
2.40116e-11
4.6402e-10
-8.30681e-10
-3.04745e-10
1.12779e-10
-8.10681e-10
-3.60188e-10
5.62122e-10
-1.21588e-09
-5.81939e-11
7.3287e-11
-6.4928e-10
3.55007e-10
-7.15442e-10
1.69417e-10
7.1134e-10
-1.06597e-09
9.07331e-11
2.19633e-10
-9.38878e-10
-1.40682e-10
5.2942e-10
-1.09981e-09
7.32631e-12
1.29811e-12
-6.83186e-10
-1.58605e-10
-7.75136e-10
-2.69059e-10
-1.72914e-09
-2.79576e-10
-1.06667e-09
-7.83457e-10
-1.311e-09
-2.84103e-10
-6.70631e-10
-1.29823e-09
-2.30573e-10
-1.24885e-10
-1.38739e-09
-2.63025e-10
-2.1888e-10
-1.25282e-09
-1.66132e-10
3.30917e-11
-9.52168e-10
-1.75904e-10
-2.55818e-10
-9.38222e-10
-2.46623e-12
-7.88906e-10
-1.38554e-10
-9.90284e-11
-8.39441e-10
7.68651e-12
-7.52712e-11
-7.13577e-10
5.20888e-11
9.45655e-11
-8.62182e-10
6.2584e-11
-9.87704e-11
-8.06271e-10
4.78559e-11
-8.68058e-10
-4.46379e-11
1.32104e-10
-1.01718e-09
-2.07853e-12
8.12099e-11
-1.00972e-09
-1.03155e-10
5.73158e-11
-1.07755e-09
5.18781e-11
-8.05595e-11
-8.22524e-10
6.41928e-11
-8.47612e-10
-1.04249e-10
1.91686e-10
-1.02131e-09
-7.06117e-11
6.45647e-11
-9.5587e-10
-1.16965e-10
8.45833e-11
-1.08073e-09
-2.73378e-11
-2.20307e-11
-8.31342e-10
2.29763e-10
-1.0346e-09
-2.01722e-10
-1.33573e-09
-1.25809e-10
-1.07801e-09
-9.41703e-11
-1.25806e-09
4.41836e-12
-7.9125e-10
-1.05977e-09
-8.24178e-11
-3.75945e-11
-1.17127e-09
-1.41058e-10
-6.34235e-11
-1.11267e-09
-9.33788e-11
2.47363e-11
-9.91072e-10
-3.43035e-11
-7.74685e-11
-9.83206e-10
-7.61201e-12
-9.09038e-10
-4.17748e-12
3.77734e-11
-9.10631e-10
3.83582e-11
2.81206e-11
-8.47657e-10
2.29392e-11
9.23045e-11
-9.14332e-10
5.0434e-11
-2.27573e-11
-8.88478e-10
5.78962e-11
-9.26908e-10
-3.11468e-11
8.91791e-11
-1.03743e-09
-6.06614e-11
4.75425e-11
-9.99629e-10
-1.04262e-10
9.0358e-11
-1.03201e-09
-1.29692e-11
-1.94142e-11
-9.17159e-10
8.93809e-11
-9.47117e-10
-2.41678e-11
1.10955e-10
-1.01892e-09
-2.14252e-11
5.20936e-11
-9.63164e-10
-6.45387e-11
8.56582e-11
-1.03291e-09
-1.62866e-11
-7.13822e-12
-8.9187e-10
4.92154e-11
-9.97012e-10
-7.2106e-11
-1.15267e-09
-7.0687e-11
-1.02734e-09
-1.33513e-10
-1.10957e-09
-3.60514e-11
-8.9585e-10
-1.05072e-09
-3.91301e-11
-1.81698e-11
-1.07619e-09
-6.07193e-11
-3.80596e-11
-1.05247e-09
-4.42221e-11
2.4172e-12
-1.00394e-09
-2.27004e-11
-5.33884e-11
-9.92147e-10
-1.08767e-11
-9.62804e-10
-7.53657e-12
1.954e-11
-9.40804e-10
1.63316e-11
7.24085e-12
-9.16826e-10
1.28188e-11
3.84966e-11
-9.46898e-10
2.45396e-11
-1.90672e-11
-9.3452e-10
2.68622e-11
-9.56606e-10
-2.57045e-11
3.63056e-11
-1.0285e-09
-3.09834e-11
1.72598e-11
-1.00437e-09
-4.85786e-11
3.76119e-11
-1.01353e-09
-7.40768e-12
-1.93517e-11
-9.58046e-10
3.3385e-11
-9.77604e-10
-1.94493e-11
4.45123e-11
-1.00767e-09
-1.34611e-11
2.13883e-11
-9.73281e-10
-3.29083e-11
3.6034e-11
-1.01189e-09
-6.34806e-12
-3.63247e-12
-9.34149e-10
3.29816e-11
-9.98268e-10
-3.93119e-11
-1.06885e-09
-3.43411e-11
-1.01092e-09
-5.71083e-11
-1.05077e-09
-1.42892e-11
-9.42301e-10
-1.02361e-09
-1.76317e-11
-1.10909e-11
-1.03482e-09
-2.72472e-11
-2.17915e-11
-1.02457e-09
-2.20298e-11
-5.48714e-12
-1.00516e-09
-1.04901e-11
-3.20225e-11
-9.95571e-10
-1.09604e-11
-9.84569e-10
-1.76768e-12
1.28601e-11
-9.62988e-10
9.28414e-12
3.30765e-12
-9.52977e-10
7.12003e-12
1.7178e-11
-9.674e-10
1.36759e-11
-1.207e-11
-9.61028e-10
1.13455e-11
-9.74213e-10
-1.47448e-11
1.56211e-11
-1.01651e-09
-1.82458e-11
5.68486e-12
-1.00324e-09
-2.60511e-11
1.67374e-11
-1.00528e-09
-5.70418e-12
-1.34817e-11
-9.76981e-10
1.39481e-11
-9.89432e-10
-1.09618e-11
1.94976e-11
-1.00059e-09
-7.18495e-12
9.90493e-12
-9.81277e-10
-1.71244e-11
1.67851e-11
-1.002e-09
-2.724e-12
-2.24161e-12
-9.59789e-10
1.40973e-11
-9.97005e-10
-1.93333e-11
-1.03002e-09
-1.77659e-11
-1.00258e-09
-3.02232e-11
-1.02153e-09
-8.0243e-12
-9.66742e-10
-1.00929e-09
-8.62326e-12
-8.36534e-12
-1.01645e-09
-1.2522e-11
-1.38572e-11
-1.01125e-09
-1.11612e-11
-7.31815e-12
-1.00288e-09
-4.46713e-12
-2.03451e-11
-9.97108e-10
-9.74868e-12
-9.92916e-10
-1.56427e-13
5.99504e-12
-9.77192e-10
5.2412e-12
3.68355e-13
-9.726e-10
4.06891e-12
6.56834e-12
-9.80114e-10
7.73557e-12
-8.27528e-12
-9.76764e-10
3.21245e-12
-9.84409e-10
-8.09096e-12
5.82597e-12
-1.00825e-09
-1.03592e-11
1.05036e-12
-1.00166e-09
-1.41177e-11
6.38113e-12
-1.00133e-09
-3.69793e-12
-9.39932e-12
-9.86276e-10
4.68137e-12
-9.9437e-10
-5.90463e-12
8.30019e-12
-9.97157e-10
-3.72865e-12
4.18938e-12
-9.86592e-10
-8.78719e-12
7.18562e-12
-9.97743e-10
-1.03762e-12
-1.67199e-12
-9.75266e-10
5.51812e-12
-9.96011e-10
-9.73225e-12
-1.01199e-09
-9.33843e-12
-9.98789e-10
-1.59458e-11
-1.00774e-09
-4.48871e-12
-9.79871e-10
-1.00211e-09
-4.09839e-12
-6.71601e-12
-1.00736e-09
-5.62137e-12
-9.48584e-12
-1.00471e-09
-5.23015e-12
-6.81709e-12
-1.00091e-09
-1.56342e-12
-1.33377e-11
-9.9772e-10
-8.17375e-12
-9.96156e-10
2.0425e-13
1.78072e-12
-9.85893e-10
2.92367e-12
-9.61663e-13
-9.83843e-10
2.34534e-12
1.27611e-12
-9.87628e-10
4.35541e-12
-5.95762e-12
-9.86154e-10
-5.77599e-13
-9.9044e-10
-4.44635e-12
1.52406e-12
-1.00355e-09
-5.65631e-12
-1.29863e-12
-1.00011e-09
-7.70952e-12
1.68488e-12
-9.9969e-10
-2.18146e-12
-6.57603e-12
-9.91186e-10
7.00009e-13
-9.96346e-10
-3.01122e-12
3.29973e-12
-9.95921e-10
-1.9308e-12
1.48776e-12
-9.90459e-10
-4.50151e-12
2.69858e-12
-9.96186e-10
-3.95755e-13
-1.36551e-12
-9.84582e-10
1.71622e-12
-9.9565e-10
-4.96643e-12
-1.00372e-09
-4.95882e-12
-9.97309e-10
-8.51357e-12
-1.00148e-09
-2.51375e-12
-9.87236e-10
-9.98825e-10
-1.85381e-12
-5.38849e-12
-1.00275e-09
-2.38963e-12
-6.78152e-12
-1.00143e-09
-2.20129e-12
-5.72544e-12
-9.99686e-10
-3.55115e-13
-8.9484e-12
-9.97951e-10
-6.52279e-12
-9.97605e-10
2.84099e-13
-3.48167e-13
-9.91217e-10
1.57173e-12
-1.40832e-12
-9.90504e-10
1.31407e-12
-7.26651e-13
-9.92369e-10
2.41032e-12
-4.45494e-12
-9.91744e-10
-1.78196e-12
-9.94248e-10
-2.47838e-12
-3.49535e-13
-1.00107e-09
-2.93978e-12
-2.09387e-12
-9.98964e-10
-4.1366e-12
-4.16036e-13
-9.98804e-10
-1.17063e-12
-4.63358e-12
-9.93973e-10
-1.24086e-12
-9.96886e-10
-1.48323e-12
1.06788e-12
-9.95856e-10
-1.00864e-12
2.08929e-13
-9.93236e-10
-2.29145e-12
6.90217e-13
-9.96009e-10
-1.473e-13
-1.1464e-12
-9.90214e-10
5.0821e-14
-9.96016e-10
-2.55658e-12
-1.00009e-09
-2.6399e-12
-9.97017e-10
-4.56288e-12
-9.98871e-10
-1.3823e-12
-9.91563e-10
-9.97608e-10
-7.56659e-13
-4.25415e-12
-1.00051e-09
-8.69231e-13
-4.93221e-12
-9.99877e-10
-6.92855e-13
-4.54349e-12
-9.99105e-10
3.13877e-13
-6.13185e-12
-9.98236e-10
-4.98188e-12
-9.98348e-10
1.96849e-13
-9.7149e-13
-9.94696e-10
8.02645e-13
-1.60381e-12
-9.94438e-10
6.74475e-13
-1.3898e-12
-9.95395e-10
1.28645e-12
-3.44077e-12
-9.95047e-10
-2.19013e-12
-9.96503e-10
-1.26448e-12
-1.29356e-12
-9.99482e-10
-1.44968e-12
-2.0241e-12
-9.98359e-10
-2.0535e-12
-1.37067e-12
-9.98219e-10
-5.36749e-13
-3.27502e-12
-9.95656e-10
-1.74483e-12
-9.97263e-10
-7.34903e-13
6.38267e-14
-9.96478e-10
-5.44987e-13
-2.00779e-13
-9.95249e-10
-1.20978e-12
-1.41942e-13
-9.96573e-10
-6.1863e-14
-9.69731e-13
-9.93667e-10
-4.29142e-13
-9.96715e-10
-1.33523e-12
-9.98695e-10
-1.38944e-12
-9.97163e-10
-2.43174e-12
-9.9797e-10
-7.40765e-13
-9.94223e-10
-9.97293e-10
-2.39463e-13
-3.26655e-12
-9.99534e-10
-1.95719e-13
-3.59481e-12
-9.9925e-10
-1.29065e-14
-3.46698e-12
-9.98987e-10
5.14384e-13
-4.26011e-12
-9.9859e-10
-3.72159e-12
-9.98848e-10
1.0859e-13
-1.23826e-12
-9.96833e-10
3.86227e-13
-1.58707e-12
-9.96724e-10
3.25954e-13
-1.58715e-12
-9.97214e-10
6.84417e-13
-2.70346e-12
-9.96962e-10
-2.16032e-12
-9.97775e-10
-5.96241e-13
-1.3749e-12
-9.98749e-10
-6.51679e-13
-1.70342e-12
-9.98187e-10
-9.12523e-13
-1.45229e-12
-9.98093e-10
-1.41482e-13
-2.32955e-12
-9.96801e-10
-1.63621e-12
-9.9772e-10
-3.79926e-13
-2.22544e-13
-9.9725e-10
-3.08092e-13
-3.53121e-13
-9.96671e-10
-6.69559e-13
-3.80968e-13
-9.97283e-10
-3.25911e-14
-8.25464e-13
-9.95808e-10
-6.11141e-13
-9.97366e-10
-6.82593e-13
-9.98235e-10
-7.10514e-13
-9.97488e-10
-1.25689e-12
-9.97805e-10
-3.84746e-13
-9.95921e-10
-9.97475e-10
-1.24572e-14
-2.45221e-12
-9.99255e-10
7.76906e-14
-2.61403e-12
-9.99135e-10
1.82714e-13
-2.57425e-12
-9.99104e-10
4.76034e-13
-3.00776e-12
-9.98979e-10
-2.7826e-12
-9.9921e-10
5.49241e-14
-1.26934e-12
-9.98071e-10
1.85358e-13
-1.45961e-12
-9.98008e-10
1.67708e-13
-1.52684e-12
-9.98244e-10
3.95634e-13
-2.14237e-12
-9.98055e-10
-1.91399e-12
-9.98494e-10
-2.50781e-13
-1.19835e-12
-9.98569e-10
-2.47801e-13
-1.34499e-12
-9.98304e-10
-3.3892e-13
-1.25722e-12
-9.98271e-10
4.76736e-14
-1.66915e-12
-9.9766e-10
-1.36372e-12
-9.9819e-10
-2.01347e-13
-3.38478e-13
-9.97909e-10
-1.75124e-13
-4.06651e-13
-9.97635e-10
-3.639e-13
-4.63536e-13
-9.97887e-10
-7.59008e-15
-6.91403e-13
-9.97142e-10
-6.24392e-13
-9.97915e-10
-3.35759e-13
-9.98238e-10
-3.45723e-13
-9.97885e-10
-6.18707e-13
-9.97996e-10
-1.5798e-13
-9.97073e-10
-9.97848e-10
4.76599e-14
-1.81533e-12
-9.99308e-10
1.53281e-13
-1.90567e-12
-9.99278e-10
2.03255e-13
-1.9063e-12
-9.99312e-10
3.6834e-13
-2.16958e-12
-9.99299e-10
-2.09798e-12
-9.99458e-10
3.19143e-14
-1.1728e-12
-9.98745e-10
1.08269e-13
-1.28371e-12
-9.98707e-10
1.09379e-13
-1.34199e-12
-9.98809e-10
2.63763e-13
-1.68401e-12
-9.98695e-10
-1.5773e-12
-9.98931e-10
-8.8586e-14
-9.60344e-13
-9.98693e-10
-7.60066e-14
-1.02583e-12
-9.98575e-10
-7.82596e-14
-1.01078e-12
-9.986e-10
9.23554e-14
-1.21368e-12
-9.98301e-10
-1.10018e-12
-9.98601e-10
-1.02627e-13
-3.6576e-13
-9.984e-10
-9.30314e-14
-4.00334e-13
-9.98271e-10
-1.7603e-13
-4.53646e-13
-9.98362e-10
2.56094e-14
-5.67319e-13
-9.9799e-10
-5.43828e-13
-9.98366e-10
-1.56353e-13
-9.98447e-10
-1.56521e-13
-9.98285e-10
-2.86545e-13
-9.98319e-10
-4.87902e-14
-9.97878e-10
-9.98263e-10
5.60146e-14
-1.3563e-12
-9.99465e-10
1.3689e-13
-1.41172e-12
-9.99467e-10
1.73591e-13
-1.4366e-12
-9.99503e-10
2.67933e-13
-1.58827e-12
-9.99525e-10
-1.58472e-12
-9.99623e-10
2.71291e-14
-1.00972e-12
-9.99119e-10
8.33233e-14
-1.07404e-12
-9.991e-10
9.02911e-14
-1.1069e-12
-9.99146e-10
1.90767e-13
-1.28588e-12
-9.99098e-10
-1.24453e-12
-9.99222e-10
-1.68198e-14
-7.4817e-13
-9.98938e-10
1.6913e-15
-7.81795e-13
-9.98885e-10
-2.59211e-15
-7.90143e-13
-9.98913e-10
9.67816e-14
-9.09739e-13
-9.98777e-10
-8.68625e-13
-9.98936e-10
-4.37341e-14
-3.4184e-13
-9.98763e-10
-3.3255e-14
-3.60902e-13
-9.98702e-10
-5.64356e-14
-3.92459e-13
-9.98736e-10
4.62425e-14
-4.49819e-13
-9.98552e-10
-4.40713e-13
-9.98738e-10
-6.78373e-14
-9.98721e-10
-6.56371e-14
-9.98648e-10
-1.1801e-13
-9.9866e-10
3.55331e-15
-9.9845e-10
-9.98641e-10
4.93696e-14
-1.02852e-12
-9.99609e-10
1.05895e-13
-1.06075e-12
-9.99618e-10
1.38772e-13
-1.08931e-12
-9.99646e-10
1.91893e-13
-1.17108e-12
-9.99674e-10
-1.19264e-12
-9.99735e-10
2.58534e-14
-8.17553e-13
-9.99355e-10
6.88147e-14
-8.52715e-13
-9.99351e-10
7.93099e-14
-8.71738e-13
-9.99374e-10
1.40941e-13
-9.66683e-13
-9.99364e-10
-9.60313e-13
-9.99428e-10
3.28917e-15
-5.8249e-13
-9.99176e-10
2.48691e-14
-6.04437e-13
-9.99155e-10
3.04786e-14
-6.1641e-13
-9.99173e-10
8.8817e-14
-6.86788e-13
-9.99115e-10
-6.7288e-13
-9.99196e-10
-1.03892e-14
-2.90106e-13
-9.99045e-10
-3.70256e-16
-3.00685e-13
-9.99016e-10
-6.47733e-15
-3.14569e-13
-9.99032e-10
4.55026e-14
-3.4869e-13
-9.98942e-10
-3.46273e-13
-9.99036e-10
-2.41969e-14
-9.98987e-10
-1.94802e-14
-9.98954e-10
-3.148e-14
-9.98962e-10
2.83357e-14
-9.98858e-10
-9.98952e-10
3.97413e-14
-7.81245e-13
-9.99718e-10
7.94819e-14
-7.99804e-13
-9.99727e-10
1.07895e-13
-8.23097e-13
-9.99747e-10
1.3801e-13
-8.66604e-13
-9.99773e-10
-8.92352e-13
-9.99813e-10
2.42508e-14
-6.37841e-13
-9.99523e-10
5.50733e-14
-6.56845e-13
-9.99525e-10
6.91243e-14
-6.7278e-13
-9.99538e-10
1.04483e-13
-7.21104e-13
-9.99544e-10
-7.31076e-13
-9.99579e-10
1.1688e-14
-4.5272e-13
-9.99373e-10
3.17586e-14
-4.66095e-13
-9.99366e-10
3.71367e-14
-4.7606e-13
-9.99376e-10
7.38507e-14
-5.15708e-13
-9.99357e-10
-5.14691e-13
-9.99396e-10
1.35694e-15
-2.3164e-13
-9.99267e-10
1.33967e-14
-2.38701e-13
-9.99255e-10
1.39226e-14
-2.45997e-13
-9.99262e-10
4.78568e-14
-2.66813e-13
-9.99225e-10
-2.66092e-13
-9.99271e-10
-3.61353e-15
-9.99215e-10
3.91226e-15
-9.992e-10
-8.06563e-16
-9.99203e-10
3.11323e-14
-9.99157e-10
-9.99204e-10
3.05942e-14
-5.90886e-13
-9.99796e-10
5.94259e-14
-6.02023e-13
-9.99803e-10
8.20728e-14
-6.18264e-13
-9.99818e-10
1.00424e-13
-6.42614e-13
-9.99839e-10
-6.63845e-13
-9.99867e-10
2.12776e-14
-4.89069e-13
-9.99646e-10
4.33307e-14
-4.99342e-13
-9.9965e-10
5.83993e-14
-5.12264e-13
-9.99659e-10
7.78502e-14
-5.36652e-13
-9.9967e-10
-5.50855e-13
-9.99691e-10
1.26589e-14
-3.48242e-13
-9.99526e-10
2.9532e-14
-3.56361e-13
-9.99526e-10
3.68154e-14
-3.64093e-13
-9.99531e-10
5.87304e-14
-3.85435e-13
-9.9953e-10
-3.91224e-13
-9.99549e-10
7.27181e-15
-1.80391e-13
-9.99442e-10
1.87871e-14
-1.84609e-13
-9.99438e-10
2.31886e-14
-1.88798e-13
-9.99442e-10
4.39941e-14
-2.00957e-13
-9.9943e-10
-2.02418e-13
-9.99451e-10
3.365e-15
-9.99399e-10
1.20093e-14
-9.99393e-10
1.52661e-14
-9.99395e-10
3.47742e-14
-9.99377e-10
-9.99399e-10
2.31303e-14
-4.44688e-13
-9.99851e-10
4.4432e-14
-4.51632e-13
-9.99857e-10
6.15864e-14
-4.62214e-13
-9.99869e-10
7.3782e-14
-4.76788e-13
-9.99885e-10
-4.91789e-13
-9.99904e-10
1.74275e-14
-3.70999e-13
-9.99737e-10
3.39736e-14
-3.77135e-13
-9.99741e-10
4.71491e-14
-3.86145e-13
-9.99748e-10
5.85976e-14
-3.99488e-13
-9.99759e-10
-4.11569e-13
-9.99773e-10
1.2321e-14
-2.65539e-13
-9.99644e-10
2.50092e-14
-2.70148e-13
-9.99645e-10
3.40377e-14
-2.76409e-13
-9.9965e-10
4.58295e-14
-2.8717e-13
-9.99654e-10
-2.9472e-13
-9.99665e-10
8.49477e-15
-1.38237e-13
-9.99578e-10
1.85803e-14
-1.40734e-13
-9.99578e-10
2.41568e-14
-1.4391e-13
-9.9958e-10
3.66146e-14
-1.50151e-13
-9.9958e-10
-1.53396e-13
-9.99589e-10
6.39751e-15
-9.99544e-10
1.49083e-14
-9.99542e-10
1.89682e-14
-9.99543e-10
3.1339e-14
-9.9954e-10
-9.99549e-10
1.7396e-14
-3.33236e-13
-9.99891e-10
3.31866e-14
-3.377e-13
-9.99896e-10
4.58945e-14
-3.44489e-13
-9.99904e-10
5.44267e-14
-3.53571e-13
-9.99916e-10
-3.63534e-13
-9.99931e-10
1.38191e-14
-2.79506e-13
-9.99805e-10
2.64743e-14
-2.83401e-13
-9.99808e-10
3.68561e-14
-2.89238e-13
-9.99814e-10
4.44447e-14
-2.97232e-13
-9.99823e-10
-3.05685e-13
-9.99834e-10
1.06704e-14
-2.00878e-13
-9.99734e-10
2.07155e-14
-2.03742e-13
-9.99735e-10
2.89529e-14
-2.07984e-13
-9.99739e-10
3.59322e-14
-2.14031e-13
-9.99745e-10
-2.2004e-13
-9.99752e-10
8.33667e-15
-1.0493e-13
-9.99683e-10
1.64837e-14
-1.06465e-13
-9.99684e-10
2.29e-14
-1.08697e-13
-9.99686e-10
2.97326e-14
-1.12019e-13
-9.99689e-10
-1.15043e-13
-9.99695e-10
7.02957e-15
-9.99656e-10
1.41689e-14
-9.99656e-10
1.95008e-14
-9.99657e-10
2.63293e-14
-9.99659e-10
-9.99664e-10
1.30105e-14
-2.48917e-13
-9.9992e-10
2.4674e-14
-2.51843e-13
-9.99924e-10
3.40377e-14
-2.56161e-13
-9.9993e-10
4.01896e-14
-2.61886e-13
-9.99939e-10
-2.68326e-13
-9.9995e-10
1.07269e-14
-2.09584e-13
-9.99855e-10
2.04046e-14
-2.121e-13
-9.99858e-10
2.83278e-14
-2.15794e-13
-9.99863e-10
3.3761e-14
-2.20755e-13
-9.99869e-10
-2.26293e-13
-9.99878e-10
8.75499e-15
-1.51086e-13
-9.99801e-10
1.67711e-14
-1.52917e-13
-9.99803e-10
2.34053e-14
-1.55617e-13
-9.99806e-10
2.82334e-14
-1.59296e-13
-9.99811e-10
-1.63349e-13
-9.99817e-10
7.31034e-15
-7.91074e-14
-9.99762e-10
1.40812e-14
-8.00816e-14
-9.99763e-10
1.97195e-14
-8.15124e-14
-9.99766e-10
2.41563e-14
-8.34917e-14
-9.99769e-10
-8.56336e-14
-9.99774e-10
6.4995e-15
-9.99742e-10
1.25859e-14
-9.99742e-10
1.76435e-14
-9.99744e-10
2.18683e-14
-9.99747e-10
-9.99751e-10
9.63288e-15
-1.85475e-13
-9.99941e-10
1.82485e-14
-1.87372e-13
-9.99944e-10
2.52062e-14
-1.90059e-13
-9.99949e-10
2.97509e-14
-1.9366e-13
-9.99955e-10
-1.97783e-13
-9.99963e-10
8.20165e-15
-1.56586e-13
-9.99893e-10
1.55918e-14
-1.58198e-13
-9.99895e-10
2.16075e-14
-1.60506e-13
-9.99898e-10
2.56465e-14
-1.63621e-13
-9.99904e-10
-1.67187e-13
-9.9991e-10
6.98526e-15
-1.13122e-13
-9.99852e-10
1.33134e-14
-1.14296e-13
-9.99853e-10
1.85024e-14
-1.15997e-13
-9.99856e-10
2.20929e-14
-1.18304e-13
-9.9986e-10
-1.20953e-13
-9.99865e-10
6.0967e-15
-5.93278e-14
-9.99822e-10
1.1634e-14
-5.99454e-14
-9.99823e-10
1.62062e-14
-6.08526e-14
-9.99826e-10
1.94525e-14
-6.21003e-14
-9.99829e-10
-6.35264e-14
-9.99833e-10
5.60004e-15
-9.99807e-10
1.06791e-14
-9.99807e-10
1.48828e-14
-9.99809e-10
1.79362e-14
-9.99812e-10
-9.99816e-10
7.09047e-15
-1.37893e-13
-9.99957e-10
1.34836e-14
-1.39092e-13
-9.99959e-10
1.8681e-14
-1.40743e-13
-9.99962e-10
2.20453e-14
-1.43016e-13
-9.99967e-10
-1.45666e-13
-9.99973e-10
6.2295e-15
-1.1663e-13
-9.9992e-10
1.18496e-14
-1.17656e-13
-9.99922e-10
1.6399e-14
-1.19104e-13
-9.99925e-10
1.94186e-14
-1.21079e-13
-9.99929e-10
-1.23379e-13
-9.99934e-10
5.49265e-15
-8.43898e-14
-9.9989e-10
1.04211e-14
-8.5149e-14
-9.99891e-10
1.44285e-14
-8.62267e-14
-9.99893e-10
1.71344e-14
-8.76952e-14
-9.99897e-10
-8.9411e-14
-9.99901e-10
4.94222e-15
-4.43087e-14
-9.99867e-10
9.35639e-15
-4.47097e-14
-9.99868e-10
1.29637e-14
-4.52935e-14
-9.9987e-10
1.54212e-14
-4.60913e-14
-9.99873e-10
-4.70012e-14
-9.99877e-10
4.63062e-15
-9.99856e-10
8.74278e-15
-9.99856e-10
1.21207e-14
-9.99858e-10
1.44574e-14
-9.99861e-10
-9.99864e-10
5.23833e-15
-1.02334e-13
-9.99968e-10
9.97484e-15
-1.03101e-13
-9.99969e-10
1.38063e-14
-1.04135e-13
-9.99972e-10
1.62491e-14
-1.05576e-13
-9.99976e-10
-1.07252e-13
-9.9998e-10
4.7182e-15
-8.66717e-14
-9.99941e-10
8.94911e-15
-8.73422e-14
-9.99942e-10
1.23535e-14
-8.82654e-14
-9.99944e-10
1.45952e-14
-8.95144e-14
-9.99947e-10
-9.09791e-14
-9.99951e-10
4.26085e-15
-6.2793e-14
-9.99918e-10
8.04063e-15
-6.3297e-14
-9.99919e-10
1.11067e-14
-6.39793e-14
-9.99921e-10
1.31467e-14
-6.49028e-14
-9.99923e-10
-6.59736e-14
-9.99927e-10
3.90969e-15
-3.30002e-14
-9.99901e-10
7.36636e-15
-3.32748e-14
-9.99902e-10
1.01831e-14
-3.36462e-14
-9.99904e-10
1.20781e-14
-3.41318e-14
-9.99906e-10
-3.46764e-14
-9.99909e-10
3.70074e-15
-9.99892e-10
6.97362e-15
-9.99893e-10
9.66372e-15
-9.99895e-10
1.14925e-14
-9.99897e-10
-9.99899e-10
3.88584e-15
-7.58874e-14
-9.99976e-10
7.3731e-15
-7.64072e-14
-9.99977e-10
1.016e-14
-7.70749e-14
-9.99979e-10
1.194e-14
-7.79831e-14
-9.99982e-10
-7.9021e-14
-9.99985e-10
3.54762e-15
-6.43439e-14
-9.99956e-10
6.71144e-15
-6.47999e-14
-9.99957e-10
9.24504e-15
-6.53886e-14
-9.99959e-10
1.09163e-14
-6.61645e-14
-9.99961e-10
-6.7078e-14
-9.99964e-10
3.24918e-15
-4.66614e-14
-9.99939e-10
6.13397e-15
-4.70011e-14
-9.9994e-10
8.47052e-15
-4.74212e-14
-9.99941e-10
1.00141e-14
-4.79831e-14
-9.99943e-10
-4.86217e-14
-9.99946e-10
3.02138e-15
-2.45425e-14
-9.99927e-10
5.71946e-15
-2.47269e-14
-9.99927e-10
7.90829e-15
-2.49503e-14
-9.99929e-10
9.37676e-15
-2.52293e-14
-9.9993e-10
-2.55531e-14
-9.99933e-10
2.88545e-15
-9.9992e-10
5.4802e-15
-9.99921e-10
7.60335e-15
-9.99922e-10
9.0232e-15
-9.99924e-10
-9.99926e-10
2.89012e-15
-5.62703e-14
-9.99982e-10
5.46475e-15
-5.66449e-14
-9.99983e-10
7.51714e-15
-5.70853e-14
-9.99984e-10
8.85643e-15
-5.76741e-14
-9.99986e-10
-5.83592e-14
-9.99988e-10
2.65011e-15
-4.77594e-14
-9.99967e-10
5.03006e-15
-4.80752e-14
-9.99968e-10
6.92549e-15
-4.84476e-14
-9.99969e-10
8.17807e-15
-4.89343e-14
-9.99971e-10
-4.95213e-14
-9.99973e-10
2.4495e-15
-3.46505e-14
-9.99955e-10
4.66629e-15
-3.48737e-14
-9.99955e-10
6.4402e-15
-3.513e-14
-9.99956e-10
7.6009e-15
-3.54723e-14
-9.99958e-10
-3.58673e-14
-9.9996e-10
2.30825e-15
-1.82273e-14
-9.99945e-10
4.41416e-15
-1.83368e-14
-9.99946e-10
6.09691e-15
-1.84706e-14
-9.99947e-10
7.20722e-15
-1.86457e-14
-9.99948e-10
-1.88688e-14
-9.9995e-10
2.23394e-15
-9.9994e-10
4.26863e-15
-9.99941e-10
5.90117e-15
-9.99942e-10
6.96279e-15
-9.99943e-10
-9.99945e-10
2.17626e-15
-4.17022e-14
-9.99987e-10
4.09874e-15
-4.19834e-14
-9.99987e-10
5.6352e-15
-4.2287e-14
-9.99988e-10
6.64069e-15
-4.27029e-14
-9.9999e-10
-4.32026e-14
-9.99991e-10
1.99387e-15
-3.54254e-14
-9.99976e-10
3.8012e-15
-3.56453e-14
-9.99976e-10
5.21883e-15
-3.58915e-14
-9.99977e-10
6.14854e-15
-3.62163e-14
-9.99978e-10
-3.66236e-14
-9.9998e-10
1.85753e-15
-2.57e-14
-9.99966e-10
3.56195e-15
-2.58438e-14
-9.99967e-10
4.89435e-15
-2.60154e-14
-9.99967e-10
5.75779e-15
-2.62439e-14
-9.99969e-10
-2.6529e-14
-9.9997e-10
1.77381e-15
-1.35057e-14
-9.99959e-10
3.39319e-15
-1.35665e-14
-9.9996e-10
4.66284e-15
-1.36601e-14
-9.9996e-10
5.4748e-15
-1.3798e-14
-9.99962e-10
-1.39765e-14
-9.99963e-10
1.73814e-15
-9.99956e-10
3.2904e-15
-9.99956e-10
4.50921e-15
-9.99957e-10
5.28134e-15
-9.99958e-10
-9.99959e-10
1.66448e-15
-3.08528e-14
-9.9999e-10
3.1134e-15
-3.10632e-14
-9.9999e-10
4.24714e-15
-3.1286e-14
-9.99991e-10
4.98984e-15
-3.15914e-14
-9.99992e-10
-3.19325e-14
-9.99994e-10
1.52723e-15
-2.62183e-14
-9.99982e-10
2.8958e-15
-2.63738e-14
-9.99982e-10
3.94192e-15
-2.65549e-14
-9.99983e-10
4.63593e-15
-2.67855e-14
-9.99984e-10
-2.70754e-14
-9.99985e-10
1.43313e-15
-1.90155e-14
-9.99975e-10
2.71978e-15
-1.91158e-14
-9.99975e-10
3.71079e-15
-1.925e-14
-9.99976e-10
4.3572e-15
-1.94252e-14
-9.99977e-10
-1.96568e-14
-9.99978e-10
1.37625e-15
-9.98307e-15
-9.9997e-10
2.58688e-15
-1.00261e-14
-9.9997e-10
3.53215e-15
-1.01044e-14
-9.9997e-10
4.12711e-15
-1.02194e-14
-9.99971e-10
-1.03573e-14
-9.99972e-10
1.35171e-15
-9.99967e-10
2.50158e-15
-9.99967e-10
3.4067e-15
-9.99968e-10
3.97948e-15
-9.99969e-10
-9.9997e-10
1.27518e-15
-2.27534e-14
-9.99992e-10
2.37002e-15
-2.29012e-14
-9.99993e-10
3.18548e-15
-2.30732e-14
-9.99993e-10
3.7044e-15
-2.32878e-14
-9.99994e-10
-2.34775e-14
-9.99995e-10
1.18136e-15
-1.93347e-14
-9.99986e-10
2.20165e-15
-1.94472e-14
-9.99987e-10
2.96838e-15
-1.95911e-14
-9.99987e-10
3.4915e-15
-1.97602e-14
-9.99988e-10
-1.99729e-14
-9.99989e-10
1.11368e-15
-1.40272e-14
-9.99981e-10
2.06057e-15
-1.41094e-14
-9.99981e-10
2.79846e-15
-1.42215e-14
-9.99982e-10
3.28724e-15
-1.43649e-14
-9.99983e-10
-1.4547e-14
-9.99983e-10
1.06282e-15
-7.37335e-15
-9.99977e-10
1.94844e-15
-7.41472e-15
-9.99977e-10
2.65259e-15
-7.47993e-15
-9.99978e-10
3.1073e-15
-7.55948e-15
-9.99979e-10
-7.65149e-15
-9.99979e-10
1.03573e-15
-9.99975e-10
1.8791e-15
-9.99975e-10
2.56624e-15
-9.99976e-10
3.00971e-15
-9.99977e-10
-9.99977e-10
9.64447e-16
-1.67229e-14
-9.99994e-10
1.78293e-15
-1.68223e-14
-9.99994e-10
2.37498e-15
-1.69577e-14
-9.99995e-10
2.72952e-15
-1.71072e-14
-9.99996e-10
-1.72021e-14
-9.99996e-10
9.0454e-16
-1.42149e-14
-9.9999e-10
1.64889e-15
-1.43003e-14
-9.9999e-10
2.21859e-15
-1.44124e-14
-9.9999e-10
2.59768e-15
-1.45391e-14
-9.99991e-10
-1.46992e-14
-9.99992e-10
8.5183e-16
-1.03293e-14
-9.99986e-10
1.53838e-15
-1.04011e-14
-9.99986e-10
2.09084e-15
-1.04888e-14
-9.99986e-10
2.45153e-15
-1.0596e-14
-9.99987e-10
-1.07139e-14
-9.99988e-10
8.03833e-16
-5.45265e-15
-9.99983e-10
1.45075e-15
-5.49209e-15
-9.99983e-10
1.98136e-15
-5.53595e-15
-9.99984e-10
2.33866e-15
-5.5743e-15
-9.99984e-10
-5.62751e-15
-9.99985e-10
7.75154e-16
-9.99982e-10
1.40502e-15
-9.99982e-10
1.93833e-15
-9.99982e-10
2.28228e-15
-9.99983e-10
-9.99983e-10
7.1271e-16
-1.22961e-14
-9.99996e-10
1.29804e-15
-1.23641e-14
-9.99996e-10
1.74797e-15
-1.24591e-14
-9.99996e-10
2.00363e-15
-1.25601e-14
-9.99997e-10
-1.26156e-14
-9.99997e-10
6.72422e-16
-1.04562e-14
-9.99992e-10
1.20288e-15
-1.05237e-14
-9.99992e-10
1.63624e-15
-1.05978e-14
-9.99993e-10
1.89301e-15
-1.06858e-14
-9.99993e-10
-1.07864e-14
-9.99994e-10
6.29116e-16
-7.61821e-15
-9.99989e-10
1.13107e-15
-7.67242e-15
-9.9999e-10
1.54848e-15
-7.72765e-15
-9.9999e-10
1.80484e-15
-7.78781e-15
-9.9999e-10
-7.83769e-15
-9.99991e-10
5.92967e-16
-4.03973e-15
-9.99987e-10
1.07702e-15
-4.07025e-15
-9.99988e-10
1.48576e-15
-4.08713e-15
-9.99988e-10
1.75765e-15
-4.09825e-15
-9.99988e-10
-4.12825e-15
-9.99989e-10
5.703e-16
-9.99986e-10
1.05949e-15
-9.99986e-10
1.47164e-15
-9.99987e-10
1.72427e-15
-9.99987e-10
-9.99988e-10
5.01597e-16
-9.10035e-15
-9.99997e-10
9.04965e-16
-9.14166e-15
-9.99997e-10
1.25683e-15
-9.18523e-15
-9.99997e-10
1.46311e-15
-9.2329e-15
-9.99997e-10
-9.27212e-15
-9.99998e-10
4.80399e-16
-7.73123e-15
-9.99994e-10
8.61441e-16
-7.77981e-15
-9.99994e-10
1.19975e-15
-7.81142e-15
-9.99995e-10
1.37346e-15
-7.85788e-15
-9.99995e-10
-7.8942e-15
-9.99995e-10
4.49393e-16
-5.64376e-15
-9.99992e-10
8.3261e-16
-5.67113e-15
-9.99992e-10
1.15582e-15
-5.69039e-15
-9.99993e-10
1.33775e-15
-5.70969e-15
-9.99993e-10
-5.71764e-15
-9.99993e-10
4.35283e-16
-2.99195e-15
-9.99991e-10
8.1506e-16
-3.01027e-15
-9.99991e-10
1.13472e-15
-3.00794e-15
-9.99991e-10
1.32896e-15
-3.0151e-15
-9.99991e-10
-3.03582e-15
-9.99992e-10
4.23458e-16
-9.9999e-10
8.16826e-16
-9.9999e-10
1.12525e-15
-9.9999e-10
1.30506e-15
-9.9999e-10
-9.99991e-10
3.40132e-16
-6.78717e-15
-9.99997e-10
6.30845e-16
-6.80548e-15
-9.99997e-10
8.92425e-16
-6.80785e-15
-9.99998e-10
1.02971e-15
-6.79933e-15
-9.99998e-10
-6.77926e-15
-9.99998e-10
3.38022e-16
-5.75803e-15
-9.99996e-10
6.29643e-16
-5.78307e-15
-9.99996e-10
8.92097e-16
-5.78234e-15
-9.99996e-10
1.01313e-15
-5.79412e-15
-9.99996e-10
-5.78165e-15
-9.99996e-10
3.26132e-16
-4.19729e-15
-9.99994e-10
6.32608e-16
-4.20013e-15
-9.99994e-10
8.84995e-16
-4.19458e-15
-9.99994e-10
1.01571e-15
-4.19821e-15
-9.99995e-10
-4.19761e-15
-9.99995e-10
3.33418e-16
-2.20797e-15
-9.99993e-10
6.39483e-16
-2.21891e-15
-9.99993e-10
8.807e-16
-2.21701e-15
-9.99993e-10
1.01437e-15
-2.23238e-15
-9.99993e-10
-2.24585e-15
-9.99994e-10
3.26909e-16
-9.99992e-10
6.40545e-16
-9.99993e-10
8.62782e-16
-9.99993e-10
9.99682e-16
-9.99993e-10
-9.99993e-10
2.48282e-16
-5.08548e-15
-9.99998e-10
4.70743e-16
-5.09672e-15
-9.99998e-10
6.36284e-16
-5.08568e-15
-9.99998e-10
7.11789e-16
-5.03978e-15
-9.99998e-10
-4.95174e-15
-9.99999e-10
2.49689e-16
-4.31857e-15
-9.99997e-10
4.83321e-16
-4.32134e-15
-9.99997e-10
6.75413e-16
-4.30933e-15
-9.99997e-10
7.50904e-16
-4.30342e-15
-9.99997e-10
-4.26867e-15
-9.99997e-10
2.56971e-16
-3.12641e-15
-9.99996e-10
4.97052e-16
-3.12023e-15
-9.99996e-10
6.8479e-16
-3.10972e-15
-9.99996e-10
7.79699e-16
-3.11907e-15
-9.99996e-10
-3.12182e-15
-9.99996e-10
2.70512e-16
-1.62678e-15
-9.99995e-10
5.08524e-16
-1.63905e-15
-9.99995e-10
6.74774e-16
-1.65029e-15
-9.99995e-10
7.76331e-16
-1.66625e-15
-9.99995e-10
-1.66613e-15
-9.99995e-10
2.60491e-16
-9.99994e-10
4.96214e-16
-9.99994e-10
6.56288e-16
-9.99995e-10
7.74018e-16
-9.99995e-10
-9.99995e-10
1.99052e-16
-3.83211e-15
-9.99998e-10
3.62803e-16
-3.84329e-15
-9.99998e-10
4.56151e-16
-3.8301e-15
-9.99999e-10
4.91433e-16
-3.76803e-15
-9.99999e-10
-3.65308e-15
-9.99999e-10
1.96321e-16
-3.25862e-15
-9.99997e-10
3.76258e-16
-3.24785e-15
-9.99998e-10
5.11578e-16
-3.23844e-15
-9.99998e-10
5.66282e-16
-3.23459e-15
-9.99998e-10
-3.19649e-15
-9.99998e-10
2.15718e-16
-2.3348e-15
-9.99997e-10
3.87812e-16
-2.33457e-15
-9.99997e-10
5.18165e-16
-2.33115e-15
-9.99997e-10
5.93655e-16
-2.34989e-15
-9.99997e-10
-2.35017e-15
-9.99997e-10
2.21504e-16
-1.21044e-15
-9.99996e-10
3.91585e-16
-1.22495e-15
-9.99996e-10
4.98408e-16
-1.2451e-15
-9.99996e-10
5.88417e-16
-1.25002e-15
-9.99996e-10
-1.24054e-15
-9.99997e-10
2.08765e-16
-9.99996e-10
3.70879e-16
-9.99996e-10
4.9165e-16
-9.99996e-10
5.95039e-16
-9.99996e-10
-9.99996e-10
1.51737e-16
-2.90803e-15
-9.99999e-10
2.7162e-16
-2.90635e-15
-9.99999e-10
3.59019e-16
-2.88358e-15
-9.99999e-10
3.87063e-16
-2.82556e-15
-9.99999e-10
-2.74932e-15
-9.99999e-10
1.58362e-16
-2.46542e-15
-9.99998e-10
2.85529e-16
-2.45565e-15
-9.99998e-10
3.91153e-16
-2.45362e-15
-9.99998e-10
4.43413e-16
-2.46704e-15
-9.99998e-10
-2.44476e-15
-9.99998e-10
1.76612e-16
-1.7593e-15
-9.99998e-10
2.92178e-16
-1.76621e-15
-9.99998e-10
3.82332e-16
-1.77117e-15
-9.99998e-10
4.50037e-16
-1.79135e-15
-9.99998e-10
-1.7956e-15
-9.99998e-10
1.74118e-16
-9.2062e-16
-9.99997e-10
2.87134e-16
-9.31341e-16
-9.99997e-10
3.59075e-16
-9.50689e-16
-9.99997e-10
4.44051e-16
-9.47716e-16
-9.99997e-10
-9.48093e-16
-9.99997e-10
1.64315e-16
-9.99997e-10
2.67677e-16
-9.99997e-10
3.59449e-16
-9.99997e-10
4.44598e-16
-9.99997e-10
-9.99997e-10
1.17911e-16
-2.20491e-15
-9.99999e-10
2.1776e-16
-2.19063e-15
-9.99999e-10
3.3582e-16
-2.17215e-15
-9.99999e-10
3.44408e-16
-2.14697e-15
-9.99999e-10
-2.11806e-15
-9.99999e-10
1.32215e-16
-1.86852e-15
-9.99999e-10
2.22118e-16
-1.87158e-15
-9.99999e-10
3.19657e-16
-1.88024e-15
-9.99999e-10
3.65213e-16
-1.91471e-15
-9.99999e-10
-1.92576e-15
-9.99999e-10
1.36111e-16
-1.34765e-15
-9.99998e-10
2.22005e-16
-1.35201e-15
-9.99998e-10
2.89885e-16
-1.36647e-15
-9.99998e-10
3.50382e-16
-1.38477e-15
-9.99998e-10
-1.40814e-15
-9.99998e-10
1.33448e-16
-7.15614e-16
-9.99998e-10
2.07191e-16
-7.23253e-16
-9.99998e-10
2.63279e-16
-7.39673e-16
-9.99998e-10
3.3395e-16
-7.43071e-16
-9.99998e-10
-7.63966e-16
-9.99998e-10
1.25807e-16
-9.99998e-10
1.90363e-16
-9.99998e-10
2.56596e-16
-9.99998e-10
3.15332e-16
-9.99998e-10
-9.99998e-10
1.10509e-16
-1.6774e-15
-1e-09
2.06177e-16
-1.66414e-15
-1e-09
3.14557e-16
-1.66436e-15
-1e-09
2.38825e-16
-1.65232e-15
-1e-09
-1.60981e-15
-1e-09
1.20702e-16
-1.43362e-15
-9.99999e-10
1.95443e-16
-1.448e-15
-9.99999e-10
2.76214e-16
-1.47245e-15
-9.99999e-10
2.79036e-16
-1.51142e-15
-9.99999e-10
-1.52684e-15
-9.99999e-10
1.10033e-16
-1.05339e-15
-9.99999e-10
1.81376e-16
-1.05415e-15
-9.99999e-10
2.36229e-16
-1.0785e-15
-9.99999e-10
2.7992e-16
-1.09312e-15
-9.99999e-10
-1.12539e-15
-9.99999e-10
1.08326e-16
-5.66345e-16
-9.99999e-10
1.57179e-16
-5.7601e-16
-9.99999e-10
2.08814e-16
-5.87247e-16
-9.99999e-10
2.5963e-16
-5.95267e-16
-9.99999e-10
-6.21401e-16
-9.99999e-10
9.73773e-17
-9.99999e-10
1.45583e-16
-9.99999e-10
1.97911e-16
-9.99999e-10
2.40625e-16
-9.99999e-10
-9.99999e-10
1.25218e-16
-1.31323e-15
-1e-09
2.13641e-16
-1.31926e-15
-1e-09
2.44689e-16
-1.34013e-15
-1e-09
8.20294e-17
-1.30921e-15
-1e-09
-1.17578e-15
-1e-09
1.17054e-16
-1.14463e-15
-1e-09
1.87641e-16
-1.15817e-15
-1e-09
2.4302e-16
-1.19453e-15
-1e-09
1.78542e-16
-1.21706e-15
-1e-09
-1.1791e-15
-1e-09
1.03128e-16
-8.45074e-16
-9.99999e-10
1.58905e-16
-8.48881e-16
-9.99999e-10
2.13475e-16
-8.76594e-16
-9.99999e-10
2.29885e-16
-8.87168e-16
-9.99999e-10
-8.96972e-16
-1e-09
9.6938e-17
-4.58836e-16
-9.99999e-10
1.31729e-16
-4.70728e-16
-9.99999e-10
1.88931e-16
-4.814e-16
-9.99999e-10
2.37277e-16
-4.85593e-16
-9.99999e-10
-4.86042e-16
-9.99999e-10
8.3826e-17
-9.99999e-10
1.20272e-16
-9.99999e-10
1.81227e-16
-9.99999e-10
2.51233e-16
-9.99999e-10
-9.99999e-10
1.35317e-16
-1.15722e-15
2.03233e-16
-1.18299e-15
1.53595e-16
-1.2041e-15
-8.00089e-17
-1.14659e-15
-9.41766e-16
1.08241e-16
-1.01072e-15
1.80049e-16
-1.01892e-15
2.05903e-16
-1.05713e-15
5.98149e-17
-1.05153e-15
-9.53439e-16
9.8297e-17
-7.33036e-16
1.46395e-16
-7.54028e-16
2.10079e-16
-7.83027e-16
1.75607e-16
-7.92265e-16
-7.44734e-16
7.65518e-17
-4.05409e-16
1.18469e-16
-4.26873e-16
1.90284e-16
-4.24615e-16
2.21922e-16
-4.2701e-16
-4.01815e-16
5.36739e-17
1.20396e-16
1.8605e-16
2.53675e-16
)
;

boundaryField
{
    inlet
    {
        type            calculated;
        value           nonuniform List<scalar> 
25
(
-1e-09
-1e-09
-1e-09
-1e-09
-1e-09
-1e-09
-1e-09
-1e-09
-1e-09
-1e-09
-1e-09
-1e-09
-1e-09
-1e-09
-1e-09
-1e-09
-1e-09
-1e-09
-1e-09
-1e-09
-1e-09
-1e-09
-1e-09
-1e-09
-1e-09
)
;
    }
    outlet
    {
        type            calculated;
        value           nonuniform List<scalar> 
25
(
9.99999e-10
9.99999e-10
1e-09
1e-09
1e-09
9.99999e-10
1e-09
1e-09
1e-09
1e-09
9.99999e-10
1e-09
1e-09
1e-09
1e-09
1e-09
1e-09
1e-09
1e-09
1e-09
1e-09
1e-09
1e-09
1e-09
1e-09
)
;
    }
    repeat_boundary
    {
        type            calculated;
        value           uniform 0;
    }
    procBoundary2to0
    {
        type            processor;
        value           nonuniform List<scalar> 
450
(
1.59553e-16
1.65268e-16
1.68737e-16
1.91152e-16
2.90262e-16
4.17138e-16
4.32441e-16
4.38517e-16
4.85314e-16
7.39466e-16
7.31321e-16
7.33758e-16
7.02199e-16
6.98631e-16
9.62145e-16
1.13649e-15
1.12677e-15
1.06211e-15
9.54981e-16
9.39779e-16
1.65879e-15
1.64453e-15
1.58653e-15
1.42022e-15
1.14884e-15
2.33805e-15
2.3286e-15
2.31602e-15
2.17575e-15
1.72608e-15
3.23028e-15
3.23464e-15
3.25963e-15
3.24102e-15
2.94612e-15
4.42536e-15
4.44115e-15
4.46893e-15
4.5326e-15
4.57064e-15
6.05506e-15
6.06813e-15
6.07432e-15
6.12728e-15
6.3146e-15
8.28866e-15
8.29213e-15
8.28842e-15
8.28681e-15
8.42494e-15
1.13357e-14
1.13361e-14
1.13412e-14
1.13459e-14
1.1462e-14
1.54695e-14
1.54766e-14
1.54735e-14
1.55364e-14
1.5821e-14
2.10724e-14
2.10865e-14
2.10277e-14
2.10753e-14
2.14537e-14
2.8682e-14
2.86962e-14
2.8558e-14
2.84619e-14
2.86111e-14
3.90345e-14
3.90459e-14
3.88544e-14
3.85857e-14
3.82739e-14
5.31362e-14
5.31462e-14
5.29242e-14
5.25461e-14
5.18646e-14
7.23779e-14
7.2376e-14
7.208e-14
7.15944e-14
7.0729e-14
9.86635e-14
9.86164e-14
9.81474e-14
9.7443e-14
9.64118e-14
1.34567e-13
1.34426e-13
1.3367e-13
1.32599e-13
1.31226e-13
1.83598e-13
1.83313e-13
1.82125e-13
1.80487e-13
1.78452e-13
2.506e-13
2.50111e-13
2.48268e-13
2.45727e-13
2.42582e-13
3.42256e-13
3.41432e-13
3.38602e-13
3.34681e-13
3.29947e-13
4.6774e-13
4.66319e-13
4.61969e-13
4.55975e-13
4.48995e-13
6.39663e-13
6.37228e-13
6.3049e-13
6.21319e-13
6.10831e-13
8.75431e-13
8.71341e-13
8.60859e-13
8.46803e-13
8.30815e-13
1.19909e-12
1.19227e-12
1.17592e-12
1.15433e-12
1.13e-12
1.64379e-12
1.63238e-12
1.60684e-12
1.57361e-12
1.5367e-12
2.25478e-12
2.23566e-12
2.19582e-12
2.14491e-12
2.08936e-12
3.09142e-12
3.05989e-12
2.99867e-12
2.9219e-12
2.83885e-12
4.21944e-12
4.17193e-12
4.08376e-12
3.97401e-12
3.84942e-12
5.67162e-12
5.61247e-12
5.51087e-12
5.38414e-12
5.19192e-12
7.43948e-12
7.36096e-12
7.27427e-12
7.23095e-12
6.89571e-12
9.60254e-12
9.49594e-12
9.3311e-12
9.67048e-12
8.79057e-12
1.22204e-11
1.23054e-11
1.16012e-11
1.34574e-11
1.03099e-11
1.50064e-11
1.63606e-11
1.34049e-11
2.04181e-11
1.03658e-11
1.65383e-11
2.27104e-11
1.28031e-11
3.44611e-11
6.99578e-12
1.00434e-11
2.85108e-11
-1.23171e-12
6.88378e-11
4.0844e-12
1.45123e-11
7.21681e-11
1.08028e-11
9.01767e-11
-5.00116e-11
-1.43482e-10
4.32615e-11
-1.91521e-10
3.907e-10
4.02254e-11
-7.15222e-13
3.47543e-10
1.49827e-10
-2.9773e-11
-5.51692e-10
-1.16784e-10
-1.75387e-11
1.7342e-12
3.61791e-11
2.20172e-10
2.26207e-10
-1.77149e-10
7.90771e-11
1.56576e-10
3.49067e-10
-1.10453e-10
-1.72559e-10
-1.2995e-10
-3.26677e-12
-1.03956e-11
2.07356e-10
-1.64076e-10
-2.4398e-10
6.49893e-11
-3.01166e-11
2.59523e-10
-2.64643e-11
-6.67722e-11
-8.62594e-10
-5.83744e-10
-6.48169e-10
-1.66449e-10
-9.87615e-11
-6.2412e-10
-7.99453e-10
6.50768e-10
3.48485e-10
-1.11142e-10
-2.56865e-10
-4.36071e-11
5.28028e-10
1.68887e-10
1.45781e-10
-1.76658e-10
1.12543e-10
1.82491e-10
-7.79778e-11
2.24929e-10
3.73251e-10
7.7266e-10
2.97163e-10
1.75052e-10
9.1931e-11
2.45812e-10
-3.99029e-11
4.52879e-12
-5.98707e-11
-5.93881e-11
-3.44962e-10
-4.03546e-10
-1.43683e-10
-6.42946e-11
-2.83814e-13
-4.0777e-11
-1.22741e-11
-3.69501e-10
-7.56234e-11
-1.00162e-10
6.30124e-11
8.6085e-11
-2.1717e-10
-4.34801e-11
-2.54858e-11
1.81905e-10
1.09966e-10
-9.61129e-11
-1.80841e-11
-3.35119e-11
6.33774e-11
4.1003e-11
-3.77823e-11
-5.50436e-13
-6.04539e-12
4.08077e-11
2.41051e-11
-1.26414e-11
3.50486e-12
1.48939e-12
2.39063e-11
1.56495e-11
-1.38609e-12
4.43861e-12
3.6771e-12
1.51884e-11
1.15303e-11
1.72385e-12
4.4628e-12
4.45328e-12
1.02832e-11
8.89525e-12
2.63762e-12
4.04664e-12
4.31625e-12
7.333e-12
6.92283e-12
2.76425e-12
3.48709e-12
3.78655e-12
5.41009e-12
5.40544e-12
2.53481e-12
2.92484e-12
3.1658e-12
4.08755e-12
4.19384e-12
2.18606e-12
2.4083e-12
2.58659e-12
3.10327e-12
3.19877e-12
1.82085e-12
1.94371e-12
2.06491e-12
2.32447e-12
2.39652e-12
1.45783e-12
1.51994e-12
1.59086e-12
1.71943e-12
1.77974e-12
1.12327e-12
1.15567e-12
1.19913e-12
1.26791e-12
1.31616e-12
8.49775e-13
8.68522e-13
8.96113e-13
9.3549e-13
9.7071e-13
6.38065e-13
6.49551e-13
6.67003e-13
6.90698e-13
7.14796e-13
4.77117e-13
4.84344e-13
4.95359e-13
5.10069e-13
5.25974e-13
3.55746e-13
3.60364e-13
3.67334e-13
3.76616e-13
3.86918e-13
2.64675e-13
2.67666e-13
2.72098e-13
2.78001e-13
2.84623e-13
1.96588e-13
1.98544e-13
2.01371e-13
2.05144e-13
2.09416e-13
1.45828e-13
1.47109e-13
1.48904e-13
1.51323e-13
1.54094e-13
1.0807e-13
1.08911e-13
1.10043e-13
1.11594e-13
1.13377e-13
8.00348e-14
8.05923e-14
8.13061e-14
8.22971e-14
8.34198e-14
5.92447e-14
5.96185e-14
6.00748e-14
6.07063e-14
6.13691e-14
4.38324e-14
4.40837e-14
4.43889e-14
4.4804e-14
4.51697e-14
3.23965e-14
3.25684e-14
3.2784e-14
3.30809e-14
3.3317e-14
2.3906e-14
2.40295e-14
2.41788e-14
2.44071e-14
2.46329e-14
1.76199e-14
1.77115e-14
1.78032e-14
1.79665e-14
1.82047e-14
1.29975e-14
1.30621e-14
1.31151e-14
1.32063e-14
1.33786e-14
9.62098e-15
9.6593e-15
9.69807e-15
9.74239e-15
9.82168e-15
7.15321e-15
7.17118e-15
7.2033e-15
7.24561e-15
7.32511e-15
5.33172e-15
5.34371e-15
5.36146e-15
5.4025e-15
5.55901e-15
3.97138e-15
3.98892e-15
3.98716e-15
4.01748e-15
4.23648e-15
2.95704e-15
2.97837e-15
2.96549e-15
2.99629e-15
3.21321e-15
2.22178e-15
2.23518e-15
2.2259e-15
2.27266e-15
2.47459e-15
1.71277e-15
1.7162e-15
1.71566e-15
1.81034e-15
2.08298e-15
1.37134e-15
1.3775e-15
1.38554e-15
1.54063e-15
2.04027e-15
1.19881e-15
1.21207e-15
1.23317e-15
1.42781e-15
2.09718e-15
)
;
    }
    procBoundary2to3
    {
        type            processor;
        value           nonuniform List<scalar> 
450
(
-7.98119e-17
-2.11219e-16
-2.2514e-16
-2.23861e-16
-2.20606e-16
-2.9128e-16
-5.37666e-16
-5.89694e-16
-5.98509e-16
-5.90226e-16
-8.46809e-16
-9.65403e-16
-1.01715e-15
-1.03855e-15
-1.04068e-15
-1.84994e-15
-1.59032e-15
-1.56435e-15
-1.57558e-15
-1.58943e-15
-2.9319e-15
-2.41383e-15
-2.2973e-15
-2.27923e-15
-2.28409e-15
-3.866e-15
-3.40546e-15
-3.25037e-15
-3.21038e-15
-3.19377e-15
-4.69725e-15
-4.57433e-15
-4.47318e-15
-4.43334e-15
-4.40382e-15
-5.8909e-15
-6.06001e-15
-6.07253e-15
-6.04965e-15
-6.02371e-15
-7.94739e-15
-8.17994e-15
-8.24039e-15
-8.22738e-15
-8.20884e-15
-1.09881e-14
-1.11871e-14
-1.12289e-14
-1.12048e-14
-1.11772e-14
-1.49949e-14
-1.52683e-14
-1.53012e-14
-1.52694e-14
-1.52165e-14
-2.02387e-14
-2.07036e-14
-2.07863e-14
-2.07755e-14
-2.06985e-14
-2.76775e-14
-2.80987e-14
-2.81992e-14
-2.82166e-14
-2.8123e-14
-3.8283e-14
-3.83217e-14
-3.83086e-14
-3.8303e-14
-3.81851e-14
-5.27552e-14
-5.23257e-14
-5.21103e-14
-5.20088e-14
-5.18425e-14
-7.19034e-14
-7.12401e-14
-7.08642e-14
-7.0631e-14
-7.0384e-14
-9.75421e-14
-9.67822e-14
-9.62854e-14
-9.59135e-14
-9.55387e-14
-1.32413e-13
-1.31461e-13
-1.30764e-13
-1.30221e-13
-1.29652e-13
-1.79961e-13
-1.78608e-13
-1.77542e-13
-1.76744e-13
-1.75909e-13
-2.44724e-13
-2.42665e-13
-2.40999e-13
-2.39792e-13
-2.38605e-13
-3.32818e-13
-3.29675e-13
-3.27091e-13
-3.25212e-13
-3.23503e-13
-4.52428e-13
-4.47757e-13
-4.43809e-13
-4.40873e-13
-4.38346e-13
-6.14883e-13
-6.07913e-13
-6.01878e-13
-5.97322e-13
-5.93545e-13
-8.35869e-13
-8.25218e-13
-8.15861e-13
-8.08768e-13
-8.03102e-13
-1.13646e-12
-1.12007e-12
-1.10548e-12
-1.09435e-12
-1.0858e-12
-1.54531e-12
-1.52012e-12
-1.49734e-12
-1.47976e-12
-1.46672e-12
-2.10201e-12
-2.06332e-12
-2.02765e-12
-1.99955e-12
-1.97939e-12
-2.8612e-12
-2.802e-12
-2.74618e-12
-2.70065e-12
-2.66912e-12
-3.90041e-12
-3.81054e-12
-3.72398e-12
-3.64883e-12
-3.59933e-12
-5.33553e-12
-5.2014e-12
-5.07158e-12
-4.94325e-12
-4.86709e-12
-7.35407e-12
-7.16089e-12
-6.98714e-12
-6.75074e-12
-6.64374e-12
-1.02973e-11
-1.00166e-11
-9.85096e-12
-9.34417e-12
-9.21478e-12
-1.48001e-11
-1.42443e-11
-1.42731e-11
-1.30864e-11
-1.29553e-11
-2.19228e-11
-2.0442e-11
-2.11867e-11
-1.85566e-11
-1.84022e-11
-3.34269e-11
-2.9761e-11
-3.20062e-11
-2.70693e-11
-2.62145e-11
-5.27454e-11
-4.42308e-11
-4.98185e-11
-4.21824e-11
-3.78715e-11
-1.13e-10
-7.36865e-11
-9.57636e-11
-8.27723e-11
-6.70187e-11
-1.011e-10
-7.97455e-11
-6.15082e-11
-6.63765e-11
-1.67664e-11
-4.91905e-10
-1.79999e-10
-3.60915e-10
-4.16696e-10
-3.18743e-10
1.56455e-10
-2.9146e-10
1.48879e-10
2.967e-11
5.17993e-10
-1.79674e-11
2.72903e-11
-1.87553e-11
-5.99732e-12
-6.73024e-10
-2.47261e-10
-7.70268e-11
-1.62522e-10
1.87672e-10
-3.63764e-10
-1.9256e-10
6.94201e-11
-7.32135e-12
2.26915e-10
8.8123e-10
1.15804e-09
4.71452e-10
1.58777e-10
6.36678e-11
1.82094e-10
1.03455e-09
9.21767e-11
4.50845e-10
8.96421e-11
4.77235e-11
-1.73949e-10
-2.28059e-10
3.16144e-10
-7.9375e-11
-4.02097e-11
-3.5587e-10
-1.53458e-10
-2.49852e-10
9.53007e-11
2.61368e-11
8.46676e-10
2.42898e-11
-3.55663e-10
7.64762e-11
-6.46762e-11
8.09153e-10
4.98276e-12
-6.91369e-10
1.26044e-11
3.14076e-11
-3.55541e-10
-1.2785e-10
-1.60816e-10
1.71034e-10
1.03231e-10
-1.14666e-10
-1.97675e-10
-1.09127e-10
3.30842e-11
-2.7637e-10
4.46961e-11
6.50296e-11
1.71212e-11
3.34055e-12
-1.92521e-10
7.14268e-11
3.5385e-10
2.11649e-10
-1.90917e-10
1.16485e-10
3.21101e-11
4.25787e-12
1.67712e-10
6.65581e-11
-4.27289e-12
5.24377e-11
4.37759e-11
5.50505e-11
-1.37109e-11
4.11242e-12
1.78371e-11
1.64993e-11
1.65576e-11
-4.68862e-12
-8.41407e-12
6.58555e-12
8.97746e-12
3.5217e-12
-4.13529e-12
-8.25438e-12
2.09786e-12
4.97048e-12
-2.29067e-13
-2.86833e-12
-6.14395e-12
9.55468e-13
2.79144e-12
-1.48358e-12
-1.77245e-12
-4.08509e-12
6.93839e-13
1.47744e-12
-1.17133e-12
-1.0736e-12
-2.54793e-12
6.33855e-13
7.48877e-13
-6.05595e-13
-6.78011e-13
-1.48472e-12
5.43004e-13
3.95748e-13
-2.07525e-13
-4.07135e-13
-8.13536e-13
4.22716e-13
2.4632e-13
-3.30035e-14
-1.97923e-13
-4.09871e-13
3.17498e-13
1.80176e-13
2.66314e-14
-7.93177e-14
-1.77945e-13
2.3846e-13
1.41775e-13
5.59058e-14
-9.70456e-15
-5.91512e-14
1.80818e-13
1.14994e-13
6.16953e-14
1.7086e-14
-6.01362e-15
1.37538e-13
9.4177e-14
5.72106e-14
3.36754e-14
1.65228e-14
1.03791e-13
7.63129e-14
5.17436e-14
3.48393e-14
2.72478e-14
7.73994e-14
6.06511e-14
4.51896e-14
3.3566e-14
2.73913e-14
5.72522e-14
4.68894e-14
3.76422e-14
3.03401e-14
2.62615e-14
4.22571e-14
3.56986e-14
2.99085e-14
2.55649e-14
2.30969e-14
3.1302e-14
2.70385e-14
2.33281e-14
2.062e-14
1.90886e-14
2.32472e-14
2.04364e-14
1.80185e-14
1.62701e-14
1.53105e-14
1.72078e-14
1.53971e-14
1.38247e-14
1.26967e-14
1.20582e-14
1.26559e-14
1.15575e-14
1.05543e-14
9.82823e-15
9.39942e-15
9.25688e-15
8.63856e-15
8.01736e-15
7.54997e-15
7.26407e-15
6.76273e-15
6.4304e-15
6.04694e-15
5.74725e-15
5.55972e-15
4.98691e-15
4.77287e-15
4.52578e-15
4.33454e-15
4.20994e-15
3.767e-15
3.56676e-15
3.36883e-15
3.24674e-15
3.16188e-15
2.83497e-15
2.68488e-15
2.50435e-15
2.42159e-15
2.36903e-15
2.06739e-15
1.99255e-15
1.86046e-15
1.80033e-15
1.77966e-15
1.53079e-15
1.45778e-15
1.38387e-15
1.34189e-15
1.34575e-15
1.1724e-15
1.07935e-15
1.04021e-15
1.01588e-15
1.02573e-15
9.564e-16
8.30035e-16
7.96228e-16
7.85825e-16
7.84654e-16
8.12627e-16
6.49973e-16
6.12853e-16
6.0874e-16
5.96238e-16
7.13375e-16
5.05821e-16
4.58938e-16
4.56797e-16
4.48644e-16
5.96114e-16
3.85977e-16
3.29497e-16
3.30439e-16
3.34318e-16
5.69966e-16
3.01589e-16
2.30581e-16
2.36936e-16
2.45243e-16
6.83538e-16
3.0711e-16
1.80077e-16
1.84848e-16
1.83946e-16
9.03039e-16
4.73605e-16
2.55116e-16
2.16915e-16
1.87438e-16
)
;
    }
}


// ************************************************************************* //
