/*--------------------------------*- C++ -*----------------------------------*\
| =========                 |                                                 |
| \\      /  F ield         | OpenFOAM: The Open Source CFD Toolbox           |
|  \\    /   O peration     | Version:  5.x                                   |
|   \\  /    A nd           | Web:      www.OpenFOAM.org                      |
|    \\/     M anipulation  |                                                 |
\*---------------------------------------------------------------------------*/
FoamFile
{
    version     2.0;
    format      ascii;
    class       volVectorField;
    location    "70000";
    object      Us;
}
// * * * * * * * * * * * * * * * * * * * * * * * * * * * * * * * * * * * * * //

dimensions      [0 1 -1 0 0 0 0];

internalField   nonuniform List<vector> 
2250
(
(0 0 0)
(0 0 0)
(0 0 0)
(0 0 0)
(0 0 0)
(0 0 0)
(0 0 0)
(0 0 0)
(0 0 0)
(0 0 0)
(0 0 0)
(0 0 0)
(0 0 0)
(0 0 0)
(0 0 0)
(0 0 0)
(0 0 0)
(0 0 0)
(0 0 0)
(0 0 0)
(0 0 0)
(0 0 0)
(0 0 0)
(0 0 0)
(0 0 0)
(0 0 0)
(0 0 0)
(0 0 0)
(0 0 0)
(0 0 0)
(0 0 0)
(0 0 0)
(0 0 0)
(0 0 0)
(0 0 0)
(0 0 0)
(0 0 0)
(0 0 0)
(0 0 0)
(0 0 0)
(0 0 0)
(0 0 0)
(0 0 0)
(0 0 0)
(0 0 0)
(0 0 0)
(0 0 0)
(0 0 0)
(0 0 0)
(0 0 0)
(0 0 0)
(0 0 0)
(0 0 0)
(0 0 0)
(0 0 0)
(0 0 0)
(0 0 0)
(0 0 0)
(0 0 0)
(0 0 0)
(0 0 0)
(0 0 0)
(0 0 0)
(0 0 0)
(0 0 0)
(0 0 0)
(0 0 0)
(0 0 0)
(0 0 0)
(0 0 0)
(0 0 0)
(0 0 0)
(0 0 0)
(0 0 0)
(0 0 0)
(0 0 0)
(0 0 0)
(0 0 0)
(0 0 0)
(0 0 0)
(0 0 0)
(0 0 0)
(0 0 0)
(0 0 0)
(0 0 0)
(0 0 0)
(0 0 0)
(0 0 0)
(0 0 0)
(0 0 0)
(0 0 0)
(0 0 0)
(0 0 0)
(0 0 0)
(0 0 0)
(0 0 0)
(0 0 0)
(0 0 0)
(0 0 0)
(0 0 0)
(0 0 0)
(0 0 0)
(0 0 0)
(0 0 0)
(0 0 0)
(0 0 0)
(0 0 0)
(0 0 0)
(0 0 0)
(0 0 0)
(0 0 0)
(0 0 0)
(0 0 0)
(0 0 0)
(0 0 0)
(0 0 0)
(0 0 0)
(0 0 0)
(0 0 0)
(0 0 0)
(0 0 0)
(0 0 0)
(0 0 0)
(0 0 0)
(0 0 0)
(0 0 0)
(0 0 0)
(0 0 0)
(0 0 0)
(0 0 0)
(0 0 0)
(0 0 0)
(0 0 0)
(0 0 0)
(0 0 0)
(0 0 0)
(0 0 0)
(0 0 0)
(0 0 0)
(0 0 0)
(0 0 0)
(0 0 0)
(0 0 0)
(0 0 0)
(0 0 0)
(0 0 0)
(0 0 0)
(0 0 0)
(0 0 0)
(0 0 0)
(0 0 0)
(0 0 0)
(0 0 0)
(0 0 0)
(0 0 0)
(0 0 0)
(0 0 0)
(0 0 0)
(0 0 0)
(0 0 0)
(0 0 0)
(0 0 0)
(0 0 0)
(0 0 0)
(0 0 0)
(0 0 0)
(0 0 0)
(0 0 0)
(0 0 0)
(0 0 0)
(0 0 0)
(0 0 0)
(0 0 0)
(0 0 0)
(0 0 0)
(0 0 0)
(0 0 0)
(0 0 0)
(0 0 0)
(0 0 0)
(0 0 0)
(0 0 0)
(0 0 0)
(0 0 0)
(0 0 0)
(0 0 0)
(0 0 0)
(0 0 0)
(0 0 0)
(0 0 0)
(0 0 0)
(0 0 0)
(0 0 0)
(0 0 0)
(0 0 0)
(0 0 0)
(0 0 0)
(0 0 0)
(0 0 0)
(0 0 0)
(0 0 0)
(0 0 0)
(0 0 0)
(0 0 0)
(0 0 0)
(0 0 0)
(0 0 0)
(0 0 0)
(0 0 0)
(0 0 0)
(0 0 0)
(0 0 0)
(0 0 0)
(0 0 0)
(0 0 0)
(0 0 0)
(0 0 0)
(0 0 0)
(0 0 0)
(0 0 0)
(0 0 0)
(0 0 0)
(0 0 0)
(0 0 0)
(0 0 0)
(0 0 0)
(0 0 0)
(0 0 0)
(0 0 0)
(0 0 0)
(0 0 0)
(0 0 0)
(0 0 0)
(0 0 0)
(0 0 0)
(0 0 0)
(0 0 0)
(0 0 0)
(0 0 0)
(0 0 0)
(0 0 0)
(0 0 0)
(0 0 0)
(0 0 0)
(0 0 0)
(0 0 0)
(0 0 0)
(0 0 0)
(0 0 0)
(0 0 0)
(0 0 0)
(0 0 0)
(0 0 0)
(0 0 0)
(0 0 0)
(0 0 0)
(0 0 0)
(0 0 0)
(0 0 0)
(0 0 0)
(0 0 0)
(0 0 0)
(0 0 0)
(0 0 0)
(0 0 0)
(0 0 0)
(0 0 0)
(0 0 0)
(0 0 0)
(0 0 0)
(0 0 0)
(0 0 0)
(0 0 0)
(0 0 0)
(0 0 0)
(0 0 0)
(0 0 0)
(0 0 0)
(0 0 0)
(0 0 0)
(0 0 0)
(0 0 0)
(0 0 0)
(0 0 0)
(0 0 0)
(0 0 0)
(0 0 0)
(0 0 0)
(0 0 0)
(0 0 0)
(0 0 0)
(0 0 0)
(0 0 0)
(0 0 0)
(0 0 0)
(0 0 0)
(0 0 0)
(0 0 0)
(0 0 0)
(0 0 0)
(0 0 0)
(0 0 0)
(0 0 0)
(0 0 0)
(0 0 0)
(0 0 0)
(0 0 0)
(0 0 0)
(0 0 0)
(0 0 0)
(0 0 0)
(0 0 0)
(0 0 0)
(0 0 0)
(0 0 0)
(0 0 0)
(0 0 0)
(0 0 0)
(0 0 0)
(0 0 0)
(0 0 0)
(0 0 0)
(0 0 0)
(0 0 0)
(0 0 0)
(0 0 0)
(0 0 0)
(0 0 0)
(0 0 0)
(0 0 0)
(0 0 0)
(0 0 0)
(0 0 0)
(0 0 0)
(0 0 0)
(0 0 0)
(0 0 0)
(0 0 0)
(0 0 0)
(0 0 0)
(0 0 0)
(0 0 0)
(0 0 0)
(0 0 0)
(0 0 0)
(0 0 0)
(0 0 0)
(0 0 0)
(0 0 0)
(0 0 0)
(0 0 0)
(0 0 0)
(0 0 0)
(0 0 0)
(0 0 0)
(0 0 0)
(0 0 0)
(0 0 0)
(0 0 0)
(0 0 0)
(0 0 0)
(0 0 0)
(0 0 0)
(0 0 0)
(0 0 0)
(0 0 0)
(0 0 0)
(0 0 0)
(0 0 0)
(0 0 0)
(0 0 0)
(0 0 0)
(0 0 0)
(0 0 0)
(0 0 0)
(0 0 0)
(0 0 0)
(0 0 0)
(0 0 0)
(0 0 0)
(0 0 0)
(0 0 0)
(0 0 0)
(0 0 0)
(0 0 0)
(0 0 0)
(0 0 0)
(0 0 0)
(0 0 0)
(0 0 0)
(0 0 0)
(0 0 0)
(0 0 0)
(0 0 0)
(0 0 0)
(0 0 0)
(0 0 0)
(0 0 0)
(0 0 0)
(0 0 0)
(0 0 0)
(0 0 0)
(0 0 0)
(0 0 0)
(0 0 0)
(0 0 0)
(0 0 0)
(0 0 0)
(0 0 0)
(0 0 0)
(0 0 0)
(0 0 0)
(0 0 0)
(0 0 0)
(0 0 0)
(0 0 0)
(0 0 0)
(0 0 0)
(0 0 0)
(0 0 0)
(0 0 0)
(0 0 0)
(0 0 0)
(0 0 0)
(0 0 0)
(0 0 0)
(0 0 0)
(0 0 0)
(0 0 0)
(0 0 0)
(0 0 0)
(0 0 0)
(0 0 0)
(0 0 0)
(0 0 0)
(0 0 0)
(0 0 0)
(0 0 0)
(0 0 0)
(0 0 0)
(0 0 0)
(0 0 0)
(0 0 0)
(0 0 0)
(0 0 0)
(0 0 0)
(0 0 0)
(0 0 0)
(0 0 0)
(0 0 0)
(0 0 0)
(0 0 0)
(0 0 0)
(0 0 0)
(0 0 0)
(0 0 0)
(0 0 0)
(0 0 0)
(0 0 0)
(0 0 0)
(0 0 0)
(0 0 0)
(0 0 0)
(0 0 0)
(0 0 0)
(0 0 0)
(0 0 0)
(0 0 0)
(0 0 0)
(0 0 0)
(0 0 0)
(0 0 0)
(0 0 0)
(0 0 0)
(0 0 0)
(0 0 0)
(0 0 0)
(0 0 0)
(0 0 0)
(0 0 0)
(0 0 0)
(0 0 0)
(0 0 0)
(0 0 0)
(0 0 0)
(0 0 0)
(0 0 0)
(0 0 0)
(0 0 0)
(0 0 0)
(0 0 0)
(0 0 0)
(0 0 0)
(0 0 0)
(0 0 0)
(0 0 0)
(0 0 0)
(0 0 0)
(0 0 0)
(0 0 0)
(0 0 0)
(0 0 0)
(0 0 0)
(0 0 0)
(0 0 0)
(0 0 0)
(0 0 0)
(0 0 0)
(0 0 0)
(0 0 0)
(0 0 0)
(0 0 0)
(0 0 0)
(0 0 0)
(0 0 0)
(0 0 0)
(0 0 0)
(0 0 0)
(0 0 0)
(0 0 0)
(0 0 0)
(0 0 0)
(0 0 0)
(0 0 0)
(0 0 0)
(0 0 0)
(0 0 0)
(0 0 0)
(0 0 0)
(0 0 0)
(0 0 0)
(0 0 0)
(0 0 0)
(0 0 0)
(0 0 0)
(0 0 0)
(0 0 0)
(0 0 0)
(0 0 0)
(0 0 0)
(0 0 0)
(0 0 0)
(0 0 0)
(0 0 0)
(0 0 0)
(0 0 0)
(0 0 0)
(0 0 0)
(0 0 0)
(0 0 0)
(0 0 0)
(0 0 0)
(0 0 0)
(0 0 0)
(0 0 0)
(0 0 0)
(0 0 0)
(0 0 0)
(0 0 0)
(0 0 0)
(0 0 0)
(0 0 0)
(0 0 0)
(0 0 0)
(0 0 0)
(0 0 0)
(0 0 0)
(0 0 0)
(0 0 0)
(0 0 0)
(0 0 0)
(0 0 0)
(0 0 0)
(0 0 0)
(0 0 0)
(0 0 0)
(0 0 0)
(0 0 0)
(0 0 0)
(0 0 0)
(0 0 0)
(0 0 0)
(0 0 0)
(0 0 0)
(0 0 0)
(0 0 0)
(0 0 0)
(0 0 0)
(0 0 0)
(0 0 0)
(0 0 0)
(0 0 0)
(0 0 0)
(0 0 0)
(0 0 0)
(0 0 0)
(0 0 0)
(0 0 0)
(0 0 0)
(0 0 0)
(0 0 0)
(0 0 0)
(0 0 0)
(0 0 0)
(0 0 0)
(0 0 0)
(0 0 0)
(0 0 0)
(0 0 0)
(0 0 0)
(0 0 0)
(0 0 0)
(0 0 0)
(0 0 0)
(0 0 0)
(0 0 0)
(0 0 0)
(0 0 0)
(0 0 0)
(0 0 0)
(0 0 0)
(0 0 0)
(0 0 0)
(0 0 0)
(0 0 0)
(0 0 0)
(0 0 0)
(0 0 0)
(0 0 0)
(0 0 0)
(0 0 0)
(0 0 0)
(0 0 0)
(0 0 0)
(0 0 0)
(0 0 0)
(0 0 0)
(0 0 0)
(0 0 0)
(0 0 0)
(0 0 0)
(0 0 0)
(0 0 0)
(0 0 0)
(0 0 0)
(0 0 0)
(0 0 0)
(0 0 0)
(0 0 0)
(0 0 0)
(0 0 0)
(0 0 0)
(0 0 0)
(0 0 0)
(0 0 0)
(0 0 0)
(0 0 0)
(0 0 0)
(0 0 0)
(0 0 0)
(0 0 0)
(0 0 0)
(0 0 0)
(0 0 0)
(0 0 0)
(0 0 0)
(0 0 0)
(0 0 0)
(0 0 0)
(0 0 0)
(0 0 0)
(0 0 0)
(0 0 0)
(0 0 0)
(0 0 0)
(0 0 0)
(0 0 0)
(0 0 0)
(0 0 0)
(0 0 0)
(0 0 0)
(0 0 0)
(0 0 0)
(0 0 0)
(0 0 0)
(0 0 0)
(0 0 0)
(0 0 0)
(0 0 0)
(0 0 0)
(0 0 0)
(0 0 0)
(0 0 0)
(0 0 0)
(0 0 0)
(0 0 0)
(0 0 0)
(0 0 0)
(0 0 0)
(0 0 0)
(0 0 0)
(0 0 0)
(0 0 0)
(0 0 0)
(0 0 0)
(0 0 0)
(0 0 0)
(0 0 0)
(0 0 0)
(0 0 0)
(0 0 0)
(0 0 0)
(0 0 0)
(0 0 0)
(0 0 0)
(0 0 0)
(0 0 0)
(0 0 0)
(0 0 0)
(0 0 0)
(0 0 0)
(0 0 0)
(0 0 0)
(0 0 0)
(0 0 0)
(0 0 0)
(0 0 0)
(0 0 0)
(0 0 0)
(0 0 0)
(0 0 0)
(0 0 0)
(0 0 0)
(0 0 0)
(0 0 0)
(0 0 0)
(0 0 0)
(0 0 0)
(0 0 0)
(0 0 0)
(0 0 0)
(0 0 0)
(0 0 0)
(0 0 0)
(0 0 0)
(0 0 0)
(0 0 0)
(0 0 0)
(0 0 0)
(0 0 0)
(0 0 0)
(0 0 0)
(0 0 0)
(0 0 0)
(0 0 0)
(0 0 0)
(0 0 0)
(0 0 0)
(0 0 0)
(0 0 0)
(0 0 0)
(0 0 0)
(0 0 0)
(0 0 0)
(0 0 0)
(0 0 0)
(0 0 0)
(0 0 0)
(0 0 0)
(0 0 0)
(0 0 0)
(0 0 0)
(0 0 0)
(0 0 0)
(0 0 0)
(0 0 0)
(0 0 0)
(0 0 0)
(0 0 0)
(0 0 0)
(0 0 0)
(0 0 0)
(0 0 0)
(0 0 0)
(0 0 0)
(0 0 0)
(0 0 0)
(0 0 0)
(0 0 0)
(0 0 0)
(0 0 0)
(0 0 0)
(0 0 0)
(0 0 0)
(0 0 0)
(0 0 0)
(0 0 0)
(0 0 0)
(0 0 0)
(0 0 0)
(0 0 0)
(0 0 0)
(0 0 0)
(0 0 0)
(0 0 0)
(0 0 0)
(0 0 0)
(0 0 0)
(0 0 0)
(0 0 0)
(0 0 0)
(0 0 0)
(0 0 0)
(0 0 0)
(0 0 0)
(0 0 0)
(0 0 0)
(0 0 0)
(0 0 0)
(0 0 0)
(0 0 0)
(0 0 0)
(0 0 0)
(0 0 0)
(0 0 0)
(0 0 0)
(0 0 0)
(0 0 0)
(0 0 0)
(0 0 0)
(0 0 0)
(0 0 0)
(0 0 0)
(0 0 0)
(0 0 0)
(0 0 0)
(0 0 0)
(0 0 0)
(0 0 0)
(0 0 0)
(0 0 0)
(0 0 0)
(0 0 0)
(0 0 0)
(0 0 0)
(0 0 0)
(0 0 0)
(0 0 0)
(0 0 0)
(0 0 0)
(0 0 0)
(0 0 0)
(0 0 0)
(0 0 0)
(0 0 0)
(0 0 0)
(0 0 0)
(0 0 0)
(0 0 0)
(0 0 0)
(0 0 0)
(0 0 0)
(0 0 0)
(0 0 0)
(0 0 0)
(0 0 0)
(0 0 0)
(0 0 0)
(0 0 0)
(0 0 0)
(0 0 0)
(0 0 0)
(0 0 0)
(0 0 0)
(0 0 0)
(0 0 0)
(0 0 0)
(0 0 0)
(0 0 0)
(0 0 0)
(0 0 0)
(0 0 0)
(0 0 0)
(0 0 0)
(0 0 0)
(0 0 0)
(0 0 0)
(0 0 0)
(0 0 0)
(0 0 0)
(0 0 0)
(0 0 0)
(0 0 0)
(0 0 0)
(0 0 0)
(0 0 0)
(0 0 0)
(0 0 0)
(0 0 0)
(0 0 0)
(0 0 0)
(0 0 0)
(0 0 0)
(0 0 0)
(0 0 0)
(0 0 0)
(0 0 0)
(0 0 0)
(0 0 0)
(0 0 0)
(0 0 0)
(0 0 0)
(0 0 0)
(0 0 0)
(0 0 0)
(0 0 0)
(0 0 0)
(0 0 0)
(0 0 0)
(0 0 0)
(0 0 0)
(0 0 0)
(0 0 0)
(0 0 0)
(0 0 0)
(0 0 0)
(0 0 0)
(0 0 0)
(0 0 0)
(0 0 0)
(0 0 0)
(0 0 0)
(0 0 0)
(0 0 0)
(0 0 0)
(0 0 0)
(0 0 0)
(0 0 0)
(0 0 0)
(0 0 0)
(0 0 0)
(0 0 0)
(0 0 0)
(0 0 0)
(0 0 0)
(0 0 0)
(0 0 0)
(0 0 0)
(0 0 0)
(0 0 0)
(0 0 0)
(0 0 0)
(0 0 0)
(0 0 0)
(0 0 0)
(0 0 0)
(0 0 0)
(0 0 0)
(0 0 0)
(0 0 0)
(0 0 0)
(0 0 0)
(0 0 0)
(0 0 0)
(0 0 0)
(0 0 0)
(0 0 0)
(0 0 0)
(0 0 0)
(0 0 0)
(0 0 0)
(0 0 0)
(0 0 0)
(0 0 0)
(0 0 0)
(0 0 0)
(0 0 0)
(0 0 0)
(0 0 0)
(0 0 0)
(0 0 0)
(0 0 0)
(0 0 0)
(0 0 0)
(0 0 0)
(0 0 0)
(0 0 0)
(0 0 0)
(0 0 0)
(0 0 0)
(0 0 0)
(0 0 0)
(0 0 0)
(0 0 0)
(0 0 0)
(0 0 0)
(0 0 0)
(0 0 0)
(0 0 0)
(0 0 0)
(1.22855e-06 -2.40924e-06 -2.44316e-07)
(3.20135e-06 -3.52456e-06 8.99235e-08)
(2.38812e-06 -2.23642e-06 -2.16082e-07)
(2.83651e-06 -1.54531e-06 -1.04495e-06)
(4.03295e-06 -1.51495e-06 -1.07484e-06)
(7.04046e-06 -4.64758e-06 1.59387e-06)
(3.46357e-06 -5.01077e-06 1.92097e-06)
(3.74177e-06 -1.97985e-06 1.57892e-06)
(3.29064e-06 -1.24526e-06 8.97099e-07)
(5.39029e-06 -1.44731e-06 7.08393e-07)
(6.15096e-06 -2.26623e-06 1.19771e-06)
(4.47556e-06 -1.32777e-06 1.54792e-06)
(4.59645e-06 -1.9905e-06 1.38517e-06)
(5.12031e-06 -3.30379e-06 1.92343e-06)
(5.06965e-06 -2.04887e-06 6.0652e-07)
(5.67494e-06 -2.46822e-06 1.24193e-06)
(4.04354e-06 -1.4054e-06 1.56946e-06)
(3.69451e-06 -8.64399e-07 9.67758e-07)
(5.28078e-06 -4.304e-06 1.76662e-06)
(7.12671e-06 -5.42516e-06 4.40343e-07)
(7.79792e-06 -3.4675e-06 1.71684e-06)
(5.80274e-06 -1.87345e-06 1.51513e-06)
(3.95864e-06 -1.49926e-06 4.27305e-07)
(4.0069e-06 -3.42528e-06 -1.07564e-07)
(4.4582e-06 -4.13715e-06 6.7063e-07)
(9.41132e-06 -6.11516e-06 -4.26568e-06)
(5.00959e-06 -6.89067e-06 -2.42161e-06)
(7.51576e-06 -5.3839e-06 2.72444e-08)
(8.47776e-06 -3.77697e-06 -1.37223e-06)
(7.94701e-06 -4.92224e-06 -2.76938e-06)
(9.01005e-06 -5.20207e-06 5.17052e-07)
(5.59036e-06 -9.89552e-06 3.53898e-06)
(7.70423e-06 -4.56048e-06 1.91046e-06)
(9.19937e-06 -4.13322e-06 7.00841e-07)
(9.55474e-06 -3.23343e-06 8.04645e-07)
(1.05231e-05 -4.29163e-06 2.305e-06)
(8.08005e-06 -7.30389e-06 1.31387e-06)
(8.50517e-06 -5.55607e-06 1.97287e-06)
(9.37109e-06 -4.64045e-06 2.60197e-06)
(8.93665e-06 -2.86035e-06 1.87329e-06)
(1.10799e-05 -5.01393e-06 2.49994e-06)
(9.64625e-06 -4.18721e-06 2.30173e-06)
(8.78649e-06 -4.00752e-06 2.16741e-06)
(9.32811e-06 -6.66067e-06 2.07838e-06)
(1.05784e-05 -7.96529e-06 1.54657e-06)
(1.04805e-05 -5.46196e-06 3.52199e-06)
(1.01134e-05 -5.47443e-06 3.79689e-06)
(9.62602e-06 -6.73571e-06 7.03427e-07)
(7.02604e-06 -5.39381e-06 2.12612e-07)
(8.10583e-06 -7.12982e-06 -2.50024e-07)
(8.29807e-06 -2.91843e-06 -5.99576e-06)
(7.42936e-06 -5.44426e-06 -6.70258e-06)
(7.97967e-06 -6.89423e-06 -6.29579e-06)
(8.85509e-06 -7.63852e-06 -7.05889e-06)
(9.71737e-06 -7.25624e-06 -1.07273e-05)
(1.07393e-05 -6.16505e-07 1.76611e-06)
(8.90165e-06 -4.20682e-06 -2.63608e-06)
(9.67683e-06 -5.56357e-06 -2.27918e-06)
(1.14865e-05 -6.3547e-06 -2.05813e-06)
(1.38757e-05 -6.39987e-06 -2.84746e-06)
(1.13632e-05 -2.26824e-06 2.95761e-06)
(8.90375e-06 -5.0292e-06 2.74858e-06)
(9.44189e-06 -5.19828e-06 1.82926e-06)
(1.1272e-05 -6.23239e-06 2.70527e-06)
(1.30519e-05 -6.46689e-06 5.02073e-06)
(9.98841e-06 -4.65088e-06 3.42737e-06)
(9.09073e-06 -5.54948e-06 4.57344e-06)
(1.02282e-05 -4.92705e-06 5.05441e-06)
(9.52158e-06 -5.48148e-06 1.64313e-06)
(1.10551e-05 -7.35117e-06 -2.57542e-06)
(8.81725e-06 -5.48135e-06 1.41105e-06)
(9.13046e-06 -7.46439e-06 3.72377e-06)
(8.03175e-06 -5.24001e-06 1.12221e-06)
(7.06437e-06 -5.55868e-06 -1.31157e-06)
(9.00514e-06 -7.66352e-06 -2.29721e-06)
(8.04747e-06 -2.48362e-06 -1.40797e-05)
(5.96827e-06 -7.2995e-06 -1.60078e-05)
(7.82773e-06 -8.49824e-06 -1.41982e-05)
(7.89195e-06 -1.01165e-05 -1.4212e-05)
(1.01914e-05 -1.05455e-05 -1.31468e-05)
(1.64075e-05 -1.28474e-05 1.64399e-06)
(1.21805e-05 -8.76792e-06 -6.35043e-06)
(9.22971e-06 -6.83502e-06 -1.15349e-05)
(9.11654e-06 -1.10459e-05 -9.65372e-06)
(1.15207e-05 -1.10062e-05 -8.9235e-06)
(1.096e-05 -1.0773e-06 2.90393e-06)
(8.98937e-06 -6.78471e-06 -4.53206e-07)
(6.93814e-06 -5.66555e-06 -4.10154e-06)
(1.18299e-05 -8.51316e-06 1.69468e-06)
(7.59594e-06 -7.22857e-06 -6.62353e-07)
(1.05067e-05 1.77008e-06 3.64209e-06)
(6.18327e-06 -2.18773e-06 3.72216e-06)
(5.02675e-06 -2.44988e-06 -5.09085e-06)
(6.51466e-06 -2.75409e-06 -4.29796e-06)
(6.64679e-06 2.01017e-06 -1.21925e-06)
(6.45454e-06 1.52394e-07 -2.53588e-06)
(6.83168e-06 -5.00848e-06 1.24164e-06)
(2.19762e-06 -2.16269e-06 -4.99583e-06)
(2.27504e-06 -2.12236e-06 -1.03128e-05)
(3.88397e-06 4.53572e-07 -8.86015e-06)
(5.26297e-06 -2.26938e-06 -2.97601e-05)
(6.84298e-06 -5.73105e-06 -2.93039e-05)
(9.66415e-06 -8.57874e-06 -2.43721e-05)
(8.10012e-06 -9.06317e-06 -2.80907e-05)
(1.32777e-05 -1.68867e-06 -3.40769e-05)
(7.81783e-06 -1.02056e-06 -2.37495e-05)
(8.93121e-06 -4.99953e-06 -2.34147e-05)
(9.62761e-06 -8.86661e-06 -2.41826e-05)
(7.80804e-06 -5.38034e-06 -2.32817e-05)
(7.09255e-06 -6.14809e-06 -2.90645e-05)
(7.87527e-06 -3.93887e-06 -8.94568e-06)
(8.74096e-06 -6.27734e-06 -1.16846e-05)
(4.70277e-06 -3.28373e-06 -2.10763e-05)
(5.772e-06 -1.57116e-06 -1.80883e-05)
(-6.29198e-07 -3.88673e-06 -2.19075e-05)
(7.81623e-06 3.83863e-06 1.24626e-07)
(6.29351e-06 -1.49798e-06 -4.36195e-06)
(2.43628e-06 -4.41727e-07 -1.56095e-05)
(2.34283e-06 1.00149e-06 -1.65411e-05)
(-2.26371e-06 4.49053e-06 -1.81656e-05)
(-2.58577e-06 1.11287e-05 -1.11051e-05)
(6.78311e-07 3.627e-06 -7.60027e-06)
(1.09077e-06 -1.4484e-06 -9.56156e-06)
(-5.03075e-07 2.02031e-06 -2.05235e-05)
(-7.67179e-07 5.34871e-06 -1.41606e-05)
(5.25004e-06 -2.18055e-06 -4.22742e-05)
(6.14818e-06 -7.93257e-06 -4.14741e-05)
(6.4338e-06 -4.12902e-06 -4.60163e-05)
(5.87901e-06 -3.35045e-06 -4.5254e-05)
(4.84947e-06 -1.60553e-06 -5.67164e-05)
(4.46128e-06 1.93045e-06 -4.92634e-05)
(6.15697e-06 -4.91635e-06 -4.10574e-05)
(9.36404e-06 1.61879e-06 -4.49462e-05)
(7.85444e-06 -3.64912e-06 -4.96467e-05)
(6.03301e-06 7.58817e-07 -5.48528e-05)
(8.08561e-07 6.23456e-06 -4.9081e-05)
(4.56014e-06 -5.80214e-06 -3.65623e-05)
(2.36581e-06 -2.66593e-06 -4.18745e-05)
(6.1061e-06 -6.06995e-07 -5.06377e-05)
(2.41057e-06 2.00485e-06 -5.14482e-05)
(2.66429e-06 3.31612e-06 -6.12461e-05)
(1.24398e-06 -4.87303e-06 -3.69122e-05)
(-4.40196e-06 -6.68415e-06 -2.87273e-05)
(2.0764e-08 1.42467e-06 -3.32848e-05)
(-3.11037e-07 2.68048e-06 -4.86346e-05)
(-4.48223e-07 1.00684e-05 -5.17457e-05)
(-6.02884e-06 1.0001e-05 -3.31291e-05)
(-5.40309e-06 -5.78201e-07 -1.62853e-05)
(5.14123e-07 7.66473e-06 -4.43081e-05)
(4.53435e-08 7.01257e-06 -4.34506e-05)
(-5.01181e-06 3.16141e-06 -6.88839e-05)
(-7.91506e-07 -2.50864e-07 -6.92467e-05)
(-9.97795e-07 1.9544e-06 -6.67126e-05)
(1.79614e-08 -3.35615e-06 -8.88215e-05)
(-3.05786e-06 -5.61886e-06 -8.00815e-05)
(3.31121e-06 9.91505e-06 -7.68794e-05)
(-3.08602e-06 4.09039e-06 -7.10295e-05)
(-4.2221e-06 3.47911e-06 -7.10819e-05)
(4.56588e-06 -1.08905e-06 -7.82408e-05)
(7.87451e-06 4.91622e-06 -7.29528e-05)
(-2.16764e-08 8.48809e-06 -6.89412e-05)
(-3.94186e-06 6.81967e-06 -7.73102e-05)
(-1.60152e-06 3.95514e-06 -8.19201e-05)
(6.20756e-06 3.98148e-06 -8.10837e-05)
(8.96266e-06 2.2126e-05 -8.40315e-05)
(1.85357e-06 9.10979e-06 -8.90621e-05)
(-2.19655e-06 7.67634e-06 -8.21583e-05)
(-1.00604e-06 4.05974e-06 -7.00173e-05)
(-2.73222e-06 1.09324e-05 -8.4724e-05)
(-1.75963e-06 1.24554e-05 -7.50773e-05)
(3.20841e-06 3.12183e-06 -7.08968e-05)
(-7.46328e-06 6.33433e-06 -8.11828e-05)
(-7.04984e-06 1.27955e-05 -5.73731e-05)
(1.4916e-06 1.33718e-05 -6.88623e-05)
(4.35997e-06 4.98656e-06 -7.71716e-05)
(-2.51734e-06 1.27796e-05 -0.000112279)
(-4.50192e-06 1.04875e-05 -0.000120111)
(-6.22206e-06 1.72466e-06 -0.00010518)
(-4.3388e-06 -1.92447e-06 -0.000115954)
(-8.20233e-06 -2.05375e-06 -9.88118e-05)
(-2.16931e-06 1.38579e-05 -9.66295e-05)
(-8.10414e-06 1.41902e-05 -9.68231e-05)
(-9.21745e-06 4.33682e-06 -0.000109705)
(-8.3315e-06 -2.19421e-07 -0.000120424)
(-1.15271e-05 3.48346e-06 -0.000102917)
(2.03024e-06 1.64945e-05 -8.98267e-05)
(3.63403e-06 1.15492e-05 -0.000113422)
(-4.35883e-06 -4.7463e-06 -0.000124415)
(-1.82346e-06 9.71134e-07 -0.000116478)
(-3.65272e-06 7.92192e-06 -0.000110249)
(-4.49945e-07 6.10391e-06 -0.00011106)
(-2.49136e-06 4.54419e-06 -0.00011617)
(3.05961e-06 -4.62961e-06 -0.000113483)
(2.1135e-07 1.05898e-05 -0.000109822)
(-5.08483e-06 8.24252e-06 -0.000102332)
(-5.76567e-06 -6.42582e-06 -0.00011896)
(-6.9708e-06 -2.87603e-06 -0.000107151)
(-1.66799e-06 5.07447e-06 -0.000101842)
(2.33746e-06 1.90665e-05 -0.000112519)
(6.39388e-06 1.25538e-05 -0.000104756)
(1.75089e-06 1.09455e-05 -0.000143785)
(-6.00108e-06 2.46008e-06 -0.000153512)
(8.24734e-07 6.19756e-06 -0.000147597)
(-4.44518e-06 1.41091e-05 -0.000151583)
(-1.81428e-06 1.99268e-05 -0.000158186)
(-2.67182e-06 9.78027e-06 -0.000148498)
(-5.91421e-06 6.16159e-06 -0.000141855)
(-1.41017e-05 2.31429e-07 -0.00015755)
(-1.59479e-05 4.66446e-06 -0.000147286)
(-1.77059e-05 1.58708e-05 -0.0001481)
(-1.61373e-06 1.66431e-05 -0.000143185)
(-3.74717e-06 5.63151e-06 -0.000161195)
(-4.50674e-06 -3.42492e-07 -0.000160475)
(-1.54911e-05 -1.7706e-06 -0.00014774)
(-1.77437e-05 4.82576e-06 -0.000157859)
(-6.74772e-06 -4.84657e-06 -0.000154113)
(-4.61344e-06 -6.11639e-07 -0.000155846)
(-2.8957e-06 4.0926e-07 -0.000148709)
(-1.49591e-06 3.22146e-06 -0.000148749)
(-4.52026e-06 1.6964e-06 -0.000149115)
(-1.29643e-05 -7.88611e-06 -0.000158798)
(-8.62145e-06 -1.11452e-05 -0.000143017)
(-7.69091e-06 -8.06585e-06 -0.000145003)
(-1.00291e-05 5.81821e-06 -0.000137491)
(-1.30982e-06 -1.0904e-06 -0.000152976)
(-7.00233e-07 7.94016e-06 -0.000180592)
(-2.1592e-05 -2.25607e-06 -0.000187491)
(-1.07999e-06 4.14176e-06 -0.000170787)
(4.7354e-06 1.21836e-05 -0.000178433)
(-4.08625e-06 1.02881e-05 -0.000190471)
(1.14345e-06 5.62789e-06 -0.00017788)
(-1.07868e-05 5.87396e-06 -0.000174933)
(-2.08487e-05 2.1031e-06 -0.000181406)
(-6.95985e-06 3.80676e-06 -0.000176748)
(-7.24997e-06 9.38275e-06 -0.000173902)
(-4.6697e-06 8.63193e-06 -0.000188748)
(-1.0335e-05 7.38844e-06 -0.000192558)
(-2.06818e-05 -2.79892e-06 -0.000193393)
(-1.56625e-05 -4.65908e-06 -0.00017558)
(-7.60479e-06 1.23723e-06 -0.000178458)
(-4.64799e-06 -5.33951e-06 -0.000198502)
(-1.02123e-05 -1.04904e-06 -0.000201032)
(-9.48891e-06 -4.44462e-06 -0.000186592)
(-8.05449e-06 -6.20656e-06 -0.000188251)
(-3.38071e-06 -8.19139e-06 -0.000173385)
(-1.1865e-05 -1.3547e-05 -0.000192089)
(-1.4052e-05 -6.74899e-06 -0.000197021)
(-9.40638e-06 -3.97359e-06 -0.000184692)
(-2.65953e-06 -4.10901e-06 -0.000175091)
(-2.3235e-06 -5.70773e-06 -0.000179724)
(-4.92028e-06 1.2757e-06 -0.000213703)
(-5.30659e-06 4.58877e-06 -0.0002236)
(6.23212e-07 3.2079e-06 -0.000209035)
(5.76381e-06 2.78628e-06 -0.000201467)
(-7.89991e-06 3.1851e-06 -0.000211189)
(-4.93672e-07 8.02721e-06 -0.000214535)
(3.74844e-07 9.0945e-06 -0.000218458)
(-2.46278e-06 6.62959e-06 -0.00020471)
(4.21385e-06 -4.23512e-06 -0.000204642)
(6.16936e-06 -5.25718e-06 -0.000205002)
(5.77968e-06 -2.31454e-06 -0.000227837)
(6.78591e-06 8.4464e-06 -0.000213727)
(-4.99175e-06 2.01394e-05 -0.000209751)
(-1.68559e-05 7.11264e-06 -0.000223409)
(-4.37432e-06 -2.74776e-06 -0.000202078)
(-9.59077e-06 -8.04254e-06 -0.000221451)
(-1.25865e-05 -1.20172e-06 -0.00022164)
(-1.55551e-05 8.5111e-07 -0.000240137)
(-2.03284e-05 -2.20861e-06 -0.000237886)
(-1.07371e-05 -9.23421e-06 -0.000199113)
(-8.84508e-06 -1.94481e-05 -0.000222496)
(-1.55517e-05 -9.20791e-06 -0.000227323)
(-1.25246e-05 -1.00595e-05 -0.000240489)
(-7.3392e-06 -3.14461e-07 -0.000229196)
(-1.55113e-05 -1.05219e-05 -0.00022003)
(-2.0863e-07 -3.82219e-06 -0.000228858)
(1.03671e-05 -6.49515e-06 -0.000238196)
(-8.57021e-06 2.21952e-05 -0.000227028)
(-1.83875e-06 5.05262e-06 -0.000205332)
(1.96049e-05 -7.08882e-06 -0.000222997)
(-3.95683e-06 -3.46848e-06 -0.000216583)
(-3.42922e-06 -1.59805e-05 -0.000243573)
(4.26347e-06 -3.50736e-06 -0.000218859)
(-1.29048e-05 2.39278e-05 -0.000229352)
(2.1355e-05 -6.04329e-06 -0.000225953)
(7.78721e-06 -9.79167e-06 -0.000238008)
(3.31474e-06 1.44758e-05 -0.000236178)
(-5.99779e-06 2.87809e-05 -0.000222655)
(-4.39582e-05 2.81167e-05 -0.000257069)
(-4.90808e-05 2.72141e-05 -0.000261478)
(-4.68119e-06 5.5926e-06 -0.000234478)
(-1.01842e-05 4.85555e-06 -0.000231957)
(-1.69405e-05 -2.96431e-06 -0.000248129)
(-2.9137e-05 -6.93185e-06 -0.000253024)
(-1.79187e-05 6.2297e-06 -0.000236394)
(-1.2667e-05 -3.65108e-05 -0.00024064)
(-9.72214e-06 -1.25675e-05 -0.000249998)
(-2.61326e-06 -1.70086e-05 -0.000251155)
(9.56971e-06 4.08414e-06 -0.000232503)
(-1.95e-05 -4.28284e-06 -0.000238245)
(-2.11413e-07 -5.06083e-06 -0.000230055)
(1.52421e-05 -1.42953e-05 -0.000240769)
(0 0 0)
(0 0 0)
(0 0 0)
(0 0 0)
(-1.8554e-05 -3.90949e-05 -0.000237942)
(-3.46161e-06 -1.12679e-05 -0.000223027)
(1.16308e-05 1.65591e-05 -0.000208112)
(0 0 0)
(0 0 0)
(0 0 0)
(0 0 0)
(0 0 0)
(-4.90808e-05 2.72141e-05 -0.000261478)
(-6.01487e-06 1.14203e-05 -0.000233832)
(-6.01487e-06 1.14203e-05 -0.000233832)
(0 0 0)
(0 0 0)
(0 0 0)
(-1.89488e-05 -4.48316e-05 -0.00024733)
(-1.89488e-05 -4.48316e-05 -0.00024733)
(-8.83378e-06 -1.19933e-05 -0.00025483)
(0 0 0)
(0 0 0)
(0 0 0)
(0 0 0)
(0 0 0)
(0 0 0)
(0 0 0)
(0 0 0)
(0 0 0)
(0 0 0)
(0 0 0)
(0 0 0)
(0 0 0)
(0 0 0)
(0 0 0)
(0 0 0)
(0 0 0)
(0 0 0)
(0 0 0)
(0 0 0)
(0 0 0)
(0 0 0)
(0 0 0)
(0 0 0)
(0 0 0)
(0 0 0)
(0 0 0)
(0 0 0)
(0 0 0)
(0 0 0)
(0 0 0)
(0 0 0)
(0 0 0)
(0 0 0)
(0 0 0)
(0 0 0)
(0 0 0)
(0 0 0)
(0 0 0)
(0 0 0)
(0 0 0)
(0 0 0)
(0 0 0)
(0 0 0)
(0 0 0)
(0 0 0)
(0 0 0)
(0 0 0)
(0 0 0)
(0 0 0)
(0 0 0)
(0 0 0)
(0 0 0)
(0 0 0)
(0 0 0)
(0 0 0)
(0 0 0)
(0 0 0)
(0 0 0)
(0 0 0)
(0 0 0)
(0 0 0)
(0 0 0)
(0 0 0)
(0 0 0)
(0 0 0)
(0 0 0)
(0 0 0)
(0 0 0)
(0 0 0)
(0 0 0)
(0 0 0)
(0 0 0)
(0 0 0)
(0 0 0)
(0 0 0)
(0 0 0)
(0 0 0)
(0 0 0)
(0 0 0)
(0 0 0)
(0 0 0)
(0 0 0)
(0 0 0)
(0 0 0)
(0 0 0)
(0 0 0)
(0 0 0)
(0 0 0)
(0 0 0)
(0 0 0)
(0 0 0)
(0 0 0)
(0 0 0)
(0 0 0)
(0 0 0)
(0 0 0)
(0 0 0)
(0 0 0)
(0 0 0)
(0 0 0)
(0 0 0)
(0 0 0)
(0 0 0)
(0 0 0)
(0 0 0)
(0 0 0)
(0 0 0)
(0 0 0)
(0 0 0)
(0 0 0)
(0 0 0)
(0 0 0)
(0 0 0)
(0 0 0)
(0 0 0)
(0 0 0)
(0 0 0)
(0 0 0)
(0 0 0)
(0 0 0)
(0 0 0)
(0 0 0)
(0 0 0)
(0 0 0)
(0 0 0)
(0 0 0)
(0 0 0)
(0 0 0)
(0 0 0)
(0 0 0)
(0 0 0)
(0 0 0)
(0 0 0)
(0 0 0)
(0 0 0)
(0 0 0)
(0 0 0)
(0 0 0)
(0 0 0)
(0 0 0)
(0 0 0)
(0 0 0)
(0 0 0)
(0 0 0)
(0 0 0)
(0 0 0)
(0 0 0)
(0 0 0)
(0 0 0)
(0 0 0)
(0 0 0)
(0 0 0)
(0 0 0)
(0 0 0)
(0 0 0)
(0 0 0)
(0 0 0)
(0 0 0)
(0 0 0)
(0 0 0)
(0 0 0)
(0 0 0)
(0 0 0)
(0 0 0)
(0 0 0)
(0 0 0)
(0 0 0)
(0 0 0)
(0 0 0)
(0 0 0)
(0 0 0)
(0 0 0)
(0 0 0)
(0 0 0)
(0 0 0)
(0 0 0)
(0 0 0)
(0 0 0)
(0 0 0)
(0 0 0)
(0 0 0)
(0 0 0)
(0 0 0)
(0 0 0)
(0 0 0)
(0 0 0)
(0 0 0)
(0 0 0)
(0 0 0)
(0 0 0)
(0 0 0)
(0 0 0)
(0 0 0)
(0 0 0)
(0 0 0)
(0 0 0)
(0 0 0)
(0 0 0)
(0 0 0)
(0 0 0)
(0 0 0)
(0 0 0)
(0 0 0)
(0 0 0)
(0 0 0)
(0 0 0)
(0 0 0)
(0 0 0)
(0 0 0)
(0 0 0)
(0 0 0)
(0 0 0)
(0 0 0)
(0 0 0)
(0 0 0)
(0 0 0)
(0 0 0)
(0 0 0)
(0 0 0)
(0 0 0)
(0 0 0)
(0 0 0)
(0 0 0)
(0 0 0)
(0 0 0)
(0 0 0)
(0 0 0)
(0 0 0)
(0 0 0)
(0 0 0)
(0 0 0)
(0 0 0)
(0 0 0)
(0 0 0)
(0 0 0)
(0 0 0)
(0 0 0)
(0 0 0)
(0 0 0)
(0 0 0)
(0 0 0)
(0 0 0)
(0 0 0)
(0 0 0)
(0 0 0)
(0 0 0)
(0 0 0)
(0 0 0)
(0 0 0)
(0 0 0)
(0 0 0)
(0 0 0)
(0 0 0)
(0 0 0)
(0 0 0)
(0 0 0)
(0 0 0)
(0 0 0)
(0 0 0)
(0 0 0)
(0 0 0)
(0 0 0)
(0 0 0)
(0 0 0)
(0 0 0)
(0 0 0)
(0 0 0)
(0 0 0)
(0 0 0)
(0 0 0)
(0 0 0)
(0 0 0)
(0 0 0)
(0 0 0)
(0 0 0)
(0 0 0)
(0 0 0)
(0 0 0)
(0 0 0)
(0 0 0)
(0 0 0)
(0 0 0)
(0 0 0)
(0 0 0)
(0 0 0)
(0 0 0)
(0 0 0)
(0 0 0)
(0 0 0)
(0 0 0)
(0 0 0)
(0 0 0)
(0 0 0)
(0 0 0)
(0 0 0)
(0 0 0)
(0 0 0)
(0 0 0)
(0 0 0)
(0 0 0)
(0 0 0)
(0 0 0)
(0 0 0)
(0 0 0)
(0 0 0)
(0 0 0)
(0 0 0)
(0 0 0)
(0 0 0)
(0 0 0)
(0 0 0)
(0 0 0)
(0 0 0)
(0 0 0)
(0 0 0)
(0 0 0)
(0 0 0)
(0 0 0)
(0 0 0)
(0 0 0)
(0 0 0)
(0 0 0)
(0 0 0)
(0 0 0)
(0 0 0)
(0 0 0)
(0 0 0)
(0 0 0)
(0 0 0)
(0 0 0)
(0 0 0)
(0 0 0)
(0 0 0)
(0 0 0)
(0 0 0)
(0 0 0)
(0 0 0)
(0 0 0)
(0 0 0)
(0 0 0)
(0 0 0)
(0 0 0)
(0 0 0)
(0 0 0)
(0 0 0)
(0 0 0)
(0 0 0)
(0 0 0)
(0 0 0)
(0 0 0)
(0 0 0)
(0 0 0)
(0 0 0)
(0 0 0)
(0 0 0)
(0 0 0)
(0 0 0)
(0 0 0)
(0 0 0)
(0 0 0)
(0 0 0)
(0 0 0)
(0 0 0)
(0 0 0)
(0 0 0)
(0 0 0)
(0 0 0)
(0 0 0)
(0 0 0)
(0 0 0)
(0 0 0)
(0 0 0)
(0 0 0)
(0 0 0)
(0 0 0)
(0 0 0)
(0 0 0)
(0 0 0)
(0 0 0)
(0 0 0)
(0 0 0)
(0 0 0)
(0 0 0)
(0 0 0)
(0 0 0)
(0 0 0)
(0 0 0)
(0 0 0)
(0 0 0)
(0 0 0)
(0 0 0)
(0 0 0)
(0 0 0)
(0 0 0)
(0 0 0)
(0 0 0)
(0 0 0)
(0 0 0)
(0 0 0)
(0 0 0)
(0 0 0)
(0 0 0)
(0 0 0)
(0 0 0)
(0 0 0)
(0 0 0)
(0 0 0)
(0 0 0)
(0 0 0)
(0 0 0)
(0 0 0)
(0 0 0)
(0 0 0)
(0 0 0)
(0 0 0)
(0 0 0)
(0 0 0)
(0 0 0)
(0 0 0)
(0 0 0)
(0 0 0)
(0 0 0)
(0 0 0)
(0 0 0)
(0 0 0)
(0 0 0)
(0 0 0)
(0 0 0)
(0 0 0)
(0 0 0)
(0 0 0)
(0 0 0)
(0 0 0)
(0 0 0)
(0 0 0)
(0 0 0)
(0 0 0)
(0 0 0)
(0 0 0)
(0 0 0)
(0 0 0)
(0 0 0)
(0 0 0)
(0 0 0)
(0 0 0)
(0 0 0)
(0 0 0)
(0 0 0)
(0 0 0)
(0 0 0)
(0 0 0)
(0 0 0)
(0 0 0)
(0 0 0)
(0 0 0)
(0 0 0)
(0 0 0)
(0 0 0)
(0 0 0)
(0 0 0)
(0 0 0)
(0 0 0)
(0 0 0)
(0 0 0)
(0 0 0)
(0 0 0)
(0 0 0)
(0 0 0)
(0 0 0)
(0 0 0)
(0 0 0)
(0 0 0)
(0 0 0)
(0 0 0)
(0 0 0)
(0 0 0)
(0 0 0)
(0 0 0)
(0 0 0)
(0 0 0)
(0 0 0)
(0 0 0)
(0 0 0)
(0 0 0)
(0 0 0)
(0 0 0)
(0 0 0)
(0 0 0)
(0 0 0)
(0 0 0)
(0 0 0)
(0 0 0)
(0 0 0)
(0 0 0)
(0 0 0)
(0 0 0)
(0 0 0)
(0 0 0)
(0 0 0)
(0 0 0)
(0 0 0)
(0 0 0)
(0 0 0)
(0 0 0)
(0 0 0)
(0 0 0)
(0 0 0)
(0 0 0)
(0 0 0)
(0 0 0)
(0 0 0)
(0 0 0)
(0 0 0)
(0 0 0)
(0 0 0)
(0 0 0)
(0 0 0)
(0 0 0)
(0 0 0)
(0 0 0)
(0 0 0)
(0 0 0)
(0 0 0)
(0 0 0)
(0 0 0)
(0 0 0)
(0 0 0)
(0 0 0)
(0 0 0)
(0 0 0)
(0 0 0)
(0 0 0)
(0 0 0)
(0 0 0)
(0 0 0)
(0 0 0)
(0 0 0)
(0 0 0)
(0 0 0)
(0 0 0)
(0 0 0)
(0 0 0)
(0 0 0)
(0 0 0)
(0 0 0)
(0 0 0)
(0 0 0)
(0 0 0)
(0 0 0)
(0 0 0)
(0 0 0)
(0 0 0)
(0 0 0)
(0 0 0)
(0 0 0)
(0 0 0)
(0 0 0)
(0 0 0)
(0 0 0)
(0 0 0)
(0 0 0)
(0 0 0)
(0 0 0)
(0 0 0)
(0 0 0)
(0 0 0)
(0 0 0)
(0 0 0)
(0 0 0)
(0 0 0)
(0 0 0)
(0 0 0)
(0 0 0)
(0 0 0)
(0 0 0)
(0 0 0)
(0 0 0)
(0 0 0)
(0 0 0)
(0 0 0)
(0 0 0)
(0 0 0)
(0 0 0)
(0 0 0)
(0 0 0)
(0 0 0)
(0 0 0)
(0 0 0)
(0 0 0)
(0 0 0)
(0 0 0)
(0 0 0)
(0 0 0)
(0 0 0)
(0 0 0)
(0 0 0)
(0 0 0)
(0 0 0)
(0 0 0)
(0 0 0)
(0 0 0)
(0 0 0)
(0 0 0)
(0 0 0)
(0 0 0)
(0 0 0)
(0 0 0)
(0 0 0)
(0 0 0)
(0 0 0)
(0 0 0)
(0 0 0)
(0 0 0)
(0 0 0)
(0 0 0)
(0 0 0)
(0 0 0)
(0 0 0)
(0 0 0)
(0 0 0)
(0 0 0)
(0 0 0)
(0 0 0)
(0 0 0)
(0 0 0)
(0 0 0)
(0 0 0)
(0 0 0)
(0 0 0)
(0 0 0)
(0 0 0)
(0 0 0)
(0 0 0)
(0 0 0)
(0 0 0)
(0 0 0)
(0 0 0)
(0 0 0)
(0 0 0)
(0 0 0)
(0 0 0)
(0 0 0)
(0 0 0)
(0 0 0)
(0 0 0)
(0 0 0)
(0 0 0)
(0 0 0)
(0 0 0)
(0 0 0)
(0 0 0)
(0 0 0)
(0 0 0)
(0 0 0)
(0 0 0)
(0 0 0)
(0 0 0)
(0 0 0)
(0 0 0)
(0 0 0)
(0 0 0)
(0 0 0)
(0 0 0)
(0 0 0)
(0 0 0)
(0 0 0)
(0 0 0)
(0 0 0)
(0 0 0)
(0 0 0)
(0 0 0)
(0 0 0)
(0 0 0)
(0 0 0)
(0 0 0)
(0 0 0)
(0 0 0)
(0 0 0)
(0 0 0)
(0 0 0)
(0 0 0)
(0 0 0)
(0 0 0)
(0 0 0)
(0 0 0)
(0 0 0)
(0 0 0)
(0 0 0)
(0 0 0)
(0 0 0)
(0 0 0)
(0 0 0)
(0 0 0)
(0 0 0)
(0 0 0)
(0 0 0)
(0 0 0)
(0 0 0)
(0 0 0)
(0 0 0)
(0 0 0)
(0 0 0)
(0 0 0)
(0 0 0)
(0 0 0)
(0 0 0)
(0 0 0)
(0 0 0)
(0 0 0)
(0 0 0)
(0 0 0)
(0 0 0)
(0 0 0)
(0 0 0)
(0 0 0)
(0 0 0)
(0 0 0)
(0 0 0)
(0 0 0)
(0 0 0)
(0 0 0)
(0 0 0)
(0 0 0)
(0 0 0)
(0 0 0)
(0 0 0)
(0 0 0)
(0 0 0)
(0 0 0)
(0 0 0)
(0 0 0)
(0 0 0)
(0 0 0)
(0 0 0)
(0 0 0)
(0 0 0)
(0 0 0)
(0 0 0)
(0 0 0)
(0 0 0)
(0 0 0)
(0 0 0)
(0 0 0)
(0 0 0)
(0 0 0)
(0 0 0)
(0 0 0)
(0 0 0)
(0 0 0)
(0 0 0)
(0 0 0)
(0 0 0)
(0 0 0)
(0 0 0)
(0 0 0)
(0 0 0)
(0 0 0)
(0 0 0)
(0 0 0)
(0 0 0)
(0 0 0)
(0 0 0)
(0 0 0)
(0 0 0)
(0 0 0)
(0 0 0)
(0 0 0)
(0 0 0)
(0 0 0)
(0 0 0)
(0 0 0)
(0 0 0)
(0 0 0)
(0 0 0)
(0 0 0)
(0 0 0)
(0 0 0)
(0 0 0)
(0 0 0)
(0 0 0)
(0 0 0)
(0 0 0)
(0 0 0)
(0 0 0)
(0 0 0)
(0 0 0)
(0 0 0)
(0 0 0)
(0 0 0)
(0 0 0)
(0 0 0)
(0 0 0)
(0 0 0)
(0 0 0)
(0 0 0)
(0 0 0)
(0 0 0)
(0 0 0)
(0 0 0)
(0 0 0)
(0 0 0)
(0 0 0)
(0 0 0)
(0 0 0)
(0 0 0)
(0 0 0)
(0 0 0)
(0 0 0)
(0 0 0)
(0 0 0)
(0 0 0)
(0 0 0)
(0 0 0)
(0 0 0)
(0 0 0)
(0 0 0)
(0 0 0)
(0 0 0)
(0 0 0)
(0 0 0)
(0 0 0)
(0 0 0)
(0 0 0)
(0 0 0)
(0 0 0)
(0 0 0)
(0 0 0)
(0 0 0)
(0 0 0)
(0 0 0)
(0 0 0)
(0 0 0)
(0 0 0)
(0 0 0)
(0 0 0)
(0 0 0)
(0 0 0)
(0 0 0)
(0 0 0)
(0 0 0)
(0 0 0)
(0 0 0)
(0 0 0)
(0 0 0)
(0 0 0)
(0 0 0)
(0 0 0)
(0 0 0)
(0 0 0)
(0 0 0)
(0 0 0)
(0 0 0)
(0 0 0)
(0 0 0)
(0 0 0)
(0 0 0)
(0 0 0)
(0 0 0)
(0 0 0)
(0 0 0)
(0 0 0)
(0 0 0)
(0 0 0)
(0 0 0)
(0 0 0)
(0 0 0)
(0 0 0)
(0 0 0)
(0 0 0)
(0 0 0)
(0 0 0)
(0 0 0)
(0 0 0)
(0 0 0)
(0 0 0)
(0 0 0)
(0 0 0)
(0 0 0)
(0 0 0)
(0 0 0)
(0 0 0)
(0 0 0)
(0 0 0)
(0 0 0)
(0 0 0)
(0 0 0)
(0 0 0)
(0 0 0)
(0 0 0)
(0 0 0)
(0 0 0)
(0 0 0)
(0 0 0)
(0 0 0)
(0 0 0)
(0 0 0)
(0 0 0)
(0 0 0)
(0 0 0)
(0 0 0)
(0 0 0)
(0 0 0)
(0 0 0)
(0 0 0)
(0 0 0)
(0 0 0)
(0 0 0)
(0 0 0)
(0 0 0)
(0 0 0)
(0 0 0)
(0 0 0)
(0 0 0)
(0 0 0)
(0 0 0)
(0 0 0)
(0 0 0)
(0 0 0)
(0 0 0)
(0 0 0)
(0 0 0)
(0 0 0)
(0 0 0)
(0 0 0)
(0 0 0)
(0 0 0)
)
;

boundaryField
{
    inlet
    {
        type            fixedValue;
        value           uniform (0 0 0);
    }
    outlet
    {
        type            fixedValue;
        value           uniform (0 0 0);
    }
    repeat_boundary
    {
        type            fixedValue;
        value           uniform (0 0 0);
    }
    procBoundary1to0
    {
        type            processor;
        value           nonuniform List<vector> 
450
(
(0 0 0)
(0 0 0)
(0 0 0)
(0 0 0)
(0 0 0)
(0 0 0)
(0 0 0)
(0 0 0)
(0 0 0)
(0 0 0)
(0 0 0)
(0 0 0)
(0 0 0)
(0 0 0)
(0 0 0)
(0 0 0)
(0 0 0)
(0 0 0)
(0 0 0)
(0 0 0)
(0 0 0)
(0 0 0)
(0 0 0)
(0 0 0)
(0 0 0)
(0 0 0)
(0 0 0)
(0 0 0)
(0 0 0)
(0 0 0)
(0 0 0)
(0 0 0)
(0 0 0)
(0 0 0)
(0 0 0)
(0 0 0)
(0 0 0)
(0 0 0)
(0 0 0)
(0 0 0)
(0 0 0)
(0 0 0)
(0 0 0)
(0 0 0)
(0 0 0)
(0 0 0)
(0 0 0)
(0 0 0)
(0 0 0)
(0 0 0)
(0 0 0)
(0 0 0)
(0 0 0)
(0 0 0)
(0 0 0)
(0 0 0)
(0 0 0)
(0 0 0)
(0 0 0)
(0 0 0)
(0 0 0)
(0 0 0)
(0 0 0)
(0 0 0)
(0 0 0)
(0 0 0)
(0 0 0)
(0 0 0)
(0 0 0)
(0 0 0)
(0 0 0)
(0 0 0)
(0 0 0)
(0 0 0)
(0 0 0)
(0 0 0)
(0 0 0)
(0 0 0)
(0 0 0)
(0 0 0)
(0 0 0)
(0 0 0)
(0 0 0)
(0 0 0)
(0 0 0)
(0 0 0)
(0 0 0)
(0 0 0)
(0 0 0)
(0 0 0)
(0 0 0)
(0 0 0)
(0 0 0)
(0 0 0)
(0 0 0)
(0 0 0)
(0 0 0)
(0 0 0)
(0 0 0)
(0 0 0)
(0 0 0)
(0 0 0)
(0 0 0)
(0 0 0)
(0 0 0)
(0 0 0)
(0 0 0)
(0 0 0)
(0 0 0)
(0 0 0)
(0 0 0)
(0 0 0)
(0 0 0)
(0 0 0)
(0 0 0)
(0 0 0)
(0 0 0)
(0 0 0)
(0 0 0)
(0 0 0)
(0 0 0)
(0 0 0)
(0 0 0)
(0 0 0)
(0 0 0)
(0 0 0)
(0 0 0)
(0 0 0)
(0 0 0)
(0 0 0)
(0 0 0)
(0 0 0)
(0 0 0)
(0 0 0)
(0 0 0)
(0 0 0)
(0 0 0)
(0 0 0)
(0 0 0)
(0 0 0)
(0 0 0)
(0 0 0)
(0 0 0)
(0 0 0)
(0 0 0)
(0 0 0)
(0 0 0)
(0 0 0)
(0 0 0)
(0 0 0)
(0 0 0)
(0 0 0)
(0 0 0)
(0 0 0)
(0 0 0)
(0 0 0)
(0 0 0)
(0 0 0)
(0 0 0)
(0 0 0)
(0 0 0)
(0 0 0)
(0 0 0)
(0 0 0)
(0 0 0)
(0 0 0)
(0 0 0)
(0 0 0)
(0 0 0)
(0 0 0)
(0 0 0)
(0 0 0)
(0 0 0)
(0 0 0)
(0 0 0)
(0 0 0)
(0 0 0)
(0 0 0)
(0 0 0)
(0 0 0)
(0 0 0)
(0 0 0)
(0 0 0)
(0 0 0)
(0 0 0)
(0 0 0)
(0 0 0)
(0 0 0)
(0 0 0)
(0 0 0)
(0 0 0)
(0 0 0)
(0 0 0)
(0 0 0)
(0 0 0)
(0 0 0)
(0 0 0)
(0 0 0)
(0 0 0)
(0 0 0)
(3.56999e-06 -2.597e-06 2.46075e-07)
(4.10363e-07 -4.01259e-06 1.51289e-06)
(-0.000117669 -1.82881e-05 1.32537e-06)
(7.50295e-06 -6.87241e-07 1.73426e-06)
(1.10873e-05 -2.29372e-06 1.68959e-07)
(8.70134e-06 3.31054e-07 -9.98221e-07)
(1.1883e-05 -1.9214e-06 2.3413e-06)
(1.11507e-05 1.07242e-07 2.16326e-06)
(1.18972e-05 -5.63557e-07 1.72827e-06)
(1.07613e-05 -4.09387e-06 -1.02206e-06)
(7.92899e-06 1.43569e-06 -4.43759e-06)
(1.22592e-05 1.81483e-06 7.66508e-07)
(1.75676e-05 8.39118e-06 4.64643e-06)
(1.2832e-05 3.37387e-08 2.72175e-06)
(1.0645e-05 -3.27298e-06 -2.36057e-06)
(9.29424e-06 2.52666e-06 -1.22322e-05)
(8.06301e-06 3.15302e-06 -3.5266e-06)
(1.08481e-05 2.54473e-06 -1.08161e-06)
(1.07008e-05 8.18322e-07 -2.83059e-06)
(9.91638e-06 -1.05892e-06 -3.88023e-06)
(8.65918e-06 3.24595e-06 -1.741e-05)
(6.50028e-06 1.31927e-06 -1.17586e-05)
(6.21248e-06 5.68203e-06 -1.21773e-05)
(2.47438e-06 2.08054e-06 -1.29607e-05)
(-9.57154e-06 2.93539e-06 -2.41511e-05)
(9.81767e-06 7.03316e-06 -1.45875e-05)
(1.55161e-06 1.01788e-05 -2.01796e-05)
(-1.1971e-07 1.04824e-05 -3.45496e-05)
(-3.79657e-06 9.38288e-06 -2.84034e-05)
(-1.17419e-05 1.23771e-05 -3.70916e-05)
(-5.28049e-07 1.48141e-05 -6.12154e-05)
(4.22359e-06 1.59457e-05 -6.32263e-05)
(1.84832e-06 1.01518e-05 -6.75713e-05)
(3.33411e-06 1.05797e-05 -7.67342e-05)
(8.61948e-06 9.91022e-06 -8.08785e-05)
(-1.21302e-05 1.69113e-05 -8.82705e-05)
(2.65326e-06 1.29423e-05 -0.000108134)
(-9.43201e-07 7.50621e-06 -0.000109865)
(-1.6667e-06 9.01373e-07 -0.00012064)
(-1.9117e-06 -5.05162e-06 -0.00011801)
(-1.14383e-05 -2.44148e-06 -0.000176152)
(-9.46977e-06 2.93037e-07 -0.000158815)
(-7.38441e-06 -2.70192e-06 -0.000146007)
(-1.60277e-05 -3.75711e-06 -0.000163277)
(-8.08586e-06 -2.92562e-06 -0.000152271)
(-1.34456e-05 7.91781e-06 -0.000202981)
(-5.59783e-06 1.32117e-05 -0.000181978)
(-1.36236e-05 -4.28289e-06 -0.000186934)
(-1.86701e-05 -7.90748e-07 -0.000191112)
(-1.28042e-05 -3.75893e-06 -0.000196893)
(-8.22391e-06 6.97597e-06 -0.000222699)
(-2.94684e-06 2.71951e-06 -0.000215403)
(-6.36947e-06 -8.46031e-06 -0.000213649)
(-7.20496e-06 -8.21862e-06 -0.000227461)
(-5.11331e-06 -1.23363e-05 -0.000227791)
(8.3298e-06 -1.04769e-05 -0.000241754)
(-4.59055e-06 -1.18116e-05 -0.000221102)
(1.52136e-05 1.12905e-05 -0.000223695)
(1.29799e-07 -5.40331e-06 -0.000239608)
(-4.3702e-06 -1.77563e-05 -0.000243859)
(0 0 0)
(0 0 0)
(2.054e-05 1.7057e-05 -0.000223003)
(0 0 0)
(0 0 0)
(0 0 0)
(0 0 0)
(0 0 0)
(0 0 0)
(0 0 0)
(0 0 0)
(0 0 0)
(0 0 0)
(0 0 0)
(0 0 0)
(0 0 0)
(0 0 0)
(0 0 0)
(0 0 0)
(0 0 0)
(0 0 0)
(0 0 0)
(0 0 0)
(0 0 0)
(0 0 0)
(0 0 0)
(0 0 0)
(0 0 0)
(0 0 0)
(0 0 0)
(0 0 0)
(0 0 0)
(0 0 0)
(0 0 0)
(0 0 0)
(0 0 0)
(0 0 0)
(0 0 0)
(0 0 0)
(0 0 0)
(0 0 0)
(0 0 0)
(0 0 0)
(0 0 0)
(0 0 0)
(0 0 0)
(0 0 0)
(0 0 0)
(0 0 0)
(0 0 0)
(0 0 0)
(0 0 0)
(0 0 0)
(0 0 0)
(0 0 0)
(0 0 0)
(0 0 0)
(0 0 0)
(0 0 0)
(0 0 0)
(0 0 0)
(0 0 0)
(0 0 0)
(0 0 0)
(0 0 0)
(0 0 0)
(0 0 0)
(0 0 0)
(0 0 0)
(0 0 0)
(0 0 0)
(0 0 0)
(0 0 0)
(0 0 0)
(0 0 0)
(0 0 0)
(0 0 0)
(0 0 0)
(0 0 0)
(0 0 0)
(0 0 0)
(0 0 0)
(0 0 0)
(0 0 0)
(0 0 0)
(0 0 0)
(0 0 0)
(0 0 0)
(0 0 0)
(0 0 0)
(0 0 0)
(0 0 0)
(0 0 0)
(0 0 0)
(0 0 0)
(0 0 0)
(0 0 0)
(0 0 0)
(0 0 0)
(0 0 0)
(0 0 0)
(0 0 0)
(0 0 0)
(0 0 0)
(0 0 0)
(0 0 0)
(0 0 0)
(0 0 0)
(0 0 0)
(0 0 0)
(0 0 0)
(0 0 0)
(0 0 0)
(0 0 0)
(0 0 0)
(0 0 0)
(0 0 0)
(0 0 0)
(0 0 0)
(0 0 0)
(0 0 0)
(0 0 0)
(0 0 0)
(0 0 0)
(0 0 0)
(0 0 0)
(0 0 0)
(0 0 0)
(0 0 0)
(0 0 0)
(0 0 0)
(0 0 0)
(0 0 0)
(0 0 0)
(0 0 0)
(0 0 0)
(0 0 0)
(0 0 0)
(0 0 0)
(0 0 0)
(0 0 0)
(0 0 0)
(0 0 0)
(0 0 0)
(0 0 0)
(0 0 0)
(0 0 0)
(0 0 0)
(0 0 0)
(0 0 0)
(0 0 0)
(0 0 0)
(0 0 0)
(0 0 0)
(0 0 0)
(0 0 0)
(0 0 0)
(0 0 0)
(0 0 0)
(0 0 0)
(0 0 0)
(0 0 0)
(0 0 0)
(0 0 0)
(0 0 0)
(0 0 0)
(0 0 0)
(0 0 0)
(0 0 0)
(0 0 0)
(0 0 0)
(0 0 0)
(0 0 0)
(0 0 0)
(0 0 0)
(0 0 0)
(0 0 0)
(0 0 0)
(0 0 0)
(0 0 0)
(0 0 0)
(0 0 0)
(0 0 0)
(0 0 0)
(0 0 0)
(0 0 0)
(0 0 0)
(0 0 0)
(0 0 0)
(0 0 0)
)
;
    }
    procBoundary1to3
    {
        type            processor;
        value           nonuniform List<vector> 
450
(
(0 0 0)
(0 0 0)
(0 0 0)
(0 0 0)
(0 0 0)
(0 0 0)
(0 0 0)
(0 0 0)
(0 0 0)
(0 0 0)
(0 0 0)
(0 0 0)
(0 0 0)
(0 0 0)
(0 0 0)
(0 0 0)
(0 0 0)
(0 0 0)
(0 0 0)
(0 0 0)
(0 0 0)
(0 0 0)
(0 0 0)
(0 0 0)
(0 0 0)
(0 0 0)
(0 0 0)
(0 0 0)
(0 0 0)
(0 0 0)
(0 0 0)
(0 0 0)
(0 0 0)
(0 0 0)
(0 0 0)
(0 0 0)
(0 0 0)
(0 0 0)
(0 0 0)
(0 0 0)
(0 0 0)
(0 0 0)
(0 0 0)
(0 0 0)
(0 0 0)
(0 0 0)
(0 0 0)
(0 0 0)
(0 0 0)
(0 0 0)
(0 0 0)
(0 0 0)
(0 0 0)
(0 0 0)
(0 0 0)
(0 0 0)
(0 0 0)
(0 0 0)
(0 0 0)
(0 0 0)
(0 0 0)
(0 0 0)
(0 0 0)
(0 0 0)
(0 0 0)
(0 0 0)
(0 0 0)
(0 0 0)
(0 0 0)
(0 0 0)
(0 0 0)
(0 0 0)
(0 0 0)
(0 0 0)
(0 0 0)
(0 0 0)
(0 0 0)
(0 0 0)
(0 0 0)
(0 0 0)
(0 0 0)
(0 0 0)
(0 0 0)
(0 0 0)
(0 0 0)
(0 0 0)
(0 0 0)
(0 0 0)
(0 0 0)
(0 0 0)
(0 0 0)
(0 0 0)
(0 0 0)
(0 0 0)
(0 0 0)
(0 0 0)
(0 0 0)
(0 0 0)
(0 0 0)
(0 0 0)
(0 0 0)
(0 0 0)
(0 0 0)
(0 0 0)
(0 0 0)
(0 0 0)
(0 0 0)
(0 0 0)
(0 0 0)
(0 0 0)
(0 0 0)
(0 0 0)
(0 0 0)
(0 0 0)
(0 0 0)
(0 0 0)
(0 0 0)
(0 0 0)
(0 0 0)
(0 0 0)
(0 0 0)
(0 0 0)
(0 0 0)
(0 0 0)
(0 0 0)
(0 0 0)
(0 0 0)
(0 0 0)
(0 0 0)
(0 0 0)
(0 0 0)
(0 0 0)
(0 0 0)
(0 0 0)
(0 0 0)
(0 0 0)
(0 0 0)
(0 0 0)
(0 0 0)
(0 0 0)
(0 0 0)
(0 0 0)
(0 0 0)
(0 0 0)
(0 0 0)
(0 0 0)
(0 0 0)
(0 0 0)
(0 0 0)
(0 0 0)
(0 0 0)
(0 0 0)
(0 0 0)
(0 0 0)
(0 0 0)
(0 0 0)
(0 0 0)
(0 0 0)
(0 0 0)
(0 0 0)
(0 0 0)
(0 0 0)
(0 0 0)
(0 0 0)
(0 0 0)
(0 0 0)
(0 0 0)
(0 0 0)
(0 0 0)
(0 0 0)
(0 0 0)
(0 0 0)
(0 0 0)
(0 0 0)
(0 0 0)
(0 0 0)
(0 0 0)
(0 0 0)
(0 0 0)
(0 0 0)
(0 0 0)
(0 0 0)
(0 0 0)
(0 0 0)
(0 0 0)
(0 0 0)
(0 0 0)
(0 0 0)
(0 0 0)
(0 0 0)
(0 0 0)
(0 0 0)
(0 0 0)
(0 0 0)
(0 0 0)
(0 0 0)
(0 0 0)
(0 0 0)
(0 0 0)
(0 0 0)
(1.27818e-06 -3.45512e-06 2.2491e-06)
(3.19065e-06 -3.29573e-06 1.49985e-06)
(5.00147e-06 -5.5429e-06 3.45712e-07)
(4.67687e-06 -3.3981e-06 2.60069e-08)
(4.29631e-06 -3.81308e-06 -5.59796e-08)
(8.72653e-06 -7.51939e-06 4.23494e-06)
(1.07485e-05 -7.73188e-06 4.30643e-06)
(9.83359e-06 -7.52219e-06 2.48569e-06)
(8.14134e-06 -5.85018e-06 -1.09199e-06)
(7.38088e-06 -5.84523e-06 -1.46477e-06)
(8.70541e-06 -7.2359e-06 1.74111e-06)
(1.01371e-05 -6.35674e-06 2.76532e-06)
(7.17712e-06 -5.15427e-06 3.87131e-06)
(9.7966e-06 -6.8649e-06 -2.45886e-06)
(9.21552e-06 -5.3576e-06 -6.97828e-06)
(7.55842e-06 -4.72796e-06 -4.97402e-06)
(5.3391e-06 -5.37029e-06 -2.70534e-06)
(3.07598e-06 -3.83238e-06 -3.1075e-06)
(5.17508e-06 -3.97358e-06 -1.07486e-05)
(5.59557e-06 -4.33411e-06 -1.10397e-05)
(1.94179e-06 4.62876e-07 -1.474e-05)
(2.823e-06 -3.61392e-07 -1.39389e-05)
(-2.65129e-06 -1.9747e-06 -1.55722e-05)
(-3.70175e-06 -2.13749e-06 -2.42267e-05)
(-2.99016e-06 -6.68184e-07 -2.50176e-05)
(-1.64932e-06 2.06612e-05 -3.3918e-05)
(2.80062e-07 9.57701e-06 -3.13404e-05)
(2.10629e-07 1.108e-05 -3.80956e-05)
(-1.91791e-06 2.77029e-06 -3.79589e-05)
(-4.25685e-06 4.72799e-06 -4.12548e-05)
(-4.55149e-06 -3.3893e-06 -7.0914e-05)
(-5.27902e-06 1.09693e-05 -6.40624e-05)
(-2.87467e-06 2.14322e-05 -6.54874e-05)
(3.23686e-06 9.98757e-06 -6.62187e-05)
(4.54989e-06 4.65932e-06 -7.8158e-05)
(-1.32804e-05 -1.33409e-06 -0.000113933)
(-1.34671e-05 -1.75038e-06 -0.000113492)
(-1.02003e-05 1.17942e-05 -0.000113986)
(-1.82352e-06 1.05359e-05 -0.000107208)
(-1.53473e-06 5.90127e-06 -0.000115345)
(-1.53421e-05 -2.08606e-06 -0.00013214)
(-1.59514e-05 -5.56566e-06 -0.000155963)
(-2.03548e-05 -6.52451e-06 -0.000154577)
(-1.84381e-05 -8.67009e-06 -0.000132663)
(-2.84159e-06 -6.96332e-07 -0.000136753)
(-1.13811e-05 -4.52898e-06 -0.000195197)
(-2.69521e-05 -1.17346e-05 -0.000194282)
(-2.3924e-05 -1.48118e-05 -0.000189023)
(-1.55972e-05 -1.05641e-05 -0.000178736)
(-2.16297e-06 -4.09097e-06 -0.000184261)
(-1.34096e-05 -1.89675e-05 -0.000227025)
(-2.68145e-05 -1.94538e-05 -0.000216014)
(-2.43884e-05 -2.17009e-05 -0.000217939)
(-1.60141e-05 -5.76498e-06 -0.000227451)
(-7.74957e-06 -3.06991e-06 -0.000215409)
(-1.90244e-05 -2.96783e-05 -0.000233486)
(-2.76261e-05 -2.34328e-05 -0.000224646)
(-3.058e-05 -3.10218e-05 -0.000248047)
(-1.92434e-05 5.20196e-07 -0.000242415)
(-1.42101e-05 3.14965e-06 -0.000236779)
(0 0 0)
(0 0 0)
(-4.1145e-05 -2.92865e-05 -0.000264203)
(-3.16665e-05 -3.475e-05 -0.000261015)
(-1.82027e-05 8.68434e-07 -0.000241955)
(0 0 0)
(0 0 0)
(0 0 0)
(0 0 0)
(0 0 0)
(0 0 0)
(0 0 0)
(0 0 0)
(0 0 0)
(0 0 0)
(0 0 0)
(0 0 0)
(0 0 0)
(0 0 0)
(0 0 0)
(0 0 0)
(0 0 0)
(0 0 0)
(0 0 0)
(0 0 0)
(0 0 0)
(0 0 0)
(0 0 0)
(0 0 0)
(0 0 0)
(0 0 0)
(0 0 0)
(0 0 0)
(0 0 0)
(0 0 0)
(0 0 0)
(0 0 0)
(0 0 0)
(0 0 0)
(0 0 0)
(0 0 0)
(0 0 0)
(0 0 0)
(0 0 0)
(0 0 0)
(0 0 0)
(0 0 0)
(0 0 0)
(0 0 0)
(0 0 0)
(0 0 0)
(0 0 0)
(0 0 0)
(0 0 0)
(0 0 0)
(0 0 0)
(0 0 0)
(0 0 0)
(0 0 0)
(0 0 0)
(0 0 0)
(0 0 0)
(0 0 0)
(0 0 0)
(0 0 0)
(0 0 0)
(0 0 0)
(0 0 0)
(0 0 0)
(0 0 0)
(0 0 0)
(0 0 0)
(0 0 0)
(0 0 0)
(0 0 0)
(0 0 0)
(0 0 0)
(0 0 0)
(0 0 0)
(0 0 0)
(0 0 0)
(0 0 0)
(0 0 0)
(0 0 0)
(0 0 0)
(0 0 0)
(0 0 0)
(0 0 0)
(0 0 0)
(0 0 0)
(0 0 0)
(0 0 0)
(0 0 0)
(0 0 0)
(0 0 0)
(0 0 0)
(0 0 0)
(0 0 0)
(0 0 0)
(0 0 0)
(0 0 0)
(0 0 0)
(0 0 0)
(0 0 0)
(0 0 0)
(0 0 0)
(0 0 0)
(0 0 0)
(0 0 0)
(0 0 0)
(0 0 0)
(0 0 0)
(0 0 0)
(0 0 0)
(0 0 0)
(0 0 0)
(0 0 0)
(0 0 0)
(0 0 0)
(0 0 0)
(0 0 0)
(0 0 0)
(0 0 0)
(0 0 0)
(0 0 0)
(0 0 0)
(0 0 0)
(0 0 0)
(0 0 0)
(0 0 0)
(0 0 0)
(0 0 0)
(0 0 0)
(0 0 0)
(0 0 0)
(0 0 0)
(0 0 0)
(0 0 0)
(0 0 0)
(0 0 0)
(0 0 0)
(0 0 0)
(0 0 0)
(0 0 0)
(0 0 0)
(0 0 0)
(0 0 0)
(0 0 0)
(0 0 0)
(0 0 0)
(0 0 0)
(0 0 0)
(0 0 0)
(0 0 0)
(0 0 0)
(0 0 0)
(0 0 0)
(0 0 0)
(0 0 0)
(0 0 0)
(0 0 0)
(0 0 0)
(0 0 0)
(0 0 0)
(0 0 0)
(0 0 0)
(0 0 0)
(0 0 0)
(0 0 0)
(0 0 0)
(0 0 0)
(0 0 0)
(0 0 0)
(0 0 0)
(0 0 0)
(0 0 0)
(0 0 0)
(0 0 0)
(0 0 0)
(0 0 0)
(0 0 0)
(0 0 0)
(0 0 0)
(0 0 0)
(0 0 0)
(0 0 0)
(0 0 0)
(0 0 0)
(0 0 0)
(0 0 0)
)
;
    }
}


// ************************************************************************* //
