/*--------------------------------*- C++ -*----------------------------------*\
| =========                 |                                                 |
| \\      /  F ield         | OpenFOAM: The Open Source CFD Toolbox           |
|  \\    /   O peration     | Version:  5.x                                   |
|   \\  /    A nd           | Web:      www.OpenFOAM.org                      |
|    \\/     M anipulation  |                                                 |
\*---------------------------------------------------------------------------*/
FoamFile
{
    version     2.0;
    format      ascii;
    class       volVectorField;
    location    "0.1";
    object      Us;
}
// * * * * * * * * * * * * * * * * * * * * * * * * * * * * * * * * * * * * * //

dimensions      [0 1 -1 0 0 0 0];

internalField   nonuniform List<vector> 
2250
(
(0 0 0)
(0 0 0)
(0 0 0)
(0 0 0)
(0 0 0)
(0 0 0)
(0 0 0)
(0 0 0)
(0 0 0)
(0 0 0)
(0 0 0)
(0 0 0)
(0 0 0)
(0 0 0)
(0 0 0)
(0 0 0)
(0 0 0)
(0 0 0)
(0 0 0)
(0 0 0)
(0 0 0)
(0 0 0)
(0 0 0)
(0 0 0)
(0 0 0)
(0 0 0)
(0 0 0)
(0 0 0)
(0 0 0)
(0 0 0)
(0 0 0)
(0 0 0)
(0 0 0)
(0 0 0)
(0 0 0)
(0 0 0)
(0 0 0)
(0 0 0)
(0 0 0)
(0 0 0)
(0 0 0)
(0 0 0)
(0 0 0)
(0 0 0)
(0 0 0)
(0 0 0)
(0 0 0)
(0 0 0)
(0 0 0)
(0 0 0)
(0 0 0)
(0 0 0)
(0 0 0)
(0 0 0)
(0 0 0)
(0 0 0)
(0 0 0)
(0 0 0)
(0 0 0)
(0 0 0)
(0 0 0)
(0 0 0)
(0 0 0)
(0 0 0)
(0 0 0)
(0 0 0)
(0 0 0)
(0 0 0)
(0 0 0)
(0 0 0)
(0 0 0)
(0 0 0)
(0 0 0)
(0 0 0)
(0 0 0)
(0 0 0)
(0 0 0)
(0 0 0)
(0 0 0)
(0 0 0)
(0 0 0)
(0 0 0)
(0 0 0)
(0 0 0)
(0 0 0)
(0 0 0)
(0 0 0)
(0 0 0)
(0 0 0)
(0 0 0)
(0 0 0)
(0 0 0)
(0 0 0)
(0 0 0)
(0 0 0)
(0 0 0)
(0 0 0)
(0 0 0)
(0 0 0)
(0 0 0)
(0 0 0)
(0 0 0)
(0 0 0)
(0 0 0)
(0 0 0)
(0 0 0)
(0 0 0)
(0 0 0)
(0 0 0)
(0 0 0)
(0 0 0)
(0 0 0)
(0 0 0)
(0 0 0)
(0 0 0)
(0 0 0)
(0 0 0)
(0 0 0)
(0 0 0)
(0 0 0)
(0 0 0)
(0 0 0)
(0 0 0)
(0 0 0)
(0 0 0)
(0 0 0)
(0 0 0)
(0 0 0)
(0 0 0)
(0 0 0)
(0 0 0)
(0 0 0)
(0 0 0)
(0 0 0)
(0 0 0)
(0 0 0)
(0 0 0)
(0 0 0)
(0 0 0)
(0 0 0)
(0 0 0)
(0 0 0)
(0 0 0)
(0 0 0)
(0 0 0)
(0 0 0)
(0 0 0)
(0 0 0)
(0 0 0)
(0 0 0)
(0 0 0)
(0 0 0)
(0 0 0)
(0 0 0)
(0 0 0)
(0 0 0)
(0 0 0)
(0 0 0)
(0 0 0)
(0 0 0)
(0 0 0)
(0 0 0)
(0 0 0)
(0 0 0)
(0 0 0)
(0 0 0)
(0 0 0)
(0 0 0)
(0 0 0)
(0 0 0)
(0 0 0)
(0 0 0)
(0 0 0)
(0 0 0)
(0 0 0)
(0 0 0)
(0 0 0)
(0 0 0)
(0 0 0)
(0 0 0)
(0 0 0)
(0 0 0)
(0 0 0)
(0 0 0)
(0 0 0)
(0 0 0)
(0 0 0)
(0 0 0)
(0 0 0)
(0 0 0)
(0 0 0)
(0 0 0)
(0 0 0)
(0 0 0)
(0 0 0)
(0 0 0)
(0 0 0)
(0 0 0)
(0 0 0)
(0 0 0)
(0 0 0)
(0 0 0)
(0 0 0)
(0 0 0)
(0 0 0)
(0 0 0)
(0 0 0)
(0 0 0)
(0 0 0)
(0 0 0)
(0 0 0)
(0 0 0)
(0 0 0)
(0 0 0)
(0 0 0)
(0 0 0)
(0 0 0)
(0 0 0)
(0 0 0)
(0 0 0)
(0 0 0)
(0 0 0)
(0 0 0)
(0 0 0)
(0 0 0)
(0 0 0)
(0 0 0)
(0 0 0)
(0 0 0)
(0 0 0)
(0 0 0)
(0 0 0)
(0 0 0)
(0 0 0)
(0 0 0)
(0 0 0)
(0 0 0)
(0 0 0)
(0 0 0)
(0 0 0)
(0 0 0)
(0 0 0)
(0 0 0)
(0 0 0)
(0 0 0)
(0 0 0)
(0 0 0)
(0 0 0)
(0 0 0)
(0 0 0)
(0 0 0)
(0 0 0)
(0 0 0)
(0 0 0)
(0 0 0)
(0 0 0)
(0 0 0)
(0 0 0)
(0 0 0)
(0 0 0)
(0 0 0)
(0 0 0)
(0 0 0)
(0 0 0)
(0 0 0)
(0 0 0)
(0 0 0)
(0 0 0)
(0 0 0)
(0 0 0)
(0 0 0)
(0 0 0)
(0 0 0)
(0 0 0)
(0 0 0)
(0 0 0)
(0 0 0)
(0 0 0)
(0 0 0)
(0 0 0)
(0 0 0)
(0 0 0)
(0 0 0)
(0 0 0)
(0 0 0)
(0 0 0)
(0 0 0)
(0 0 0)
(0 0 0)
(0 0 0)
(0 0 0)
(0 0 0)
(0 0 0)
(0 0 0)
(0 0 0)
(0 0 0)
(0 0 0)
(0 0 0)
(0 0 0)
(0 0 0)
(0 0 0)
(0 0 0)
(0 0 0)
(0 0 0)
(0 0 0)
(0 0 0)
(0 0 0)
(0 0 0)
(0 0 0)
(0 0 0)
(0 0 0)
(0 0 0)
(0 0 0)
(0 0 0)
(0 0 0)
(0 0 0)
(0 0 0)
(0 0 0)
(0 0 0)
(0 0 0)
(0 0 0)
(0 0 0)
(0 0 0)
(0 0 0)
(0 0 0)
(0 0 0)
(0 0 0)
(0 0 0)
(0 0 0)
(0 0 0)
(0 0 0)
(0 0 0)
(0 0 0)
(0 0 0)
(0 0 0)
(0 0 0)
(0 0 0)
(0 0 0)
(0 0 0)
(0 0 0)
(0 0 0)
(0 0 0)
(0 0 0)
(0 0 0)
(0 0 0)
(0 0 0)
(0 0 0)
(0 0 0)
(0 0 0)
(0 0 0)
(0 0 0)
(0 0 0)
(0 0 0)
(0 0 0)
(0 0 0)
(0 0 0)
(0 0 0)
(0 0 0)
(0 0 0)
(0 0 0)
(0 0 0)
(0 0 0)
(0 0 0)
(0 0 0)
(0 0 0)
(0 0 0)
(0 0 0)
(0 0 0)
(0 0 0)
(0 0 0)
(0 0 0)
(0 0 0)
(0 0 0)
(0 0 0)
(0 0 0)
(0 0 0)
(0 0 0)
(0 0 0)
(0 0 0)
(0 0 0)
(0 0 0)
(0 0 0)
(0 0 0)
(0 0 0)
(0 0 0)
(0 0 0)
(0 0 0)
(0 0 0)
(0 0 0)
(0 0 0)
(0 0 0)
(0 0 0)
(0 0 0)
(0 0 0)
(0 0 0)
(0 0 0)
(0 0 0)
(0 0 0)
(0 0 0)
(0 0 0)
(0 0 0)
(0 0 0)
(0 0 0)
(0 0 0)
(0 0 0)
(0 0 0)
(0 0 0)
(0 0 0)
(0 0 0)
(0 0 0)
(0 0 0)
(0 0 0)
(0 0 0)
(0 0 0)
(0 0 0)
(0 0 0)
(0 0 0)
(0 0 0)
(0 0 0)
(0 0 0)
(0 0 0)
(0 0 0)
(0 0 0)
(0 0 0)
(0 0 0)
(0 0 0)
(0 0 0)
(0 0 0)
(0 0 0)
(0 0 0)
(0 0 0)
(0 0 0)
(0 0 0)
(0 0 0)
(0 0 0)
(0 0 0)
(0 0 0)
(0 0 0)
(0 0 0)
(0 0 0)
(0 0 0)
(0 0 0)
(0 0 0)
(0 0 0)
(0 0 0)
(0 0 0)
(0 0 0)
(0 0 0)
(0 0 0)
(0 0 0)
(0 0 0)
(0 0 0)
(0 0 0)
(0 0 0)
(0 0 0)
(0 0 0)
(0 0 0)
(0 0 0)
(0 0 0)
(0 0 0)
(0 0 0)
(0 0 0)
(0 0 0)
(0 0 0)
(0 0 0)
(0 0 0)
(0 0 0)
(0 0 0)
(0 0 0)
(0 0 0)
(0 0 0)
(0 0 0)
(0 0 0)
(0 0 0)
(0 0 0)
(0 0 0)
(0 0 0)
(0 0 0)
(0 0 0)
(0 0 0)
(0 0 0)
(0 0 0)
(0 0 0)
(0 0 0)
(0 0 0)
(0 0 0)
(0 0 0)
(0 0 0)
(0 0 0)
(0 0 0)
(0 0 0)
(0 0 0)
(0 0 0)
(0 0 0)
(0 0 0)
(0 0 0)
(0 0 0)
(0 0 0)
(0 0 0)
(0 0 0)
(0 0 0)
(0 0 0)
(0 0 0)
(0 0 0)
(0 0 0)
(0 0 0)
(0 0 0)
(0 0 0)
(0 0 0)
(0 0 0)
(0 0 0)
(0 0 0)
(0 0 0)
(0 0 0)
(0 0 0)
(0 0 0)
(0 0 0)
(0 0 0)
(0 0 0)
(0 0 0)
(0 0 0)
(0 0 0)
(0 0 0)
(0 0 0)
(0 0 0)
(0 0 0)
(0 0 0)
(0 0 0)
(0 0 0)
(0 0 0)
(0 0 0)
(0 0 0)
(0 0 0)
(0 0 0)
(0 0 0)
(0 0 0)
(0 0 0)
(0 0 0)
(0 0 0)
(0 0 0)
(0 0 0)
(0 0 0)
(0 0 0)
(0 0 0)
(0 0 0)
(0 0 0)
(0 0 0)
(0 0 0)
(0 0 0)
(0 0 0)
(0 0 0)
(0 0 0)
(0 0 0)
(0 0 0)
(0 0 0)
(0 0 0)
(0 0 0)
(0 0 0)
(0 0 0)
(0 0 0)
(0 0 0)
(0 0 0)
(0 0 0)
(0 0 0)
(0 0 0)
(0 0 0)
(0 0 0)
(0 0 0)
(0 0 0)
(0 0 0)
(0 0 0)
(0 0 0)
(0 0 0)
(0 0 0)
(0 0 0)
(0 0 0)
(0 0 0)
(0 0 0)
(0 0 0)
(0 0 0)
(0 0 0)
(0 0 0)
(0 0 0)
(0 0 0)
(0 0 0)
(0 0 0)
(0 0 0)
(0 0 0)
(0 0 0)
(0 0 0)
(0 0 0)
(0 0 0)
(0 0 0)
(0 0 0)
(0 0 0)
(0 0 0)
(0 0 0)
(0 0 0)
(0 0 0)
(0 0 0)
(0 0 0)
(0 0 0)
(0 0 0)
(0 0 0)
(0 0 0)
(0 0 0)
(0 0 0)
(0 0 0)
(0 0 0)
(0 0 0)
(0 0 0)
(0 0 0)
(0 0 0)
(0 0 0)
(0 0 0)
(0 0 0)
(0 0 0)
(0 0 0)
(0 0 0)
(0 0 0)
(0 0 0)
(0 0 0)
(0 0 0)
(0 0 0)
(0 0 0)
(0 0 0)
(0 0 0)
(0 0 0)
(0 0 0)
(0 0 0)
(0 0 0)
(0 0 0)
(0 0 0)
(0 0 0)
(0 0 0)
(0 0 0)
(0 0 0)
(0 0 0)
(0 0 0)
(0 0 0)
(0 0 0)
(0 0 0)
(0 0 0)
(0 0 0)
(0 0 0)
(0 0 0)
(0 0 0)
(0 0 0)
(0 0 0)
(0 0 0)
(0 0 0)
(0 0 0)
(0 0 0)
(0 0 0)
(0 0 0)
(0 0 0)
(0 0 0)
(0 0 0)
(0 0 0)
(0 0 0)
(0 0 0)
(0 0 0)
(0 0 0)
(0 0 0)
(0 0 0)
(0 0 0)
(0 0 0)
(0 0 0)
(0 0 0)
(0 0 0)
(0 0 0)
(0 0 0)
(0 0 0)
(0 0 0)
(0 0 0)
(0 0 0)
(0 0 0)
(0 0 0)
(0 0 0)
(0 0 0)
(0 0 0)
(0 0 0)
(0 0 0)
(0 0 0)
(0 0 0)
(0 0 0)
(0 0 0)
(0 0 0)
(0 0 0)
(0 0 0)
(0 0 0)
(0 0 0)
(0 0 0)
(0 0 0)
(0 0 0)
(0 0 0)
(0 0 0)
(0 0 0)
(0 0 0)
(0 0 0)
(0 0 0)
(0 0 0)
(0 0 0)
(0 0 0)
(0 0 0)
(0 0 0)
(0 0 0)
(0 0 0)
(0 0 0)
(0 0 0)
(0 0 0)
(0 0 0)
(0 0 0)
(0 0 0)
(0 0 0)
(0 0 0)
(0 0 0)
(0 0 0)
(0 0 0)
(0 0 0)
(0 0 0)
(0 0 0)
(0 0 0)
(0 0 0)
(0 0 0)
(0 0 0)
(0 0 0)
(0 0 0)
(0 0 0)
(0 0 0)
(0 0 0)
(0 0 0)
(0 0 0)
(0 0 0)
(0 0 0)
(0 0 0)
(0 0 0)
(0 0 0)
(0 0 0)
(0 0 0)
(0 0 0)
(0 0 0)
(0 0 0)
(0 0 0)
(0 0 0)
(0 0 0)
(0 0 0)
(0 0 0)
(0 0 0)
(0 0 0)
(0 0 0)
(0 0 0)
(0 0 0)
(0 0 0)
(0 0 0)
(0 0 0)
(0 0 0)
(0 0 0)
(0 0 0)
(0 0 0)
(0 0 0)
(0 0 0)
(0 0 0)
(0 0 0)
(0 0 0)
(0 0 0)
(0 0 0)
(0 0 0)
(0 0 0)
(0 0 0)
(0 0 0)
(0 0 0)
(0 0 0)
(0 0 0)
(0 0 0)
(0 0 0)
(0 0 0)
(0 0 0)
(0 0 0)
(0 0 0)
(0 0 0)
(0 0 0)
(0 0 0)
(0 0 0)
(0 0 0)
(0 0 0)
(0 0 0)
(0 0 0)
(0 0 0)
(0 0 0)
(0 0 0)
(0 0 0)
(0 0 0)
(0 0 0)
(0 0 0)
(0 0 0)
(0 0 0)
(0 0 0)
(0 0 0)
(0 0 0)
(0 0 0)
(0 0 0)
(0 0 0)
(0 0 0)
(0 0 0)
(0 0 0)
(0 0 0)
(0 0 0)
(0 0 0)
(0 0 0)
(0 0 0)
(0 0 0)
(0 0 0)
(0 0 0)
(0 0 0)
(0 0 0)
(0 0 0)
(0 0 0)
(0 0 0)
(0 0 0)
(0 0 0)
(0 0 0)
(0 0 0)
(0 0 0)
(0 0 0)
(0 0 0)
(0 0 0)
(0 0 0)
(0 0 0)
(0 0 0)
(0 0 0)
(0 0 0)
(0 0 0)
(0 0 0)
(0 0 0)
(0 0 0)
(0 0 0)
(0 0 0)
(0 0 0)
(0 0 0)
(0 0 0)
(0 0 0)
(0 0 0)
(0 0 0)
(0 0 0)
(0 0 0)
(0 0 0)
(0 0 0)
(0 0 0)
(0 0 0)
(0 0 0)
(0 0 0)
(0 0 0)
(0 0 0)
(0 0 0)
(0 0 0)
(0 0 0)
(0 0 0)
(0 0 0)
(0 0 0)
(0 0 0)
(0 0 0)
(0 0 0)
(0 0 0)
(0 0 0)
(0 0 0)
(0 0 0)
(0 0 0)
(0 0 0)
(0 0 0)
(0 0 0)
(0 0 0)
(0 0 0)
(0 0 0)
(0 0 0)
(0 0 0)
(0 0 0)
(0 0 0)
(0 0 0)
(0 0 0)
(0 0 0)
(0 0 0)
(0 0 0)
(0 0 0)
(0 0 0)
(0 0 0)
(0 0 0)
(0 0 0)
(0 0 0)
(0 0 0)
(0 0 0)
(0 0 0)
(0 0 0)
(0 0 0)
(0 0 0)
(0 0 0)
(0 0 0)
(0 0 0)
(0 0 0)
(0 0 0)
(0 0 0)
(0 0 0)
(0 0 0)
(0 0 0)
(0 0 0)
(0 0 0)
(0 0 0)
(0 0 0)
(0 0 0)
(0 0 0)
(0 0 0)
(0 0 0)
(0 0 0)
(0 0 0)
(0 0 0)
(0 0 0)
(0 0 0)
(0 0 0)
(0 0 0)
(0 0 0)
(0 0 0)
(0 0 0)
(0 0 0)
(0 0 0)
(0 0 0)
(0 0 0)
(0 0 0)
(0 0 0)
(0 0 0)
(0 0 0)
(0 0 0)
(0 0 0)
(0 0 0)
(0 0 0)
(0 0 0)
(0 0 0)
(0 0 0)
(0 0 0)
(0 0 0)
(0 0 0)
(0 0 0)
(0 0 0)
(0 0 0)
(0 0 0)
(0 0 0)
(0 0 0)
(0 0 0)
(0 0 0)
(0 0 0)
(0 0 0)
(0 0 0)
(0 0 0)
(0 0 0)
(0 0 0)
(0 0 0)
(0 0 0)
(0 0 0)
(0 0 0)
(0 0 0)
(0 0 0)
(0 0 0)
(0 0 0)
(0 0 0)
(0 0 0)
(0 0 0)
(0 0 0)
(0 0 0)
(0 0 0)
(0 0 0)
(0 0 0)
(0 0 0)
(0 0 0)
(0 0 0)
(0 0 0)
(0 0 0)
(0 0 0)
(0 0 0)
(0 0 0)
(0 0 0)
(0 0 0)
(0 0 0)
(0 0 0)
(0 0 0)
(0 0 0)
(0 0 0)
(0 0 0)
(0 0 0)
(0 0 0)
(0 0 0)
(0 0 0)
(0 0 0)
(0 0 0)
(0 0 0)
(0 0 0)
(0 0 0)
(0 0 0)
(0 0 0)
(0 0 0)
(0 0 0)
(0 0 0)
(-2.62197e-06 4.16387e-07 -5.57768e-06)
(-2.63715e-06 1.74154e-06 -5.33682e-06)
(-3.21599e-06 2.13449e-06 -6.00572e-06)
(-2.93933e-06 1.72439e-06 -3.84629e-06)
(-2.75606e-06 2.37538e-06 -5.08094e-06)
(-2.926e-06 4.95156e-07 -6.24034e-06)
(-2.97592e-06 2.37566e-06 -7.06606e-06)
(-3.16189e-06 2.10766e-06 -6.2613e-06)
(-2.60395e-06 1.35539e-06 -5.76096e-06)
(-1.55799e-06 2.1855e-06 -4.61549e-06)
(-1.48243e-06 3.59727e-07 -5.17272e-06)
(-7.69639e-07 -2.24046e-06 -1.64278e-06)
(-4.00916e-07 3.71677e-06 -5.5754e-06)
(-1.26742e-06 2.2338e-06 -3.72746e-06)
(-5.83216e-07 1.81717e-06 -4.77337e-06)
(-1.51119e-07 1.41671e-06 -4.88905e-06)
(9.8678e-08 3.54906e-06 -5.65935e-06)
(3.40838e-07 4.6245e-06 -6.52055e-06)
(6.71894e-07 2.84682e-06 -3.99891e-06)
(4.39542e-07 1.81173e-06 -4.55154e-06)
(6.00271e-07 1.59181e-07 -3.02238e-06)
(1.09448e-06 2.61782e-06 -4.93433e-06)
(4.22064e-07 4.16954e-06 -6.52377e-06)
(3.16094e-07 2.58386e-06 -5.38635e-06)
(2.77387e-07 2.44416e-06 -5.95115e-06)
(-4.17963e-06 -2.24171e-06 -7.12084e-06)
(-5.50672e-06 4.80162e-06 -1.13814e-05)
(-5.33136e-06 5.20838e-06 -8.80445e-06)
(-4.88644e-06 4.46607e-06 -1.00408e-05)
(-4.55961e-06 4.27007e-06 -9.19202e-06)
(-3.61775e-06 3.31383e-06 -1.14786e-05)
(-3.81931e-06 4.45249e-06 -1.21444e-05)
(-3.75042e-06 4.70195e-06 -1.24097e-05)
(-3.93523e-06 3.83104e-06 -1.18141e-05)
(-4.41891e-06 2.67606e-06 -8.36217e-06)
(-2.39888e-06 2.89572e-06 -1.05237e-05)
(-2.71775e-06 4.42589e-06 -1.1651e-05)
(-1.73933e-06 5.28158e-06 -1.25945e-05)
(-3.55081e-06 4.96411e-06 -9.07174e-06)
(-1.72634e-06 4.13918e-06 -1.00037e-05)
(2.99371e-07 3.80901e-06 -1.19257e-05)
(-9.07088e-10 6.14848e-06 -1.06257e-05)
(3.40178e-07 7.27064e-06 -1.22236e-05)
(1.67582e-07 5.97923e-06 -1.1364e-05)
(1.4321e-06 3.4117e-06 -9.99554e-06)
(1.86719e-06 2.70816e-06 -1.28988e-05)
(-4.20482e-08 5.39666e-06 -1.1346e-05)
(7.13558e-07 6.97829e-06 -1.06245e-05)
(-7.44419e-08 5.60556e-06 -1.16225e-05)
(1.09631e-06 4.41399e-06 -9.90943e-06)
(-6.11244e-06 5.68729e-06 -1.56898e-05)
(-7.28681e-06 4.22818e-06 -1.57921e-05)
(-5.73701e-06 6.70245e-06 -1.21165e-05)
(-5.52505e-06 6.07979e-06 -1.55972e-05)
(-5.31416e-06 5.42704e-06 -1.75094e-05)
(-4.86553e-06 5.22972e-06 -1.55784e-05)
(-3.82508e-06 5.81744e-06 -1.60244e-05)
(-3.80653e-06 5.74457e-06 -1.86769e-05)
(-4.00419e-06 5.64194e-06 -1.69988e-05)
(-1.87102e-06 1.05982e-05 -1.9918e-05)
(-1.74915e-06 4.65029e-06 -1.69018e-05)
(-2.29026e-06 4.92603e-06 -1.79308e-05)
(-2.00132e-06 6.02937e-06 -1.90959e-05)
(-2.15524e-06 7.30848e-06 -2.01237e-05)
(-1.16271e-06 8.14387e-06 -1.93717e-05)
(5.18787e-07 3.98524e-06 -1.63265e-05)
(1.58714e-07 6.04538e-06 -1.74573e-05)
(-8.22609e-07 6.58011e-06 -1.76246e-05)
(-5.5475e-07 6.52683e-06 -1.75907e-05)
(4.16816e-06 4.03779e-06 -1.32274e-05)
(1.73535e-06 2.87803e-06 -1.5734e-05)
(-1.36e-06 5.97941e-06 -1.58536e-05)
(-7.52174e-07 6.29595e-06 -1.66286e-05)
(-7.15943e-07 6.51076e-06 -1.66205e-05)
(1.09653e-06 5.84807e-06 -1.72853e-05)
(-6.70022e-06 4.8221e-06 -2.00258e-05)
(-7.41221e-06 2.58273e-06 -2.05871e-05)
(-9.01988e-06 3.64151e-06 -2.17481e-05)
(-7.48441e-06 4.24512e-06 -2.10343e-05)
(-5.09039e-06 3.29452e-06 -2.38183e-05)
(-4.64074e-06 4.30246e-06 -2.10286e-05)
(-4.24524e-06 3.21289e-06 -2.23735e-05)
(-4.31712e-06 3.28757e-06 -2.3875e-05)
(-3.06176e-06 6.02075e-06 -2.27422e-05)
(2.67649e-08 8.20215e-06 -2.46161e-05)
(-2.17672e-06 3.76529e-06 -2.08275e-05)
(-1.67121e-06 3.22398e-06 -2.2563e-05)
(-7.82218e-07 3.4784e-06 -2.28923e-05)
(4.22802e-08 5.66423e-06 -2.31791e-05)
(1.23959e-05 2.33958e-05 -2.97421e-05)
(2.93165e-07 2.90242e-06 -2.04101e-05)
(1.22116e-06 4.81072e-06 -2.05066e-05)
(9.20232e-08 4.75166e-06 -2.23551e-05)
(-6.64118e-07 6.58553e-06 -2.24658e-05)
(-5.21265e-08 8.30316e-06 -2.49978e-05)
(3.53583e-06 3.22535e-06 -1.99851e-05)
(2.56104e-06 6.34501e-06 -1.96273e-05)
(1.56105e-06 5.70987e-06 -2.11687e-05)
(1.36817e-06 5.06917e-06 -2.10767e-05)
(1.74221e-06 5.17744e-06 -2.25863e-05)
(-3.18334e-06 2.17208e-06 -2.33955e-05)
(-5.53438e-06 5.98903e-07 -2.22495e-05)
(-8.26661e-06 2.12658e-06 -2.16801e-05)
(-7.61312e-06 8.82095e-07 -2.30388e-05)
(-5.50468e-06 -6.95747e-07 -2.62648e-05)
(-2.40034e-06 2.21848e-06 -2.38276e-05)
(-3.24808e-06 2.16393e-06 -2.43819e-05)
(-3.88638e-06 7.11415e-06 -2.48135e-05)
(-2.76443e-06 1.3927e-07 -2.56207e-05)
(-1.49497e-06 1.29067e-06 -2.75876e-05)
(-3.01941e-07 1.34619e-06 -2.27381e-05)
(5.63763e-07 1.06975e-06 -2.40545e-05)
(7.24516e-07 6.25166e-07 -2.73237e-05)
(2.03001e-06 6.26966e-07 -2.72905e-05)
(2.28176e-06 4.42242e-06 -2.79762e-05)
(4.57109e-06 1.10698e-06 -2.27264e-05)
(4.3656e-06 6.21822e-07 -2.31843e-05)
(3.23149e-06 1.41875e-06 -2.47033e-05)
(3.45114e-06 3.86721e-07 -2.66369e-05)
(3.33964e-06 6.57605e-07 -2.66461e-05)
(5.29919e-06 -7.35177e-08 -2.06849e-05)
(5.54489e-06 5.93479e-07 -2.08325e-05)
(5.04543e-06 7.12786e-07 -2.09709e-05)
(4.51036e-06 5.59901e-08 -2.3295e-05)
(3.29374e-06 8.67664e-07 -2.44069e-05)
(-5.32739e-06 -1.04859e-06 -2.40741e-05)
(-5.9163e-06 -2.44539e-07 -2.31309e-05)
(-6.82529e-06 -2.05605e-06 -2.3355e-05)
(-4.51339e-06 -8.04289e-06 -2.43035e-05)
(-4.88755e-06 -6.25448e-06 -2.71912e-05)
(-1.29285e-06 -1.27031e-06 -2.47209e-05)
(-2.19115e-06 -5.53113e-08 -2.45389e-05)
(-2.38148e-06 -1.3871e-07 -2.71922e-05)
(-1.51021e-06 -5.0548e-06 -2.77144e-05)
(6.17654e-07 -8.04373e-06 -2.8173e-05)
(2.7757e-06 -1.66965e-06 -2.44278e-05)
(2.76069e-06 -2.76235e-06 -2.4872e-05)
(3.79855e-06 -4.31687e-06 -2.79293e-05)
(2.93825e-06 -5.21123e-06 -3.02342e-05)
(2.42224e-06 -6.09286e-06 -3.22112e-05)
(6.17439e-06 -1.12604e-06 -2.40406e-05)
(6.43452e-06 -3.30391e-06 -2.33118e-05)
(7.7395e-06 -5.19811e-06 -2.43943e-05)
(7.25201e-06 -7.73076e-06 -2.79337e-05)
(6.08442e-06 -7.22996e-06 -2.92154e-05)
(8.21359e-06 -2.53739e-06 -2.20657e-05)
(8.64028e-06 -3.73746e-06 -2.03197e-05)
(8.87645e-06 -4.42294e-06 -1.9451e-05)
(8.46702e-06 -5.7999e-06 -2.38184e-05)
(7.81737e-06 -8.42491e-06 -2.50252e-05)
(-3.24193e-06 -6.47693e-06 -2.70096e-05)
(-6.54937e-06 -5.94123e-06 -2.34289e-05)
(-6.8985e-06 -9.24165e-06 -2.70318e-05)
(-4.4731e-06 -1.23746e-05 -2.75352e-05)
(-2.941e-06 -1.33456e-05 -2.74983e-05)
(7.89822e-07 -2.1905e-07 -2.34854e-05)
(-1.39904e-06 -5.32905e-06 -2.40924e-05)
(-1.34524e-06 -8.86316e-06 -2.84422e-05)
(3.1283e-07 -1.06953e-05 -2.9471e-05)
(2.9513e-06 -5.65737e-06 -2.90718e-05)
(4.36501e-06 -7.84316e-07 -2.33826e-05)
(4.59408e-06 -5.47707e-06 -2.48667e-05)
(4.57537e-06 -9.31724e-06 -2.70396e-05)
(5.77737e-06 -1.0803e-05 -2.7881e-05)
(5.98951e-06 -1.17045e-05 -2.80826e-05)
(6.9099e-06 -3.76321e-06 -2.40164e-05)
(9.0247e-06 -5.09735e-06 -2.13514e-05)
(9.82064e-06 -1.01856e-05 -2.37369e-05)
(9.7442e-06 -1.20336e-05 -2.47695e-05)
(7.8353e-06 -1.32352e-05 -2.72213e-05)
(7.71843e-06 -5.57313e-06 -2.09996e-05)
(1.01215e-05 -6.6149e-06 -1.69045e-05)
(1.27562e-05 -1.13007e-05 -1.86776e-05)
(1.05224e-05 -1.08259e-05 -2.06282e-05)
(8.94484e-06 -1.40851e-05 -2.16716e-05)
(-9.00614e-06 -4.4269e-06 -2.61662e-05)
(-5.38964e-06 -5.21398e-06 -2.30834e-05)
(-7.09024e-06 -1.03253e-05 -2.50216e-05)
(-7.13128e-06 -1.21016e-05 -2.87738e-05)
(-4.01695e-06 -1.33594e-05 -2.63082e-05)
(-1.70001e-06 -2.96464e-06 -2.11743e-05)
(-1.32798e-06 -4.57888e-06 -2.35072e-05)
(1.0165e-06 -1.00794e-05 -2.90158e-05)
(2.65077e-06 -1.27688e-05 -2.89197e-05)
(1.57748e-06 -1.47047e-05 -2.595e-05)
(3.86642e-06 -1.33044e-06 -2.27141e-05)
(4.50196e-06 -5.37452e-06 -2.39328e-05)
(7.12185e-06 -9.92531e-06 -2.55711e-05)
(7.26217e-06 -1.33272e-05 -2.60468e-05)
(6.30804e-06 -1.44974e-05 -2.61274e-05)
(5.74404e-06 -4.53971e-06 -2.30817e-05)
(1.17415e-05 -7.87556e-06 -1.87674e-05)
(1.16352e-05 -1.19935e-05 -2.10451e-05)
(1.11626e-05 -1.39957e-05 -2.02234e-05)
(1.0392e-05 -1.48347e-05 -2.4122e-05)
(1.08629e-05 -8.51396e-06 -2.18974e-05)
(1.08706e-05 -9.33201e-06 -1.41404e-05)
(1.17508e-05 -1.14399e-05 -1.04291e-05)
(1.14941e-05 -1.38075e-05 -1.2759e-05)
(1.17994e-05 -1.43179e-05 -1.88707e-05)
(-1.09678e-05 2.10591e-07 -2.39147e-05)
(-8.90573e-06 1.75266e-06 -1.68656e-05)
(-9.37171e-06 -9.11641e-06 -2.96269e-05)
(-6.8823e-06 -1.09084e-05 -2.99297e-05)
(-4.34891e-06 -1.29912e-05 -2.73893e-05)
(-2.80626e-06 2.47805e-06 -1.68779e-05)
(-1.05526e-06 5.68626e-07 -2.27522e-05)
(1.50722e-06 -6.30871e-06 -3.11302e-05)
(1.03849e-06 -1.46996e-05 -2.70526e-05)
(1.46783e-07 -1.71122e-05 -2.24717e-05)
(1.67478e-06 9.80114e-07 -2.08754e-05)
(1.10933e-06 4.15192e-07 -2.31453e-05)
(4.11493e-06 -5.34458e-06 -2.75721e-05)
(6.80791e-06 -1.50942e-05 -2.35026e-05)
(5.52282e-06 -1.80901e-05 -1.99871e-05)
(3.60776e-06 -3.44927e-06 -2.20283e-05)
(6.36571e-06 -6.68125e-06 -1.60442e-05)
(1.09778e-05 -1.26636e-05 -1.4743e-05)
(1.31143e-05 -1.56586e-05 -1.65145e-05)
(1.08649e-05 -1.65889e-05 -1.75642e-05)
(9.56566e-06 -3.48111e-05 -1.15071e-05)
(2.72863e-06 -9.04213e-06 -1.30545e-05)
(8.23268e-06 -1.44499e-05 -4.87137e-06)
(1.46201e-05 -1.45056e-05 -9.44066e-06)
(1.33303e-05 -1.35719e-05 -1.57715e-05)
(-1.14776e-05 1.97457e-05 -1.04632e-05)
(-5.83904e-06 9.15253e-06 -1.97178e-05)
(-5.75298e-06 -8.99029e-06 -3.39467e-05)
(-1.03092e-05 -1.48732e-05 -3.27917e-05)
(-3.05627e-06 -2.19226e-05 -1.99407e-05)
(-2.4622e-05 1.69982e-05 -1.59318e-05)
(3.57214e-06 5.08855e-06 -2.31022e-05)
(5.09667e-07 1.5946e-06 -3.39886e-05)
(2.25694e-06 -1.46772e-05 -2.95214e-05)
(8.90124e-07 -2.44445e-05 -2.03454e-05)
(-1.49578e-05 1.59573e-05 -1.82648e-05)
(-1.60013e-05 1.8043e-05 -1.5355e-05)
(4.12057e-06 -7.47379e-07 -2.90616e-05)
(6.81198e-06 -1.6251e-05 -1.946e-05)
(7.10786e-06 -1.95e-05 -1.13679e-05)
(-3.90863e-06 1.7615e-05 -1.97793e-05)
(-7.32512e-07 1.02647e-05 -9.54966e-06)
(8.40497e-06 -1.8167e-05 -2.07248e-05)
(1.21432e-05 -1.49108e-05 -1.44215e-05)
(1.01269e-05 -9.61744e-06 -5.82976e-06)
(3.48526e-06 -1.6929e-05 -1.15009e-05)
(-4.09579e-06 8.48077e-06 -8.39917e-06)
(8.12015e-06 -3.67269e-05 -6.97419e-06)
(1.99722e-05 -1.38492e-05 -7.51042e-06)
(1.52985e-05 -1.10211e-05 -9.32968e-06)
(-1.57166e-06 2.0891e-05 -1.78894e-05)
(6.82422e-07 1.72528e-05 -1.97516e-05)
(1.4027e-06 -1.07657e-05 -3.84678e-05)
(-1.47481e-05 -2.09261e-05 -2.38092e-05)
(2.39137e-06 -2.90406e-05 -1.17812e-05)
(-1.19724e-05 8.67684e-06 -2.7423e-05)
(2.7068e-06 2.53577e-05 -3.84853e-05)
(-3.00684e-06 2.15583e-06 -4.32405e-05)
(1.23543e-06 -1.17503e-05 -3.9305e-05)
(-1.76747e-06 -2.70311e-05 -1.13391e-05)
(-2.00847e-05 7.46174e-07 -2.38104e-05)
(-2.38943e-05 2.7368e-05 -2.198e-05)
(5.43807e-06 8.88509e-06 -2.5129e-05)
(1.24412e-05 -1.38684e-05 -1.91091e-05)
(2.17894e-07 -1.87157e-05 -7.3073e-06)
(-1.9099e-05 2.65642e-05 -2.38239e-05)
(-1.72081e-05 3.07068e-05 1.45335e-06)
(1.92132e-07 -4.43506e-06 -4.79178e-06)
(9.12591e-06 -7.25675e-06 -7.78414e-06)
(1.27485e-05 -2.97264e-07 -2.07561e-06)
(-2.3179e-05 3.11728e-05 -1.50531e-05)
(-1.41405e-05 2.24113e-05 -5.52795e-06)
(3.04221e-05 -3.84232e-06 -2.63408e-05)
(3.58333e-05 -2.89276e-07 -9.07581e-06)
(2.31583e-05 -1.30758e-07 -3.44442e-06)
(1.23496e-05 1.04802e-05 -2.21063e-05)
(2.2431e-05 5.44605e-05 -3.83588e-05)
(-1.09539e-05 1.52132e-05 -4.34703e-05)
(-1.3197e-05 -1.58773e-05 -3.86029e-05)
(-2.54806e-05 -4.06926e-05 -2.96769e-05)
(4.01351e-05 -1.90122e-05 -4.7662e-05)
(7.78892e-06 2.27216e-05 -5.28939e-05)
(-1.42854e-05 -3.99241e-06 -5.30254e-05)
(9.52066e-06 -2.03728e-05 -6.12115e-05)
(1.22278e-05 -4.04736e-05 -1.13019e-05)
(-2.24779e-05 -1.17672e-05 -5.16465e-05)
(-7.12066e-06 2.86561e-06 -4.43853e-05)
(-6.76761e-06 -2.17948e-06 -3.00808e-05)
(6.10877e-06 -2.66491e-05 -3.79079e-05)
(-6.49974e-07 -1.71811e-05 -1.11202e-05)
(-4.60513e-05 3.95572e-05 -2.66323e-05)
(-2.10526e-05 3.57525e-05 2.49528e-06)
(-7.32481e-07 9.07135e-06 -4.03477e-06)
(2.0107e-06 6.25406e-06 -1.94871e-06)
(-1.70115e-05 1.09686e-05 6.28809e-06)
(-4.80849e-05 4.54461e-05 -2.41232e-05)
(0 0 0)
(4.45966e-05 6.74189e-06 -4.55274e-05)
(1.5425e-06 2.33046e-05 -2.93571e-05)
(-1.33112e-05 2.60081e-05 1.75847e-05)
(0 0 0)
(0 0 0)
(-1.40051e-05 1.98155e-05 -4.13378e-05)
(-1.29817e-06 4.98999e-06 -5.52279e-05)
(-4.42736e-05 -5.18513e-05 -2.95236e-05)
(0 0 0)
(-1.62682e-05 -1.57138e-05 -6.07616e-05)
(0 0 0)
(5.88857e-06 -4.40127e-05 -1.79321e-05)
(5.88857e-06 -4.40127e-05 -1.79321e-05)
(0 0 0)
(-1.62682e-05 -1.57138e-05 -6.07616e-05)
(-2.863e-05 -4.40741e-05 -7.32756e-05)
(-2.36988e-05 -4.40654e-05 -6.53694e-05)
(5.88857e-06 -4.40127e-05 -1.79321e-05)
(0 0 0)
(0 0 0)
(0 0 0)
(0 0 0)
(-3.69837e-05 1.89718e-05 1.41807e-05)
(0 0 0)
(0 0 0)
(0 0 0)
(1.2445e-06 2.70774e-05 -3.47201e-05)
(-3.69837e-05 1.89718e-05 1.41807e-05)
(0 0 0)
(0 0 0)
(0 0 0)
(0 0 0)
(0 0 0)
(0 0 0)
(0 0 0)
(0 0 0)
(0 0 0)
(0 0 0)
(0 0 0)
(0 0 0)
(0 0 0)
(0 0 0)
(0 0 0)
(0 0 0)
(0 0 0)
(0 0 0)
(0 0 0)
(0 0 0)
(0 0 0)
(0 0 0)
(0 0 0)
(0 0 0)
(0 0 0)
(0 0 0)
(0 0 0)
(0 0 0)
(0 0 0)
(0 0 0)
(0 0 0)
(0 0 0)
(0 0 0)
(0 0 0)
(0 0 0)
(0 0 0)
(0 0 0)
(0 0 0)
(0 0 0)
(0 0 0)
(0 0 0)
(0 0 0)
(0 0 0)
(0 0 0)
(0 0 0)
(0 0 0)
(0 0 0)
(0 0 0)
(0 0 0)
(0 0 0)
(0 0 0)
(0 0 0)
(0 0 0)
(0 0 0)
(0 0 0)
(0 0 0)
(0 0 0)
(0 0 0)
(0 0 0)
(0 0 0)
(0 0 0)
(0 0 0)
(0 0 0)
(0 0 0)
(0 0 0)
(0 0 0)
(0 0 0)
(0 0 0)
(0 0 0)
(0 0 0)
(0 0 0)
(0 0 0)
(0 0 0)
(0 0 0)
(0 0 0)
(0 0 0)
(0 0 0)
(0 0 0)
(0 0 0)
(0 0 0)
(0 0 0)
(0 0 0)
(0 0 0)
(0 0 0)
(0 0 0)
(0 0 0)
(0 0 0)
(0 0 0)
(0 0 0)
(0 0 0)
(0 0 0)
(0 0 0)
(0 0 0)
(0 0 0)
(0 0 0)
(0 0 0)
(0 0 0)
(0 0 0)
(0 0 0)
(0 0 0)
(0 0 0)
(0 0 0)
(0 0 0)
(0 0 0)
(0 0 0)
(0 0 0)
(0 0 0)
(0 0 0)
(0 0 0)
(0 0 0)
(0 0 0)
(0 0 0)
(0 0 0)
(0 0 0)
(0 0 0)
(0 0 0)
(0 0 0)
(0 0 0)
(0 0 0)
(0 0 0)
(0 0 0)
(0 0 0)
(0 0 0)
(0 0 0)
(0 0 0)
(0 0 0)
(0 0 0)
(0 0 0)
(0 0 0)
(0 0 0)
(0 0 0)
(0 0 0)
(0 0 0)
(0 0 0)
(0 0 0)
(0 0 0)
(0 0 0)
(0 0 0)
(0 0 0)
(0 0 0)
(0 0 0)
(0 0 0)
(0 0 0)
(0 0 0)
(0 0 0)
(0 0 0)
(0 0 0)
(0 0 0)
(0 0 0)
(0 0 0)
(0 0 0)
(0 0 0)
(0 0 0)
(0 0 0)
(0 0 0)
(0 0 0)
(0 0 0)
(0 0 0)
(0 0 0)
(0 0 0)
(0 0 0)
(0 0 0)
(0 0 0)
(0 0 0)
(0 0 0)
(0 0 0)
(0 0 0)
(0 0 0)
(0 0 0)
(0 0 0)
(0 0 0)
(0 0 0)
(0 0 0)
(0 0 0)
(0 0 0)
(0 0 0)
(0 0 0)
(0 0 0)
(0 0 0)
(0 0 0)
(0 0 0)
(0 0 0)
(0 0 0)
(0 0 0)
(0 0 0)
(0 0 0)
(0 0 0)
(0 0 0)
(0 0 0)
(0 0 0)
(0 0 0)
(0 0 0)
(0 0 0)
(0 0 0)
(0 0 0)
(0 0 0)
(0 0 0)
(0 0 0)
(0 0 0)
(0 0 0)
(0 0 0)
(0 0 0)
(0 0 0)
(0 0 0)
(0 0 0)
(0 0 0)
(0 0 0)
(0 0 0)
(0 0 0)
(0 0 0)
(0 0 0)
(0 0 0)
(0 0 0)
(0 0 0)
(0 0 0)
(0 0 0)
(0 0 0)
(0 0 0)
(0 0 0)
(0 0 0)
(0 0 0)
(0 0 0)
(0 0 0)
(0 0 0)
(0 0 0)
(0 0 0)
(0 0 0)
(0 0 0)
(0 0 0)
(0 0 0)
(0 0 0)
(0 0 0)
(0 0 0)
(0 0 0)
(0 0 0)
(0 0 0)
(0 0 0)
(0 0 0)
(0 0 0)
(0 0 0)
(0 0 0)
(0 0 0)
(0 0 0)
(0 0 0)
(0 0 0)
(0 0 0)
(0 0 0)
(0 0 0)
(0 0 0)
(0 0 0)
(0 0 0)
(0 0 0)
(0 0 0)
(0 0 0)
(0 0 0)
(0 0 0)
(0 0 0)
(0 0 0)
(0 0 0)
(0 0 0)
(0 0 0)
(0 0 0)
(0 0 0)
(0 0 0)
(0 0 0)
(0 0 0)
(0 0 0)
(0 0 0)
(0 0 0)
(0 0 0)
(0 0 0)
(0 0 0)
(0 0 0)
(0 0 0)
(0 0 0)
(0 0 0)
(0 0 0)
(0 0 0)
(0 0 0)
(0 0 0)
(0 0 0)
(0 0 0)
(0 0 0)
(0 0 0)
(0 0 0)
(0 0 0)
(0 0 0)
(0 0 0)
(0 0 0)
(0 0 0)
(0 0 0)
(0 0 0)
(0 0 0)
(0 0 0)
(0 0 0)
(0 0 0)
(0 0 0)
(0 0 0)
(0 0 0)
(0 0 0)
(0 0 0)
(0 0 0)
(0 0 0)
(0 0 0)
(0 0 0)
(0 0 0)
(0 0 0)
(0 0 0)
(0 0 0)
(0 0 0)
(0 0 0)
(0 0 0)
(0 0 0)
(0 0 0)
(0 0 0)
(0 0 0)
(0 0 0)
(0 0 0)
(0 0 0)
(0 0 0)
(0 0 0)
(0 0 0)
(0 0 0)
(0 0 0)
(0 0 0)
(0 0 0)
(0 0 0)
(0 0 0)
(0 0 0)
(0 0 0)
(0 0 0)
(0 0 0)
(0 0 0)
(0 0 0)
(0 0 0)
(0 0 0)
(0 0 0)
(0 0 0)
(0 0 0)
(0 0 0)
(0 0 0)
(0 0 0)
(0 0 0)
(0 0 0)
(0 0 0)
(0 0 0)
(0 0 0)
(0 0 0)
(0 0 0)
(0 0 0)
(0 0 0)
(0 0 0)
(0 0 0)
(0 0 0)
(0 0 0)
(0 0 0)
(0 0 0)
(0 0 0)
(0 0 0)
(0 0 0)
(0 0 0)
(0 0 0)
(0 0 0)
(0 0 0)
(0 0 0)
(0 0 0)
(0 0 0)
(0 0 0)
(0 0 0)
(0 0 0)
(0 0 0)
(0 0 0)
(0 0 0)
(0 0 0)
(0 0 0)
(0 0 0)
(0 0 0)
(0 0 0)
(0 0 0)
(0 0 0)
(0 0 0)
(0 0 0)
(0 0 0)
(0 0 0)
(0 0 0)
(0 0 0)
(0 0 0)
(0 0 0)
(0 0 0)
(0 0 0)
(0 0 0)
(0 0 0)
(0 0 0)
(0 0 0)
(0 0 0)
(0 0 0)
(0 0 0)
(0 0 0)
(0 0 0)
(0 0 0)
(0 0 0)
(0 0 0)
(0 0 0)
(0 0 0)
(0 0 0)
(0 0 0)
(0 0 0)
(0 0 0)
(0 0 0)
(0 0 0)
(0 0 0)
(0 0 0)
(0 0 0)
(0 0 0)
(0 0 0)
(0 0 0)
(0 0 0)
(0 0 0)
(0 0 0)
(0 0 0)
(0 0 0)
(0 0 0)
(0 0 0)
(0 0 0)
(0 0 0)
(0 0 0)
(0 0 0)
(0 0 0)
(0 0 0)
(0 0 0)
(0 0 0)
(0 0 0)
(0 0 0)
(0 0 0)
(0 0 0)
(0 0 0)
(0 0 0)
(0 0 0)
(0 0 0)
(0 0 0)
(0 0 0)
(0 0 0)
(0 0 0)
(0 0 0)
(0 0 0)
(0 0 0)
(0 0 0)
(0 0 0)
(0 0 0)
(0 0 0)
(0 0 0)
(0 0 0)
(0 0 0)
(0 0 0)
(0 0 0)
(0 0 0)
(0 0 0)
(0 0 0)
(0 0 0)
(0 0 0)
(0 0 0)
(0 0 0)
(0 0 0)
(0 0 0)
(0 0 0)
(0 0 0)
(0 0 0)
(0 0 0)
(0 0 0)
(0 0 0)
(0 0 0)
(0 0 0)
(0 0 0)
(0 0 0)
(0 0 0)
(0 0 0)
(0 0 0)
(0 0 0)
(0 0 0)
(0 0 0)
(0 0 0)
(0 0 0)
(0 0 0)
(0 0 0)
(0 0 0)
(0 0 0)
(0 0 0)
(0 0 0)
(0 0 0)
(0 0 0)
(0 0 0)
(0 0 0)
(0 0 0)
(0 0 0)
(0 0 0)
(0 0 0)
(0 0 0)
(0 0 0)
(0 0 0)
(0 0 0)
(0 0 0)
(0 0 0)
(0 0 0)
(0 0 0)
(0 0 0)
(0 0 0)
(0 0 0)
(0 0 0)
(0 0 0)
(0 0 0)
(0 0 0)
(0 0 0)
(0 0 0)
(0 0 0)
(0 0 0)
(0 0 0)
(0 0 0)
(0 0 0)
(0 0 0)
(0 0 0)
(0 0 0)
(0 0 0)
(0 0 0)
(0 0 0)
(0 0 0)
(0 0 0)
(0 0 0)
(0 0 0)
(0 0 0)
(0 0 0)
(0 0 0)
(0 0 0)
(0 0 0)
(0 0 0)
(0 0 0)
(0 0 0)
(0 0 0)
(0 0 0)
(0 0 0)
(0 0 0)
(0 0 0)
(0 0 0)
(0 0 0)
(0 0 0)
(0 0 0)
(0 0 0)
(0 0 0)
(0 0 0)
(0 0 0)
(0 0 0)
(0 0 0)
(0 0 0)
(0 0 0)
(0 0 0)
(0 0 0)
(0 0 0)
(0 0 0)
(0 0 0)
(0 0 0)
(0 0 0)
(0 0 0)
(0 0 0)
(0 0 0)
(0 0 0)
(0 0 0)
(0 0 0)
(0 0 0)
(0 0 0)
(0 0 0)
(0 0 0)
(0 0 0)
(0 0 0)
(0 0 0)
(0 0 0)
(0 0 0)
(0 0 0)
(0 0 0)
(0 0 0)
(0 0 0)
(0 0 0)
(0 0 0)
(0 0 0)
(0 0 0)
(0 0 0)
(0 0 0)
(0 0 0)
(0 0 0)
(0 0 0)
(0 0 0)
(0 0 0)
(0 0 0)
(0 0 0)
(0 0 0)
(0 0 0)
(0 0 0)
(0 0 0)
(0 0 0)
(0 0 0)
(0 0 0)
(0 0 0)
(0 0 0)
(0 0 0)
(0 0 0)
(0 0 0)
(0 0 0)
(0 0 0)
(0 0 0)
(0 0 0)
(0 0 0)
(0 0 0)
(0 0 0)
(0 0 0)
(0 0 0)
(0 0 0)
(0 0 0)
(0 0 0)
(0 0 0)
(0 0 0)
(0 0 0)
(0 0 0)
(0 0 0)
(0 0 0)
(0 0 0)
(0 0 0)
(0 0 0)
(0 0 0)
(0 0 0)
(0 0 0)
(0 0 0)
(0 0 0)
(0 0 0)
(0 0 0)
(0 0 0)
(0 0 0)
(0 0 0)
(0 0 0)
(0 0 0)
(0 0 0)
(0 0 0)
(0 0 0)
(0 0 0)
(0 0 0)
(0 0 0)
(0 0 0)
(0 0 0)
(0 0 0)
(0 0 0)
(0 0 0)
(0 0 0)
(0 0 0)
(0 0 0)
(0 0 0)
(0 0 0)
(0 0 0)
(0 0 0)
(0 0 0)
(0 0 0)
(0 0 0)
(0 0 0)
(0 0 0)
(0 0 0)
(0 0 0)
(0 0 0)
(0 0 0)
(0 0 0)
(0 0 0)
(0 0 0)
(0 0 0)
(0 0 0)
(0 0 0)
(0 0 0)
(0 0 0)
(0 0 0)
(0 0 0)
(0 0 0)
(0 0 0)
(0 0 0)
(0 0 0)
(0 0 0)
(0 0 0)
(0 0 0)
(0 0 0)
(0 0 0)
(0 0 0)
(0 0 0)
(0 0 0)
(0 0 0)
(0 0 0)
(0 0 0)
(0 0 0)
(0 0 0)
(0 0 0)
(0 0 0)
(0 0 0)
(0 0 0)
(0 0 0)
(0 0 0)
(0 0 0)
(0 0 0)
(0 0 0)
(0 0 0)
(0 0 0)
(0 0 0)
(0 0 0)
(0 0 0)
(0 0 0)
(0 0 0)
(0 0 0)
(0 0 0)
(0 0 0)
(0 0 0)
(0 0 0)
(0 0 0)
(0 0 0)
(0 0 0)
(0 0 0)
(0 0 0)
(0 0 0)
(0 0 0)
(0 0 0)
(0 0 0)
(0 0 0)
(0 0 0)
(0 0 0)
(0 0 0)
(0 0 0)
(0 0 0)
(0 0 0)
(0 0 0)
(0 0 0)
(0 0 0)
(0 0 0)
(0 0 0)
(0 0 0)
(0 0 0)
(0 0 0)
(0 0 0)
(0 0 0)
(0 0 0)
(0 0 0)
(0 0 0)
(0 0 0)
(0 0 0)
(0 0 0)
(0 0 0)
(0 0 0)
(0 0 0)
(0 0 0)
(0 0 0)
(0 0 0)
(0 0 0)
(0 0 0)
(0 0 0)
(0 0 0)
(0 0 0)
(0 0 0)
(0 0 0)
(0 0 0)
(0 0 0)
(0 0 0)
(0 0 0)
(0 0 0)
(0 0 0)
(0 0 0)
(0 0 0)
(0 0 0)
(0 0 0)
(0 0 0)
(0 0 0)
(0 0 0)
(0 0 0)
(0 0 0)
(0 0 0)
(0 0 0)
(0 0 0)
(0 0 0)
(0 0 0)
(0 0 0)
(0 0 0)
(0 0 0)
(0 0 0)
(0 0 0)
(0 0 0)
(0 0 0)
(0 0 0)
(0 0 0)
(0 0 0)
(0 0 0)
(0 0 0)
(0 0 0)
(0 0 0)
(0 0 0)
(0 0 0)
(0 0 0)
(0 0 0)
(0 0 0)
(0 0 0)
(0 0 0)
(0 0 0)
(0 0 0)
(0 0 0)
(0 0 0)
(0 0 0)
(0 0 0)
(0 0 0)
(0 0 0)
(0 0 0)
(0 0 0)
(0 0 0)
(0 0 0)
(0 0 0)
(0 0 0)
(0 0 0)
(0 0 0)
(0 0 0)
(0 0 0)
(0 0 0)
(0 0 0)
(0 0 0)
(0 0 0)
(0 0 0)
(0 0 0)
(0 0 0)
(0 0 0)
(0 0 0)
(0 0 0)
(0 0 0)
(0 0 0)
(0 0 0)
(0 0 0)
(0 0 0)
(0 0 0)
(0 0 0)
(0 0 0)
(0 0 0)
(0 0 0)
(0 0 0)
(0 0 0)
(0 0 0)
(0 0 0)
(0 0 0)
(0 0 0)
(0 0 0)
(0 0 0)
(0 0 0)
(0 0 0)
(0 0 0)
(0 0 0)
(0 0 0)
(0 0 0)
(0 0 0)
(0 0 0)
(0 0 0)
(0 0 0)
(0 0 0)
(0 0 0)
(0 0 0)
(0 0 0)
(0 0 0)
(0 0 0)
(0 0 0)
(0 0 0)
(0 0 0)
(0 0 0)
(0 0 0)
(0 0 0)
(0 0 0)
(0 0 0)
(0 0 0)
(0 0 0)
(0 0 0)
(0 0 0)
(0 0 0)
(0 0 0)
(0 0 0)
(0 0 0)
(0 0 0)
(0 0 0)
(0 0 0)
(0 0 0)
(0 0 0)
(0 0 0)
(0 0 0)
(0 0 0)
(0 0 0)
(0 0 0)
(0 0 0)
(0 0 0)
(0 0 0)
(0 0 0)
(0 0 0)
(0 0 0)
(0 0 0)
(0 0 0)
(0 0 0)
(0 0 0)
(0 0 0)
(0 0 0)
(0 0 0)
(0 0 0)
(0 0 0)
(0 0 0)
(0 0 0)
(0 0 0)
(0 0 0)
(0 0 0)
(0 0 0)
(0 0 0)
(0 0 0)
(0 0 0)
(0 0 0)
(0 0 0)
(0 0 0)
(0 0 0)
(0 0 0)
(0 0 0)
(0 0 0)
(0 0 0)
(0 0 0)
(0 0 0)
(0 0 0)
(0 0 0)
(0 0 0)
(0 0 0)
(0 0 0)
)
;

boundaryField
{
    inlet
    {
        type            fixedValue;
        value           uniform (0 0 0);
    }
    outlet
    {
        type            fixedValue;
        value           uniform (0 0 0);
    }
    repeat_boundary
    {
        type            fixedValue;
        value           uniform (0 0 0);
    }
    procBoundary2to0
    {
        type            processor;
        value           nonuniform List<vector> 
450
(
(0 0 0)
(0 0 0)
(0 0 0)
(0 0 0)
(0 0 0)
(0 0 0)
(0 0 0)
(0 0 0)
(0 0 0)
(0 0 0)
(0 0 0)
(0 0 0)
(0 0 0)
(0 0 0)
(0 0 0)
(0 0 0)
(0 0 0)
(0 0 0)
(0 0 0)
(0 0 0)
(0 0 0)
(0 0 0)
(0 0 0)
(0 0 0)
(0 0 0)
(0 0 0)
(0 0 0)
(0 0 0)
(0 0 0)
(0 0 0)
(0 0 0)
(0 0 0)
(0 0 0)
(0 0 0)
(0 0 0)
(0 0 0)
(0 0 0)
(0 0 0)
(0 0 0)
(0 0 0)
(0 0 0)
(0 0 0)
(0 0 0)
(0 0 0)
(0 0 0)
(0 0 0)
(0 0 0)
(0 0 0)
(0 0 0)
(0 0 0)
(0 0 0)
(0 0 0)
(0 0 0)
(0 0 0)
(0 0 0)
(0 0 0)
(0 0 0)
(0 0 0)
(0 0 0)
(0 0 0)
(0 0 0)
(0 0 0)
(0 0 0)
(0 0 0)
(0 0 0)
(0 0 0)
(0 0 0)
(0 0 0)
(0 0 0)
(0 0 0)
(0 0 0)
(0 0 0)
(0 0 0)
(0 0 0)
(0 0 0)
(0 0 0)
(0 0 0)
(0 0 0)
(0 0 0)
(0 0 0)
(0 0 0)
(0 0 0)
(0 0 0)
(0 0 0)
(0 0 0)
(0 0 0)
(0 0 0)
(0 0 0)
(0 0 0)
(0 0 0)
(0 0 0)
(0 0 0)
(0 0 0)
(0 0 0)
(0 0 0)
(0 0 0)
(0 0 0)
(0 0 0)
(0 0 0)
(0 0 0)
(0 0 0)
(0 0 0)
(0 0 0)
(0 0 0)
(0 0 0)
(0 0 0)
(0 0 0)
(0 0 0)
(0 0 0)
(0 0 0)
(0 0 0)
(0 0 0)
(0 0 0)
(0 0 0)
(0 0 0)
(0 0 0)
(0 0 0)
(0 0 0)
(0 0 0)
(0 0 0)
(0 0 0)
(0 0 0)
(0 0 0)
(0 0 0)
(0 0 0)
(0 0 0)
(0 0 0)
(0 0 0)
(0 0 0)
(0 0 0)
(0 0 0)
(0 0 0)
(0 0 0)
(0 0 0)
(0 0 0)
(0 0 0)
(0 0 0)
(0 0 0)
(0 0 0)
(0 0 0)
(0 0 0)
(0 0 0)
(0 0 0)
(0 0 0)
(0 0 0)
(0 0 0)
(0 0 0)
(0 0 0)
(0 0 0)
(0 0 0)
(0 0 0)
(0 0 0)
(0 0 0)
(0 0 0)
(0 0 0)
(0 0 0)
(0 0 0)
(0 0 0)
(0 0 0)
(0 0 0)
(0 0 0)
(0 0 0)
(0 0 0)
(0 0 0)
(0 0 0)
(0 0 0)
(0 0 0)
(0 0 0)
(0 0 0)
(0 0 0)
(0 0 0)
(0 0 0)
(0 0 0)
(0 0 0)
(0 0 0)
(0 0 0)
(0 0 0)
(0 0 0)
(0 0 0)
(0 0 0)
(0 0 0)
(0 0 0)
(0 0 0)
(0 0 0)
(0 0 0)
(0 0 0)
(0 0 0)
(0 0 0)
(0 0 0)
(0 0 0)
(0 0 0)
(0 0 0)
(0 0 0)
(0 0 0)
(0 0 0)
(0 0 0)
(0 0 0)
(0 0 0)
(0 0 0)
(0 0 0)
(-2.48342e-06 2.82813e-06 -5.86223e-06)
(-2.44908e-06 2.57862e-06 -5.35589e-06)
(-2.36562e-06 2.43554e-06 -4.01664e-06)
(-2.17451e-06 9.83256e-07 -4.01167e-06)
(-3.93415e-06 4.2881e-06 -8.55112e-06)
(-4.91398e-06 4.95789e-06 -1.06299e-05)
(-5.29869e-06 3.9347e-06 -9.94187e-06)
(-6.87983e-06 5.46308e-06 -1.04938e-05)
(-5.18723e-06 4.58128e-06 -1.03004e-05)
(-5.03586e-06 5.39987e-06 -1.16007e-05)
(-7.20733e-06 6.43436e-06 -1.71039e-05)
(-7.45953e-06 4.50492e-06 -1.6444e-05)
(-8.10213e-06 5.12437e-06 -1.68946e-05)
(-8.59418e-06 6.24581e-06 -1.78349e-05)
(-6.73552e-06 5.63958e-06 -1.67319e-05)
(-8.35808e-06 4.77203e-06 -2.02124e-05)
(-8.12526e-06 3.27819e-06 -1.91448e-05)
(-8.85401e-06 3.08433e-06 -1.93297e-05)
(-9.6832e-06 4.51917e-06 -1.99057e-05)
(-7.56852e-06 4.9921e-06 -2.02687e-05)
(-7.5402e-06 1.81214e-06 -2.17255e-05)
(-7.91164e-06 5.78973e-08 -2.12785e-05)
(-9.04463e-06 -1.00613e-07 -2.01885e-05)
(-8.25806e-06 7.38128e-08 -2.24901e-05)
(-7.37472e-06 2.88636e-06 -2.39989e-05)
(-8.57363e-06 -2.17315e-06 -2.26439e-05)
(-8.23538e-06 -5.09687e-06 -2.13122e-05)
(-7.8749e-06 -6.19177e-06 -2.07822e-05)
(-7.28681e-06 -4.74747e-06 -2.27866e-05)
(-6.02547e-06 -7.56552e-06 -2.83048e-05)
(-7.87676e-06 -4.45805e-06 -2.21872e-05)
(-9.38134e-06 -6.9536e-06 -2.07648e-05)
(-6.68552e-06 -9.22378e-06 -2.13409e-05)
(-5.60077e-06 -1.22243e-05 -2.13715e-05)
(-3.24789e-06 -1.1206e-05 -2.60002e-05)
(-6.66664e-06 -4.37994e-06 -2.1617e-05)
(-1.07897e-05 -8.52091e-06 -1.74404e-05)
(-9.53844e-06 -1.11532e-05 -2.10191e-05)
(-8.56505e-06 -1.38174e-05 -2.05371e-05)
(-3.52703e-06 -1.69954e-05 -2.80161e-05)
(-1.28779e-05 5.16951e-06 -1.41815e-05)
(-1.94981e-05 -1.41667e-05 -1.96926e-05)
(-1.38771e-05 -8.82024e-06 -2.23299e-05)
(-1.07801e-05 -7.61177e-06 -2.18188e-05)
(-5.91489e-06 -9.27819e-06 -2.61728e-05)
(-1.72326e-05 1.63349e-05 -1.02767e-05)
(-1.33677e-05 9.27889e-06 -1.07281e-05)
(-2.19594e-05 -6.23439e-06 -2.23105e-05)
(-1.3148e-05 -1.00809e-05 -2.84172e-05)
(-4.93116e-06 -1.34276e-05 -2.81338e-05)
(-6.8324e-06 1.1997e-05 -1.99036e-05)
(-1.85086e-05 1.95593e-05 -1.89239e-05)
(-2.98727e-05 1.0156e-06 -2.54672e-05)
(-2.03928e-05 -1.74147e-05 -2.77625e-05)
(-2.25814e-05 -1.32987e-05 -3.231e-05)
(-1.8381e-05 2.14514e-05 -1.67052e-05)
(-2.27918e-05 3.93355e-05 -1.42573e-05)
(-5.51266e-05 3.07334e-05 -2.96598e-05)
(-4.71344e-05 1.19886e-05 -2.57995e-05)
(-4.44312e-05 -8.82877e-06 -2.05514e-05)
(-1.87697e-05 1.93104e-05 -1.86336e-05)
(-2.46832e-05 4.78174e-05 -1.3901e-05)
(-6.53699e-05 5.08866e-05 -3.03885e-05)
(-7.89321e-05 5.19096e-05 -3.58844e-05)
(0 0 0)
(0 0 0)
(0 0 0)
(0 0 0)
(0 0 0)
(0 0 0)
(0 0 0)
(0 0 0)
(0 0 0)
(0 0 0)
(0 0 0)
(0 0 0)
(0 0 0)
(0 0 0)
(0 0 0)
(0 0 0)
(0 0 0)
(0 0 0)
(0 0 0)
(0 0 0)
(0 0 0)
(0 0 0)
(0 0 0)
(0 0 0)
(0 0 0)
(0 0 0)
(0 0 0)
(0 0 0)
(0 0 0)
(0 0 0)
(0 0 0)
(0 0 0)
(0 0 0)
(0 0 0)
(0 0 0)
(0 0 0)
(0 0 0)
(0 0 0)
(0 0 0)
(0 0 0)
(0 0 0)
(0 0 0)
(0 0 0)
(0 0 0)
(0 0 0)
(0 0 0)
(0 0 0)
(0 0 0)
(0 0 0)
(0 0 0)
(0 0 0)
(0 0 0)
(0 0 0)
(0 0 0)
(0 0 0)
(0 0 0)
(0 0 0)
(0 0 0)
(0 0 0)
(0 0 0)
(0 0 0)
(0 0 0)
(0 0 0)
(0 0 0)
(0 0 0)
(0 0 0)
(0 0 0)
(0 0 0)
(0 0 0)
(0 0 0)
(0 0 0)
(0 0 0)
(0 0 0)
(0 0 0)
(0 0 0)
(0 0 0)
(0 0 0)
(0 0 0)
(0 0 0)
(0 0 0)
(0 0 0)
(0 0 0)
(0 0 0)
(0 0 0)
(0 0 0)
(0 0 0)
(0 0 0)
(0 0 0)
(0 0 0)
(0 0 0)
(0 0 0)
(0 0 0)
(0 0 0)
(0 0 0)
(0 0 0)
(0 0 0)
(0 0 0)
(0 0 0)
(0 0 0)
(0 0 0)
(0 0 0)
(0 0 0)
(0 0 0)
(0 0 0)
(0 0 0)
(0 0 0)
(0 0 0)
(0 0 0)
(0 0 0)
(0 0 0)
(0 0 0)
(0 0 0)
(0 0 0)
(0 0 0)
(0 0 0)
(0 0 0)
(0 0 0)
(0 0 0)
(0 0 0)
(0 0 0)
(0 0 0)
(0 0 0)
(0 0 0)
(0 0 0)
(0 0 0)
(0 0 0)
(0 0 0)
(0 0 0)
(0 0 0)
(0 0 0)
(0 0 0)
(0 0 0)
(0 0 0)
(0 0 0)
(0 0 0)
(0 0 0)
(0 0 0)
(0 0 0)
(0 0 0)
(0 0 0)
(0 0 0)
(0 0 0)
(0 0 0)
(0 0 0)
(0 0 0)
(0 0 0)
(0 0 0)
(0 0 0)
(0 0 0)
(0 0 0)
(0 0 0)
(0 0 0)
(0 0 0)
(0 0 0)
(0 0 0)
(0 0 0)
(0 0 0)
(0 0 0)
(0 0 0)
(0 0 0)
(0 0 0)
(0 0 0)
(0 0 0)
(0 0 0)
(0 0 0)
(0 0 0)
(0 0 0)
(0 0 0)
(0 0 0)
(0 0 0)
(0 0 0)
(0 0 0)
(0 0 0)
(0 0 0)
(0 0 0)
(0 0 0)
(0 0 0)
(0 0 0)
(0 0 0)
(0 0 0)
(0 0 0)
(0 0 0)
(0 0 0)
(0 0 0)
(0 0 0)
(0 0 0)
)
;
    }
    procBoundary2to3
    {
        type            processor;
        value           nonuniform List<vector> 
450
(
(0 0 0)
(0 0 0)
(0 0 0)
(0 0 0)
(0 0 0)
(0 0 0)
(0 0 0)
(0 0 0)
(0 0 0)
(0 0 0)
(0 0 0)
(0 0 0)
(0 0 0)
(0 0 0)
(0 0 0)
(0 0 0)
(0 0 0)
(0 0 0)
(0 0 0)
(0 0 0)
(0 0 0)
(0 0 0)
(0 0 0)
(0 0 0)
(0 0 0)
(0 0 0)
(0 0 0)
(0 0 0)
(0 0 0)
(0 0 0)
(0 0 0)
(0 0 0)
(0 0 0)
(0 0 0)
(0 0 0)
(0 0 0)
(0 0 0)
(0 0 0)
(0 0 0)
(0 0 0)
(0 0 0)
(0 0 0)
(0 0 0)
(0 0 0)
(0 0 0)
(0 0 0)
(0 0 0)
(0 0 0)
(0 0 0)
(0 0 0)
(0 0 0)
(0 0 0)
(0 0 0)
(0 0 0)
(0 0 0)
(0 0 0)
(0 0 0)
(0 0 0)
(0 0 0)
(0 0 0)
(0 0 0)
(0 0 0)
(0 0 0)
(0 0 0)
(0 0 0)
(0 0 0)
(0 0 0)
(0 0 0)
(0 0 0)
(0 0 0)
(0 0 0)
(0 0 0)
(0 0 0)
(0 0 0)
(0 0 0)
(0 0 0)
(0 0 0)
(0 0 0)
(0 0 0)
(0 0 0)
(0 0 0)
(0 0 0)
(0 0 0)
(0 0 0)
(0 0 0)
(0 0 0)
(0 0 0)
(0 0 0)
(0 0 0)
(0 0 0)
(0 0 0)
(0 0 0)
(0 0 0)
(0 0 0)
(0 0 0)
(0 0 0)
(0 0 0)
(0 0 0)
(0 0 0)
(0 0 0)
(0 0 0)
(0 0 0)
(0 0 0)
(0 0 0)
(0 0 0)
(0 0 0)
(0 0 0)
(0 0 0)
(0 0 0)
(0 0 0)
(0 0 0)
(0 0 0)
(0 0 0)
(0 0 0)
(0 0 0)
(0 0 0)
(0 0 0)
(0 0 0)
(0 0 0)
(0 0 0)
(0 0 0)
(0 0 0)
(0 0 0)
(0 0 0)
(0 0 0)
(0 0 0)
(0 0 0)
(0 0 0)
(0 0 0)
(0 0 0)
(0 0 0)
(0 0 0)
(0 0 0)
(0 0 0)
(0 0 0)
(0 0 0)
(0 0 0)
(0 0 0)
(0 0 0)
(0 0 0)
(0 0 0)
(0 0 0)
(0 0 0)
(0 0 0)
(0 0 0)
(0 0 0)
(0 0 0)
(0 0 0)
(0 0 0)
(0 0 0)
(0 0 0)
(0 0 0)
(0 0 0)
(0 0 0)
(0 0 0)
(0 0 0)
(0 0 0)
(0 0 0)
(0 0 0)
(0 0 0)
(0 0 0)
(0 0 0)
(0 0 0)
(0 0 0)
(0 0 0)
(0 0 0)
(0 0 0)
(0 0 0)
(0 0 0)
(0 0 0)
(0 0 0)
(0 0 0)
(0 0 0)
(0 0 0)
(0 0 0)
(0 0 0)
(0 0 0)
(0 0 0)
(0 0 0)
(0 0 0)
(0 0 0)
(0 0 0)
(0 0 0)
(0 0 0)
(0 0 0)
(0 0 0)
(0 0 0)
(0 0 0)
(0 0 0)
(0 0 0)
(0 0 0)
(0 0 0)
(0 0 0)
(0 0 0)
(0 0 0)
(0 0 0)
(0 0 0)
(0 0 0)
(0 0 0)
(0 0 0)
(-2.70738e-06 1.60629e-06 -4.09504e-06)
(-1.60603e-06 2.53825e-06 -5.20374e-06)
(-6.25974e-07 1.7188e-06 -5.09766e-06)
(-8.81802e-07 2.00149e-06 -5.90618e-06)
(3.00112e-07 9.27371e-07 -3.92733e-06)
(-4.15462e-06 7.2531e-06 -1.32888e-05)
(-1.25936e-06 6.03955e-06 -1.07368e-05)
(2.2739e-06 5.48825e-06 -1.30462e-05)
(1.566e-06 3.99704e-06 -1.25538e-05)
(7.54846e-07 5.33301e-06 -1.06452e-05)
(-4.42292e-06 8.47585e-06 -1.76195e-05)
(-3.44571e-09 9.54016e-06 -2.13325e-05)
(2.15548e-06 7.33593e-06 -1.92809e-05)
(2.64647e-06 5.05832e-06 -1.92626e-05)
(1.90566e-06 8.23861e-06 -1.9757e-05)
(-5.0062e-06 7.85858e-06 -2.48705e-05)
(7.80361e-06 2.12925e-05 -3.13151e-05)
(2.88871e-06 9.43976e-06 -2.68817e-05)
(1.10458e-06 5.45638e-06 -2.52119e-05)
(1.62932e-06 7.0908e-06 -2.34366e-05)
(-5.49266e-06 4.29775e-07 -2.6551e-05)
(5.99486e-07 3.67023e-06 -2.92132e-05)
(-4.38669e-07 4.9114e-06 -2.92418e-05)
(3.08594e-06 2.03441e-06 -2.89282e-05)
(2.17724e-06 1.45434e-06 -2.55757e-05)
(-4.04158e-06 -3.88314e-06 -2.72589e-05)
(4.87816e-07 -3.65057e-06 -2.95959e-05)
(1.15891e-06 -5.79828e-06 -2.95878e-05)
(6.88245e-06 -7.76082e-06 -2.99364e-05)
(6.8967e-06 -5.66394e-06 -2.5253e-05)
(-2.29385e-06 -4.8567e-06 -2.22171e-05)
(9.31961e-07 -6.49518e-06 -2.69047e-05)
(4.41849e-07 -1.02228e-05 -2.92579e-05)
(6.75478e-06 -1.04531e-05 -2.87549e-05)
(9.48082e-06 -1.1768e-05 -2.49344e-05)
(-2.31361e-06 -1.09963e-05 -2.40783e-05)
(9.28058e-08 -1.26494e-05 -2.50968e-05)
(1.27692e-06 -1.50033e-05 -2.76408e-05)
(6.23455e-06 -1.43318e-05 -2.4674e-05)
(1.03562e-05 -1.40903e-05 -2.3646e-05)
(-4.63289e-06 -1.45662e-05 -2.45444e-05)
(1.40987e-06 -8.92476e-06 -2.19947e-05)
(2.7721e-06 -1.56942e-05 -2.42493e-05)
(8.09332e-06 -1.78989e-05 -2.00097e-05)
(1.28121e-05 -1.49863e-05 -2.0313e-05)
(-5.2782e-06 -1.40304e-05 -2.1792e-05)
(-3.63114e-06 -1.13378e-05 -1.45954e-05)
(3.83833e-06 -1.75335e-05 -1.72011e-05)
(7.94189e-06 -1.17691e-05 -1.60848e-05)
(9.35846e-06 -8.87125e-06 -2.83006e-05)
(-2.40942e-05 -2.8437e-06 -1.89932e-05)
(-5.25845e-06 -1.97551e-05 -1.54995e-05)
(-1.3226e-06 -7.181e-06 -9.8899e-06)
(7.23577e-06 -1.91119e-06 -1.13163e-05)
(9.79308e-06 1.04578e-05 -2.87883e-05)
(-3.08195e-05 -3.17817e-05 -3.07196e-05)
(-2.38977e-05 -2.44792e-05 -2.26096e-05)
(-1.26852e-06 2.96402e-05 -1.40789e-05)
(6.44767e-06 6.04763e-06 -1.98262e-05)
(1.71071e-05 5.20973e-06 -2.70638e-05)
(1.66928e-05 4.47098e-06 -1.04026e-05)
(0 0 0)
(-4.24305e-07 4.7462e-05 -1.69215e-05)
(0 0 0)
(0 0 0)
(0 0 0)
(0 0 0)
(0 0 0)
(0 0 0)
(0 0 0)
(0 0 0)
(0 0 0)
(0 0 0)
(0 0 0)
(0 0 0)
(0 0 0)
(0 0 0)
(0 0 0)
(0 0 0)
(0 0 0)
(0 0 0)
(0 0 0)
(0 0 0)
(0 0 0)
(0 0 0)
(0 0 0)
(0 0 0)
(0 0 0)
(0 0 0)
(0 0 0)
(0 0 0)
(0 0 0)
(0 0 0)
(0 0 0)
(0 0 0)
(0 0 0)
(0 0 0)
(0 0 0)
(0 0 0)
(0 0 0)
(0 0 0)
(0 0 0)
(0 0 0)
(0 0 0)
(0 0 0)
(0 0 0)
(0 0 0)
(0 0 0)
(0 0 0)
(0 0 0)
(0 0 0)
(0 0 0)
(0 0 0)
(0 0 0)
(0 0 0)
(0 0 0)
(0 0 0)
(0 0 0)
(0 0 0)
(0 0 0)
(0 0 0)
(0 0 0)
(0 0 0)
(0 0 0)
(0 0 0)
(0 0 0)
(0 0 0)
(0 0 0)
(0 0 0)
(0 0 0)
(0 0 0)
(0 0 0)
(0 0 0)
(0 0 0)
(0 0 0)
(0 0 0)
(0 0 0)
(0 0 0)
(0 0 0)
(0 0 0)
(0 0 0)
(0 0 0)
(0 0 0)
(0 0 0)
(0 0 0)
(0 0 0)
(0 0 0)
(0 0 0)
(0 0 0)
(0 0 0)
(0 0 0)
(0 0 0)
(0 0 0)
(0 0 0)
(0 0 0)
(0 0 0)
(0 0 0)
(0 0 0)
(0 0 0)
(0 0 0)
(0 0 0)
(0 0 0)
(0 0 0)
(0 0 0)
(0 0 0)
(0 0 0)
(0 0 0)
(0 0 0)
(0 0 0)
(0 0 0)
(0 0 0)
(0 0 0)
(0 0 0)
(0 0 0)
(0 0 0)
(0 0 0)
(0 0 0)
(0 0 0)
(0 0 0)
(0 0 0)
(0 0 0)
(0 0 0)
(0 0 0)
(0 0 0)
(0 0 0)
(0 0 0)
(0 0 0)
(0 0 0)
(0 0 0)
(0 0 0)
(0 0 0)
(0 0 0)
(0 0 0)
(0 0 0)
(0 0 0)
(0 0 0)
(0 0 0)
(0 0 0)
(0 0 0)
(0 0 0)
(0 0 0)
(0 0 0)
(0 0 0)
(0 0 0)
(0 0 0)
(0 0 0)
(0 0 0)
(0 0 0)
(0 0 0)
(0 0 0)
(0 0 0)
(0 0 0)
(0 0 0)
(0 0 0)
(0 0 0)
(0 0 0)
(0 0 0)
(0 0 0)
(0 0 0)
(0 0 0)
(0 0 0)
(0 0 0)
(0 0 0)
(0 0 0)
(0 0 0)
(0 0 0)
(0 0 0)
(0 0 0)
(0 0 0)
(0 0 0)
(0 0 0)
(0 0 0)
(0 0 0)
(0 0 0)
(0 0 0)
(0 0 0)
(0 0 0)
(0 0 0)
(0 0 0)
(0 0 0)
(0 0 0)
(0 0 0)
(0 0 0)
(0 0 0)
(0 0 0)
(0 0 0)
(0 0 0)
(0 0 0)
(0 0 0)
(0 0 0)
)
;
    }
}


// ************************************************************************* //
