/*--------------------------------*- C++ -*----------------------------------*\
| =========                 |                                                 |
| \\      /  F ield         | OpenFOAM: The Open Source CFD Toolbox           |
|  \\    /   O peration     | Version:  5.x                                   |
|   \\  /    A nd           | Web:      www.OpenFOAM.org                      |
|    \\/     M anipulation  |                                                 |
\*---------------------------------------------------------------------------*/
FoamFile
{
    version     2.0;
    format      ascii;
    class       volVectorField;
    location    "0.007";
    object      Us;
}
// * * * * * * * * * * * * * * * * * * * * * * * * * * * * * * * * * * * * * //

dimensions      [0 1 -1 0 0 0 0];

internalField   nonuniform List<vector> 
180
(
(0 0 0)
(0 0 0)
(0 0 0)
(0 0 0)
(0 0 0)
(0 0 0)
(0 0 0)
(0 0 0)
(0 0 0)
(0 0 0)
(0 0 0)
(0 0 0)
(0 0 0)
(0 0 0)
(0 0 0)
(0 0 0)
(0 0 0)
(0 0 0)
(0 0 0)
(0 0 0)
(0 0 0)
(0 0 0)
(0 0 0)
(0 0 0)
(0 0 0)
(0 0 0)
(0 0 0)
(0 0 0)
(0 0 0)
(0 0 0)
(0 0 0)
(0 0 0)
(0 0 0)
(0 0 0)
(0 0 0)
(0 0 0)
(0 0 0)
(0 0 0)
(0 0 0)
(0 0 0)
(0 0 0)
(0 0 0)
(0 0 0)
(0 0 0)
(0 0 0)
(0 0 0)
(0 0 0)
(0 0 0)
(0 0 0)
(0 0 0)
(0 0 0)
(0 0 0)
(0 0 0)
(0 0 0)
(0 0 0)
(0 0 0)
(0 0 0)
(0 0 0)
(0 0 0)
(0 0 0)
(0 0 0)
(0 0 0)
(0 0 0)
(0 0 0)
(0 0 0)
(0 0 0)
(0 0 0)
(0 0 0)
(0 0 0)
(0 0 0)
(0 0 0)
(0 0 0)
(0 0 0)
(0 0 0)
(0 0 0)
(0 0 0)
(0 0 0)
(0 0 0)
(0 0 0)
(0 0 0)
(5.37087e-06 -4.92141e-06 -2.68308e-05)
(2.3867e-06 -2.62962e-06 -2.68859e-05)
(4.27823e-06 -3.48854e-06 -2.98304e-05)
(6.16582e-06 -4.51695e-06 -5.35675e-05)
(1.07029e-05 -9.25218e-07 -8.05213e-05)
(1.57348e-06 -6.95151e-06 -9.48172e-05)
(2.73484e-06 -1.104e-05 -8.73071e-05)
(-4.41068e-06 -1.66482e-05 -0.0001087)
(4.46531e-06 -2.51301e-06 -9.85611e-05)
(-7.85086e-06 -3.16785e-06 -9.61748e-05)
(-1.55408e-05 1.08287e-05 -0.000115289)
(-2.60729e-05 1.53482e-05 -0.00011809)
(-2.87305e-05 9.37886e-06 -0.000117859)
(-2.52439e-05 1.02971e-06 -8.28179e-05)
(-2.30825e-05 -2.27195e-06 -0.00010651)
(-3.4515e-05 -2.92804e-05 -5.07433e-05)
(-1.80126e-05 -3.86563e-06 -4.02572e-05)
(-1.34094e-05 -2.3698e-06 -1.5175e-05)
(-9.28714e-06 -8.57854e-06 -1.30184e-06)
(-2.79649e-07 -3.59493e-06 1.3688e-05)
(1.84188e-06 -3.12476e-06 2.23091e-05)
(1.72798e-06 -2.58578e-05 4.09922e-05)
(-4.49067e-07 -1.55519e-05 5.3243e-05)
(-5.41314e-07 -1.48425e-05 5.29883e-05)
(-5.41314e-07 -1.48425e-05 5.29883e-05)
(0 0 0)
(0 0 0)
(0 0 0)
(0 0 0)
(0 0 0)
(0 0 0)
(0 0 0)
(0 0 0)
(0 0 0)
(0 0 0)
(0 0 0)
(0 0 0)
(0 0 0)
(0 0 0)
(0 0 0)
(0 0 0)
(0 0 0)
(0 0 0)
(0 0 0)
(0 0 0)
(0 0 0)
(0 0 0)
(0 0 0)
(0 0 0)
(0 0 0)
(0 0 0)
(0 0 0)
(0 0 0)
(0 0 0)
(0 0 0)
(0 0 0)
(0 0 0)
(0 0 0)
(0 0 0)
(0 0 0)
(0 0 0)
(0 0 0)
(0 0 0)
(0 0 0)
(0 0 0)
(0 0 0)
(0 0 0)
(0 0 0)
(0 0 0)
(0 0 0)
(0 0 0)
(0 0 0)
(0 0 0)
(0 0 0)
(0 0 0)
(0 0 0)
(0 0 0)
(0 0 0)
(0 0 0)
(0 0 0)
(0 0 0)
(0 0 0)
(0 0 0)
(0 0 0)
(0 0 0)
(0 0 0)
(0 0 0)
(0 0 0)
(0 0 0)
(0 0 0)
(0 0 0)
(0 0 0)
(0 0 0)
(0 0 0)
(0 0 0)
(0 0 0)
(0 0 0)
(0 0 0)
(0 0 0)
(0 0 0)
)
;

boundaryField
{
    inlet
    {
        type            fixedValue;
        value           uniform (0 0 0);
    }
    outlet
    {
        type            fixedValue;
        value           uniform (0 0 0);
    }
    repeat_boundary
    {
        type            fixedValue;
        value           uniform (0 0 0);
    }
    procBoundary3to1
    {
        type            processor;
        value           nonuniform List<vector> 
180
(
(0 0 0)
(0 0 0)
(0 0 0)
(0 0 0)
(0 0 0)
(0 0 0)
(0 0 0)
(0 0 0)
(0 0 0)
(0 0 0)
(0 0 0)
(0 0 0)
(0 0 0)
(0 0 0)
(0 0 0)
(0 0 0)
(0 0 0)
(0 0 0)
(0 0 0)
(0 0 0)
(0 0 0)
(0 0 0)
(0 0 0)
(0 0 0)
(0 0 0)
(0 0 0)
(0 0 0)
(0 0 0)
(0 0 0)
(0 0 0)
(0 0 0)
(0 0 0)
(0 0 0)
(0 0 0)
(0 0 0)
(0 0 0)
(0 0 0)
(0 0 0)
(0 0 0)
(0 0 0)
(0 0 0)
(0 0 0)
(0 0 0)
(0 0 0)
(0 0 0)
(0 0 0)
(0 0 0)
(0 0 0)
(0 0 0)
(0 0 0)
(0 0 0)
(0 0 0)
(0 0 0)
(0 0 0)
(0 0 0)
(0 0 0)
(0 0 0)
(0 0 0)
(0 0 0)
(0 0 0)
(0 0 0)
(0 0 0)
(0 0 0)
(0 0 0)
(0 0 0)
(0 0 0)
(0 0 0)
(0 0 0)
(0 0 0)
(0 0 0)
(0 0 0)
(0 0 0)
(0 0 0)
(0 0 0)
(0 0 0)
(0 0 0)
(0 0 0)
(0 0 0)
(0 0 0)
(0 0 0)
(2.3208e-05 1.29512e-05 -3.50406e-05)
(1.60834e-05 9.33675e-06 -3.06771e-05)
(1.77144e-05 1.21349e-05 -3.55914e-05)
(1.79073e-05 2.32359e-05 -5.90939e-05)
(1.81659e-05 2.535e-05 -8.02926e-05)
(1.82458e-05 2.84064e-05 -8.85983e-05)
(1.80084e-05 2.30081e-05 -9.5725e-05)
(1.0005e-05 -7.18408e-07 -0.000124723)
(1.47198e-05 9.83375e-06 -0.00012147)
(1.21126e-06 5.24079e-06 -0.000119141)
(2.14787e-06 1.54366e-05 -0.000127485)
(1.95548e-06 2.63042e-05 -0.000149269)
(-1.36924e-05 5.44003e-06 -0.000130295)
(-7.70284e-06 -4.45492e-06 -0.000139549)
(-9.7708e-06 -6.03665e-06 -0.000110037)
(5.9085e-06 -4.90366e-06 -0.000100807)
(1.20698e-05 -3.617e-06 -6.97215e-05)
(1.0513e-05 -1.27822e-06 -3.0392e-05)
(4.97746e-06 3.45767e-06 -4.4146e-05)
(-3.44758e-06 -1.30343e-05 -8.65491e-06)
(-3.51232e-06 -2.83691e-05 4.2491e-05)
(-1.8176e-05 -2.19849e-05 0.000104243)
(-3.2217e-05 -2.09311e-05 0.000101171)
(-3.01056e-05 -2.45356e-05 0.000155763)
(-1.02782e-05 -6.12324e-05 0.000179666)
(-2.13393e-06 -7.59241e-05 0.000197916)
(0 0 0)
(0 0 0)
(0 0 0)
(0 0 0)
(0 0 0)
(0 0 0)
(0 0 0)
(0 0 0)
(0 0 0)
(0 0 0)
(0 0 0)
(0 0 0)
(0 0 0)
(0 0 0)
(0 0 0)
(0 0 0)
(0 0 0)
(0 0 0)
(0 0 0)
(0 0 0)
(0 0 0)
(0 0 0)
(0 0 0)
(0 0 0)
(0 0 0)
(0 0 0)
(0 0 0)
(0 0 0)
(0 0 0)
(0 0 0)
(0 0 0)
(0 0 0)
(0 0 0)
(0 0 0)
(0 0 0)
(0 0 0)
(0 0 0)
(0 0 0)
(0 0 0)
(0 0 0)
(0 0 0)
(0 0 0)
(0 0 0)
(0 0 0)
(0 0 0)
(0 0 0)
(0 0 0)
(0 0 0)
(0 0 0)
(0 0 0)
(0 0 0)
(0 0 0)
(0 0 0)
(0 0 0)
(0 0 0)
(0 0 0)
(0 0 0)
(0 0 0)
(0 0 0)
(0 0 0)
(0 0 0)
(0 0 0)
(0 0 0)
(0 0 0)
(0 0 0)
(0 0 0)
(0 0 0)
(0 0 0)
(0 0 0)
(0 0 0)
(0 0 0)
(0 0 0)
(0 0 0)
(0 0 0)
)
;
    }
    procBoundary3to2
    {
        type            processor;
        value           nonuniform List<vector> 
180
(
(0 0 0)
(0 0 0)
(0 0 0)
(0 0 0)
(0 0 0)
(0 0 0)
(0 0 0)
(0 0 0)
(0 0 0)
(0 0 0)
(0 0 0)
(0 0 0)
(0 0 0)
(0 0 0)
(0 0 0)
(0 0 0)
(0 0 0)
(0 0 0)
(0 0 0)
(0 0 0)
(0 0 0)
(0 0 0)
(0 0 0)
(0 0 0)
(0 0 0)
(0 0 0)
(0 0 0)
(0 0 0)
(0 0 0)
(0 0 0)
(0 0 0)
(0 0 0)
(0 0 0)
(0 0 0)
(0 0 0)
(0 0 0)
(0 0 0)
(0 0 0)
(0 0 0)
(0 0 0)
(0 0 0)
(0 0 0)
(0 0 0)
(0 0 0)
(0 0 0)
(0 0 0)
(0 0 0)
(0 0 0)
(0 0 0)
(0 0 0)
(0 0 0)
(0 0 0)
(0 0 0)
(0 0 0)
(0 0 0)
(0 0 0)
(0 0 0)
(0 0 0)
(0 0 0)
(0 0 0)
(0 0 0)
(0 0 0)
(0 0 0)
(0 0 0)
(0 0 0)
(0 0 0)
(0 0 0)
(0 0 0)
(0 0 0)
(0 0 0)
(0 0 0)
(0 0 0)
(0 0 0)
(0 0 0)
(0 0 0)
(0 0 0)
(0 0 0)
(0 0 0)
(0 0 0)
(0 0 0)
(-2.92301e-06 -1.81846e-06 -3.39273e-05)
(-6.15193e-06 -2.15163e-07 -3.42338e-05)
(-1.71955e-06 -8.52578e-07 -3.30088e-05)
(-2.84061e-06 4.0397e-06 -4.97072e-05)
(-1.4832e-06 1.01408e-05 -6.59667e-05)
(4.36239e-06 1.78063e-05 -6.4045e-05)
(1.86662e-06 1.75857e-05 -7.26032e-05)
(7.34884e-06 3.17418e-05 -0.000104869)
(6.25096e-07 3.17882e-05 -9.7966e-05)
(-1.25164e-05 4.06982e-05 -0.000108405)
(-3.30923e-05 3.66795e-05 -0.000119081)
(-2.62189e-05 3.61721e-05 -0.000133861)
(-3.66114e-05 4.46327e-05 -0.000131185)
(-2.48577e-05 1.34807e-05 -0.000126781)
(-2.77343e-05 1.15446e-05 -0.000113484)
(-2.8693e-05 1.4117e-07 -0.000102457)
(-1.49076e-05 -2.21255e-07 -9.27604e-05)
(4.31185e-06 -2.73557e-05 -8.87157e-05)
(-9.26694e-07 -4.17366e-05 -4.18055e-05)
(-1.01267e-05 -2.11327e-05 -6.78874e-06)
(-5.66886e-06 4.80376e-06 7.24828e-05)
(-3.67027e-05 2.30819e-05 0.000153628)
(-1.33912e-05 3.83337e-05 0.000159779)
(-3.44921e-06 5.05285e-05 0.000195646)
(1.04727e-05 2.95087e-05 0.000208328)
(0 0 0)
(0 0 0)
(0 0 0)
(0 0 0)
(0 0 0)
(0 0 0)
(0 0 0)
(0 0 0)
(0 0 0)
(0 0 0)
(0 0 0)
(0 0 0)
(0 0 0)
(0 0 0)
(0 0 0)
(0 0 0)
(0 0 0)
(0 0 0)
(0 0 0)
(0 0 0)
(0 0 0)
(0 0 0)
(0 0 0)
(0 0 0)
(0 0 0)
(0 0 0)
(0 0 0)
(0 0 0)
(0 0 0)
(0 0 0)
(0 0 0)
(0 0 0)
(0 0 0)
(0 0 0)
(0 0 0)
(0 0 0)
(0 0 0)
(0 0 0)
(0 0 0)
(0 0 0)
(0 0 0)
(0 0 0)
(0 0 0)
(0 0 0)
(0 0 0)
(0 0 0)
(0 0 0)
(0 0 0)
(0 0 0)
(0 0 0)
(0 0 0)
(0 0 0)
(0 0 0)
(0 0 0)
(0 0 0)
(0 0 0)
(0 0 0)
(0 0 0)
(0 0 0)
(0 0 0)
(0 0 0)
(0 0 0)
(0 0 0)
(0 0 0)
(0 0 0)
(0 0 0)
(0 0 0)
(0 0 0)
(0 0 0)
(0 0 0)
(0 0 0)
(0 0 0)
(0 0 0)
(0 0 0)
(0 0 0)
)
;
    }
}


// ************************************************************************* //
