/*--------------------------------*- C++ -*----------------------------------*\
  =========                 |
  \\      /  F ield         | OpenFOAM: The Open Source CFD Toolbox
   \\    /   O peration     | Website:  https://openfoam.org
    \\  /    A nd           | Version:  9
     \\/     M anipulation  |
\*---------------------------------------------------------------------------*/
FoamFile
{
    format      ascii;
    class       volVectorField;
    location    "5000";
    object      Us;
}
// * * * * * * * * * * * * * * * * * * * * * * * * * * * * * * * * * * * * * //

dimensions      [0 1 -1 0 0 0 0];

internalField   nonuniform List<vector> 
720
(
(0 0 0)
(0 0 0)
(0 0 0)
(0 0 0)
(0 0 0)
(0 0 0)
(0 0 0)
(0 0 0)
(0 0 0)
(0 0 0)
(0 0 0)
(0 0 0)
(0 0 0)
(0 0 0)
(0 0 0)
(0 0 0)
(0 0 0)
(0 0 0)
(0 0 0)
(0 0 0)
(0 0 0)
(0 0 0)
(0 0 0)
(0 0 0)
(0 0 0)
(0 0 0)
(0 0 0)
(0 0 0)
(0 0 0)
(0 0 0)
(0 0 0)
(0 0 0)
(0 0 0)
(0 0 0)
(0 0 0)
(0 0 0)
(0 0 0)
(0 0 0)
(0 0 0)
(0 0 0)
(0 0 0)
(0 0 0)
(0 0 0)
(0 0 0)
(0 0 0)
(0 0 0)
(0 0 0)
(0 0 0)
(0 0 0)
(0 0 0)
(0 0 0)
(0 0 0)
(0 0 0)
(0 0 0)
(0 0 0)
(0 0 0)
(0 0 0)
(0 0 0)
(0 0 0)
(0 0 0)
(0 0 0)
(0 0 0)
(0 0 0)
(0 0 0)
(0 0 0)
(0 0 0)
(0 0 0)
(0 0 0)
(0 0 0)
(0 0 0)
(0 0 0)
(0 0 0)
(0 0 0)
(0 0 0)
(0 0 0)
(0 0 0)
(0 0 0)
(0 0 0)
(0 0 0)
(0 0 0)
(0 0 0)
(0 0 0)
(0 0 0)
(0 0 0)
(0 0 0)
(0 0 0)
(0 0 0)
(0 0 0)
(0 0 0)
(0 0 0)
(0 0 0)
(0 0 0)
(0 0 0)
(0 0 0)
(0 0 0)
(0 0 0)
(0 0 0)
(0 0 0)
(0 0 0)
(0 0 0)
(0 0 0)
(0 0 0)
(0 0 0)
(0 0 0)
(0 0 0)
(0 0 0)
(0 0 0)
(0 0 0)
(0 0 0)
(0 0 0)
(0 0 0)
(0 0 0)
(0 0 0)
(0 0 0)
(0 0 0)
(0 0 0)
(0 0 0)
(0 0 0)
(0 0 0)
(0 0 0)
(0 0 0)
(0 0 0)
(0 0 0)
(0 0 0)
(0 0 0)
(0 0 0)
(0 0 0)
(0 0 0)
(0 0 0)
(0 0 0)
(0 0 0)
(0 0 0)
(0 0 0)
(0 0 0)
(0 0 0)
(0 0 0)
(0 0 0)
(0 0 0)
(0 0 0)
(0 0 0)
(0 0 0)
(0 0 0)
(0 0 0)
(0 0 0)
(0 0 0)
(0 0 0)
(0 0 0)
(0 0 0)
(0 0 0)
(0 0 0)
(0 0 0)
(0 0 0)
(0 0 0)
(0 0 0)
(0 0 0)
(0 0 0)
(0 0 0)
(0 0 0)
(0 0 0)
(0 0 0)
(0 0 0)
(0 0 0)
(0 0 0)
(0 0 0)
(0 0 0)
(0 0 0)
(0 0 0)
(0 0 0)
(0 0 0)
(0 0 0)
(0 0 0)
(0 0 0)
(0 0 0)
(0 0 0)
(0 0 0)
(0 0 0)
(0 0 0)
(0 0 0)
(0 0 0)
(0 0 0)
(0 0 0)
(0 0 0)
(0 0 0)
(0 0 0)
(0 0 0)
(0 0 0)
(0 0 0)
(0 0 0)
(0 0 0)
(0 0 0)
(0 0 0)
(0 0 0)
(0 0 0)
(0 0 0)
(0 0 0)
(0 0 0)
(0 0 0)
(0 0 0)
(0 0 0)
(0 0 0)
(0 0 0)
(0 0 0)
(0 0 0)
(0 0 0)
(0 0 0)
(0 0 0)
(0 0 0)
(0 0 0)
(0 0 0)
(0 0 0)
(0 0 0)
(0 0 0)
(0 0 0)
(0 0 0)
(0 0 0)
(0 0 0)
(0 0 0)
(0 0 0)
(0 0 0)
(0 0 0)
(0 0 0)
(0 0 0)
(0 0 0)
(0 0 0)
(0 0 0)
(0 0 0)
(0 0 0)
(0 0 0)
(0 0 0)
(0 0 0)
(0 0 0)
(0 0 0)
(0 0 0)
(0 0 0)
(0 0 0)
(0 0 0)
(0 0 0)
(0 0 0)
(0 0 0)
(0 0 0)
(0 0 0)
(0 0 0)
(0 0 0)
(0 0 0)
(0 0 0)
(0 0 0)
(0 0 0)
(0 0 0)
(0 0 0)
(0 0 0)
(0 0 0)
(0 0 0)
(0 0 0)
(0 0 0)
(0 0 0)
(0 0 0)
(0 0 0)
(0 0 0)
(0 0 0)
(0 0 0)
(0 0 0)
(0 0 0)
(0 0 0)
(0 0 0)
(0 0 0)
(0 0 0)
(0 0 0)
(0 0 0)
(0 0 0)
(0 0 0)
(0 0 0)
(0 0 0)
(0 0 0)
(0 0 0)
(0 0 0)
(0 0 0)
(0 0 0)
(0 0 0)
(0 0 0)
(0 0 0)
(0 0 0)
(0 0 0)
(0 0 0)
(0 0 0)
(0 0 0)
(0 0 0)
(0 0 0)
(0 0 0)
(0 0 0)
(0 0 0)
(0 0 0)
(0 0 0)
(0 0 0)
(0 0 0)
(0 0 0)
(0 0 0)
(0 0 0)
(0 0 0)
(0 0 0)
(0 0 0)
(0 0 0)
(0 0 0)
(0 0 0)
(0 0 0)
(0 0 0)
(0 0 0)
(0 0 0)
(0 0 0)
(0 0 0)
(0 0 0)
(0 0 0)
(0 0 0)
(0 0 0)
(0 0 0)
(0 0 0)
(0 0 0)
(0 0 0)
(0 0 0)
(0 0 0)
(0 0 0)
(5.40373e-06 -1.49011e-05 -0.000140147)
(5.01229e-06 1.01858e-05 -0.000139285)
(2.02506e-05 -1.84354e-05 -0.000119307)
(2.72492e-05 3.69576e-06 -0.000122882)
(8.17328e-06 -7.42966e-06 -0.000140107)
(7.99791e-06 1.25631e-05 -0.000131196)
(1.71622e-05 -9.04783e-06 -0.000159554)
(2.72492e-05 3.69576e-06 -0.000122882)
(4.19207e-06 -2.88647e-05 -0.000150672)
(1.59379e-05 1.89496e-05 -0.000196419)
(1.63069e-05 -1.18479e-05 -0.00022153)
(3.32217e-05 -1.71677e-07 -0.0001368)
(1.09966e-05 -1.94022e-05 -0.000172394)
(4.15777e-06 -1.8493e-07 -0.000172705)
(1.09204e-05 -8.81845e-06 -0.000191368)
(3.94635e-05 7.43953e-07 -0.000164651)
(2.40453e-05 -2.51855e-05 -0.000329614)
(-1.61217e-05 -2.64564e-05 -0.000284732)
(-1.31484e-06 -1.1188e-05 -0.000253937)
(-6.94807e-06 1.12269e-05 -0.000274456)
(1.75401e-05 -1.35455e-05 -0.000313599)
(-3.0534e-05 4.7147e-07 -0.000326631)
(1.01298e-05 1.41932e-05 -0.00024743)
(-1.19064e-05 2.15085e-05 -0.000360048)
(8.82715e-06 -2.73178e-05 -0.000340427)
(-4.07927e-05 -2.88349e-06 -0.000324154)
(-5.60486e-06 -2.89742e-05 -0.000238277)
(2.68379e-05 2.03682e-06 -0.00029745)
(-2.47641e-05 -1.77503e-05 -0.000307408)
(-4.88508e-05 -2.73246e-05 -0.000345854)
(-8.77594e-06 -3.65577e-05 -0.000258265)
(1.12165e-05 2.1898e-06 -0.00027573)
(-1.03684e-05 3.1104e-05 -0.000291672)
(-3.18986e-05 -2.81789e-05 -0.00035336)
(-9.23967e-06 -4.55321e-05 -0.000276815)
(7.97092e-06 9.43566e-06 -0.00024487)
(-2.97871e-05 4.25976e-05 -0.000307262)
(-4.79852e-05 -4.56613e-05 -0.000320226)
(-2.29262e-05 -6.03968e-05 -0.000276756)
(9.04106e-06 3.11678e-07 -0.000230077)
(-1.28023e-05 3.2062e-05 -0.000280793)
(-2.97138e-05 -2.10304e-05 -0.000324634)
(-8.8705e-07 -8.22101e-06 -0.0002341)
(-3.63821e-05 3.5747e-06 -0.000230409)
(7.73962e-06 -1.73083e-05 -0.00023436)
(-8.86064e-06 3.72228e-05 -0.000205877)
(-1.32155e-05 -7.42946e-05 -0.000163787)
(-2.81248e-05 1.43908e-06 -0.000211214)
(2.44078e-05 1.0989e-05 -0.000206341)
(2.10996e-05 4.07041e-05 -0.000130612)
(-4.85349e-06 -3.50402e-05 -0.00013069)
(-4.61967e-05 -2.44181e-05 -0.000185507)
(2.40171e-05 -8.30002e-06 -0.000165005)
(1.3713e-05 2.95141e-05 -0.000110437)
(1.77368e-05 -2.16386e-05 -0.000137377)
(-3.62652e-05 -2.81335e-05 -0.000123284)
(1.82006e-05 -5.06591e-06 -0.000146249)
(2.78651e-05 5.04468e-06 -9.05119e-05)
(7.64285e-05 -7.8079e-06 -9.05386e-05)
(-2.52913e-05 -3.07023e-05 -9.71325e-05)
(-8.38798e-07 -3.3698e-05 -0.000115128)
(5.25889e-05 2.29139e-05 -5.55492e-05)
(7.68556e-06 3.51395e-05 -4.18433e-05)
(-1.97081e-05 -2.71116e-05 -5.73744e-05)
(-2.51475e-06 -2.15688e-05 -8.15566e-05)
(3.99943e-05 -1.30526e-05 -1.04403e-05)
(5.07884e-06 5.07318e-06 -1.5437e-05)
(-3.30083e-05 -2.66012e-05 -2.68764e-05)
(-7.53703e-06 -7.33877e-06 -1.54697e-05)
(1.64223e-05 -4.14166e-05 -2.40619e-06)
(2.22546e-06 1.36342e-05 9.67029e-06)
(-2.84194e-05 -2.71554e-05 3.46007e-06)
(-1.78233e-05 -4.82978e-06 1.40083e-06)
(5.10337e-05 -3.22356e-05 -3.07612e-05)
(2.80684e-05 1.15973e-05 2.59607e-05)
(-5.40683e-05 -2.26808e-05 1.33897e-06)
(-3.4728e-05 -3.15548e-05 2.77756e-06)
(4.59582e-05 -1.46596e-05 1.8588e-05)
(2.67006e-05 -2.00679e-05 5.76407e-05)
(-2.50235e-05 -5.1184e-05 3.43812e-06)
(1.48874e-06 1.13054e-05 2.88375e-05)
(4.43193e-05 -2.93701e-05 -1.45283e-05)
(-3.41241e-05 -4.75635e-05 1.26395e-05)
(-1.85983e-05 -3.52982e-05 2.11068e-05)
(2.31024e-05 2.68649e-05 1.62588e-05)
(6.05612e-05 -5.20035e-05 5.62901e-06)
(-4.4581e-06 -7.77064e-05 4.61606e-05)
(5.21709e-05 -6.99179e-05 -2.044e-06)
(1.67851e-05 3.63129e-05 -1.18725e-05)
(5.6441e-05 -2.2059e-05 -9.03382e-05)
(-8.17311e-06 -0.000150794 -9.10967e-05)
(-2.57141e-05 -0.000101837 -1.58649e-05)
(2.66074e-05 1.76372e-05 -4.78587e-05)
(8.27701e-05 -9.10009e-05 -0.000145205)
(3.76793e-05 -0.000200935 -0.000146382)
(-0.000143069 -9.78164e-05 -0.000100152)
(0.000132857 -6.13629e-05 -0.000218925)
(9.67695e-05 -0.000123869 5.38465e-05)
(3.76793e-05 -0.000200935 -0.000146382)
(-0.000249807 -0.000204573 -0.000183034)
(0.000163523 -8.75471e-05 -0.000236923)
(9.67695e-05 -0.000123869 5.38465e-05)
(0 0 0)
(-0.000249807 -0.000204573 -0.000183034)
(0 0 0)
(0 0 0)
(0 0 0)
(0 0 0)
(0 0 0)
(0 0 0)
(0 0 0)
(0 0 0)
(0 0 0)
(0 0 0)
(0 0 0)
(0 0 0)
(0 0 0)
(0 0 0)
(0 0 0)
(0 0 0)
(0 0 0)
(0 0 0)
(0 0 0)
(0 0 0)
(0 0 0)
(0 0 0)
(0 0 0)
(0 0 0)
(0 0 0)
(0 0 0)
(0 0 0)
(0 0 0)
(0 0 0)
(0 0 0)
(0 0 0)
(0 0 0)
(0 0 0)
(0 0 0)
(0 0 0)
(0 0 0)
(0 0 0)
(0 0 0)
(0 0 0)
(0 0 0)
(0 0 0)
(0 0 0)
(0 0 0)
(0 0 0)
(0 0 0)
(0 0 0)
(0 0 0)
(0 0 0)
(0 0 0)
(0 0 0)
(0 0 0)
(0 0 0)
(0 0 0)
(0 0 0)
(0 0 0)
(0 0 0)
(0 0 0)
(0 0 0)
(0 0 0)
(0 0 0)
(0 0 0)
(0 0 0)
(0 0 0)
(0 0 0)
(0 0 0)
(0 0 0)
(0 0 0)
(0 0 0)
(0 0 0)
(0 0 0)
(0 0 0)
(0 0 0)
(0 0 0)
(0 0 0)
(0 0 0)
(0 0 0)
(0 0 0)
(0 0 0)
(0 0 0)
(0 0 0)
(0 0 0)
(0 0 0)
(0 0 0)
(0 0 0)
(0 0 0)
(0 0 0)
(0 0 0)
(0 0 0)
(0 0 0)
(0 0 0)
(0 0 0)
(0 0 0)
(0 0 0)
(0 0 0)
(0 0 0)
(0 0 0)
(0 0 0)
(0 0 0)
(0 0 0)
(0 0 0)
(0 0 0)
(0 0 0)
(0 0 0)
(0 0 0)
(0 0 0)
(0 0 0)
(0 0 0)
(0 0 0)
(0 0 0)
(0 0 0)
(0 0 0)
(0 0 0)
(0 0 0)
(0 0 0)
(0 0 0)
(0 0 0)
(0 0 0)
(0 0 0)
(0 0 0)
(0 0 0)
(0 0 0)
(0 0 0)
(0 0 0)
(0 0 0)
(0 0 0)
(0 0 0)
(0 0 0)
(0 0 0)
(0 0 0)
(0 0 0)
(0 0 0)
(0 0 0)
(0 0 0)
(0 0 0)
(0 0 0)
(0 0 0)
(0 0 0)
(0 0 0)
(0 0 0)
(0 0 0)
(0 0 0)
(0 0 0)
(0 0 0)
(0 0 0)
(0 0 0)
(0 0 0)
(0 0 0)
(0 0 0)
(0 0 0)
(0 0 0)
(0 0 0)
(0 0 0)
(0 0 0)
(0 0 0)
(0 0 0)
(0 0 0)
(0 0 0)
(0 0 0)
(0 0 0)
(0 0 0)
(0 0 0)
(0 0 0)
(0 0 0)
(0 0 0)
(0 0 0)
(0 0 0)
(0 0 0)
(0 0 0)
(0 0 0)
(0 0 0)
(0 0 0)
(0 0 0)
(0 0 0)
(0 0 0)
(0 0 0)
(0 0 0)
(0 0 0)
(0 0 0)
(0 0 0)
(0 0 0)
(0 0 0)
(0 0 0)
(0 0 0)
(0 0 0)
(0 0 0)
(0 0 0)
(0 0 0)
(0 0 0)
(0 0 0)
(0 0 0)
(0 0 0)
(0 0 0)
(0 0 0)
(0 0 0)
(0 0 0)
(0 0 0)
(0 0 0)
(0 0 0)
(0 0 0)
(0 0 0)
(0 0 0)
(0 0 0)
(0 0 0)
(0 0 0)
(0 0 0)
(0 0 0)
(0 0 0)
(0 0 0)
(0 0 0)
(0 0 0)
(0 0 0)
(0 0 0)
(0 0 0)
(0 0 0)
(0 0 0)
(0 0 0)
(0 0 0)
(0 0 0)
(0 0 0)
(0 0 0)
(0 0 0)
(0 0 0)
(0 0 0)
(0 0 0)
(0 0 0)
(0 0 0)
(0 0 0)
(0 0 0)
(0 0 0)
(0 0 0)
(0 0 0)
(0 0 0)
(0 0 0)
(0 0 0)
(0 0 0)
(0 0 0)
(0 0 0)
(0 0 0)
(0 0 0)
(0 0 0)
(0 0 0)
(0 0 0)
(0 0 0)
(0 0 0)
(0 0 0)
(0 0 0)
(0 0 0)
(0 0 0)
(0 0 0)
(0 0 0)
(0 0 0)
(0 0 0)
(0 0 0)
(0 0 0)
(0 0 0)
(0 0 0)
(0 0 0)
(0 0 0)
(0 0 0)
(0 0 0)
(0 0 0)
(0 0 0)
(0 0 0)
(0 0 0)
(0 0 0)
(0 0 0)
(0 0 0)
(0 0 0)
(0 0 0)
(0 0 0)
(0 0 0)
(0 0 0)
(0 0 0)
(0 0 0)
(0 0 0)
(0 0 0)
(0 0 0)
(0 0 0)
(0 0 0)
(0 0 0)
(0 0 0)
(0 0 0)
(0 0 0)
(0 0 0)
(0 0 0)
(0 0 0)
(0 0 0)
(0 0 0)
(0 0 0)
(0 0 0)
(0 0 0)
(0 0 0)
(0 0 0)
(0 0 0)
(0 0 0)
(0 0 0)
)
;

boundaryField
{
    inlet
    {
        type            fixedValue;
        value           uniform (0 0 0);
    }
    outlet
    {
        type            fixedValue;
        value           uniform (0 0 0);
    }
    repeat_boundary
    {
        type            fixedValue;
        value           uniform (0 0 0);
    }
}


// ************************************************************************* //
