/*--------------------------------*- C++ -*----------------------------------*\
| =========                 |                                                 |
| \\      /  F ield         | OpenFOAM: The Open Source CFD Toolbox           |
|  \\    /   O peration     | Version:  5.x                                   |
|   \\  /    A nd           | Web:      www.OpenFOAM.org                      |
|    \\/     M anipulation  |                                                 |
\*---------------------------------------------------------------------------*/
FoamFile
{
    version     2.0;
    format      ascii;
    class       volScalarField;
    location    "100000";
    object      Ksl;
}
// * * * * * * * * * * * * * * * * * * * * * * * * * * * * * * * * * * * * * //

dimensions      [1 -3 -1 0 0 0 0];

internalField   nonuniform List<scalar> 
2250
(
0
0
0
0
0
0
0
0
0
0
0
0
0
0
0
0
0
0
0
0
0
0
0
0
0
0
0
0
0
0
0
0
0
0
0
0
0
0
0
0
0
0
0
0
0
0
0
0
0
0
0
0
0
0
0
0
0
0
0
0
0
0
0
0
0
0
0
0
0
0
0
0
0
0
0
0
0
0
0
0
0
0
0
0
0
0
0
0
0
0
0
0
0
0
0
0
0
0
0
0
0
0
0
0
0
0
0
0
0
0
0
0
0
0
0
0
0
0
0
0
0
0
0
0
0
0
0
0
0
0
0
0
0
0
0
0
0
0
0
0
0
0
0
0
0
0
0
0
0
0
0
0
0
0
0
0
0
0
0
0
0
0
0
0
0
0
0
0
0
0
0
0
0
0
0
0
0
0
0
0
0
0
0
0
0
0
0
0
0
0
0
0
0
0
0
0
0
0
0
0
0
0
0
0
0
0
0
0
0
0
0
0
0
0
0
0
0
0
0
0
0
0
0
0
0
0
0
0
0
0
0
0
0
0
0
0
0
0
0
0
0
0
0
0
0
0
0
0
0
0
0
0
0
0
0
0
0
0
0
0
0
0
0
0
0
0
0
0
0
0
0
0
0
0
0
0
0
0
0
0
0
0
0
0
0
0
0
0
0
0
0
0
0
0
0
0
0
0
0
0
0
0
0
0
0
0
0
0
0
0
0
0
0
0
0
0
0
0
0
0
0
0
0
0
0
0
0
0
0
0
0
0
0
0
0
0
0
0
0
0
0
0
0
0
0
0
0
0
0
0
0
0
0
0
0
0
0
0
0
0
0
0
0
0
0
0
0
0
0
0
0
0
0
0
0
0
0
0
0
0
0
0
0
0
0
0
0
0
0
0
0
0
0
0
0
0
0
0
0
0
0
0
0
0
0
0
0
0
0
0
0
0
0
0
0
0
0
0
0
0
0
0
0
0
0
0
0
0
0
0
0
0
0
0
0
0
0
0
0
0
0
0
0
0
0
0
0
0
0
0
0
0
0
0
0
0
0
0
0
0
0
0
0
0
0
0
0
0
0
0
0
0
0
0
0
0
0
0
0
0
0
0
0
0
0
0
0
0
0
0
0
0
0
0
0
0
0
0
0
0
0
0
0
0
0
0
0
0
0
0
0
0
0
0
0
0
0
0
0
0
0
0
0
0
0
0
0
0
0
0
0
0
0
0
0
0
0
0
0
0
0
0
0
0
0
0
0
0
0
0
0
0
0
0
0
0
0
0
0
0
0
0
0
0
0
0
0
0
0
0
0
0
0
0
0
0
0
0
0
0
0
0
0
0
0
0
0
0
0
0
0
0
0
0
0
0
0
0
0
0
0
0
0
0
0
0
0
0
0
0
0
0
0
0
0
0
0
0
0
0
0
0
0
0
0
0
0
0
0
0
0
0
0
0
0
0
0
0
0
0
0
0
0
0
0
0
0
0
0
0
0
0
0
0
0
0
0
0
0
0
0
0
0
0
0
0
0
0
0
0
0
0
0
0
0
0
0
0
0
0
0
0
0
0
0
0
0
0
0
0
0
0
0
0
0
0
0
0
0
0
0
0
0
0
0
0
0
0
0
0
0
0
0
0
0
0
0
0
0
0
0
0
0
0
0
0
0
0
0
0
0
0
0
0
0
0
0
0
0
0
0
0
0
0
0
0
0
0
0
0
0
0
0
0
0
0
0
0
0
0
0
0
0
0
0
0
0
0
0
0
0
0
0
0
0
0
0
0
0
0
0
0
0
0
0
0
0
0
0
0
0
0
0
0
0
0
0
0
0
0
0
0
0
0
0
0
0
0
0
0
0
0
0
0
0
0
0
0
0
0
0
0
0
0
0
0
0
0
0
0
0
0
0
0
0
0
0
0
0
0
0
0
0
0
0
0
0
0
0
0
0
0
0
0
0
0
0
0
0
0
0
0
0
0
0
0
0
0
0
0
0
0
0
0
0
0
0
0
0
0
0
0
0
0
0
0
0
0
0
0
0
0
0
0
0
0
0
0
0
0
0
0
0
0
0
0
0
0
0
0
0
0
0
0
0
0
0
0
0
0
0
0
0
0
0
0
0
0
0
0
0
0
0
0
0
0
0
0
0
0
0
0
0
0
0
0
0
0
0
0
0
0
0
0
0
0
0
0
0
0
0
0
0
0
0
0
0
0
0
0
0
0
0
0
0
0
0
0
0
0
0
0
0
0
0
0
0
0
0
0
0
0
0
0
0
0
0
0
0
0
0.0282634
0.0420188
3.99657e-05
8.81568e-05
0.000140795
0.0634732
0.00172544
0.000361273
8.05818e-05
4.25487e-05
7.46707e-05
0.0110425
0.000343566
0.000141132
0.000467358
9.03956e-05
0.000117734
7.64798e-05
0.000126384
0.000125689
0.0253638
0.0253295
0.0338461
0.00016992
3.21145e-05
7.62533e-05
0.00015436
9.86704e-05
0.0390995
2.76738e-05
0.00028262
0.000146974
0.000182308
8.96787e-05
0.0108128
0.000145548
5.61818e-05
0.000276697
0.000112907
0.0410997
7.95729e-05
9.91197e-05
6.62663e-05
0.000275911
4.12725e-05
0.000272462
9.25806e-05
0.0294057
0.0246026
0.000175431
0.0200911
0.000144526
0.000159093
6.72974e-05
0.000170357
9.84434e-05
0.00017127
6.70232e-05
9.52045e-05
5.36501e-05
6.04212e-05
0.0409956
0.000584108
0.00170855
0.000111844
0.000134004
0.000133835
0.000165417
0.000138189
0.0228894
0.031853
0.021994
0.000143757
0.0090673
7.54743e-05
0.000167954
6.85698e-05
5.65612e-05
0.0146073
0.000139734
0.000111301
0.00426032
0.00011827
0.000136021
0.00108244
0.000125172
4.36006e-05
0.000111512
0.00389654
5.89921e-05
3.39757e-05
0.0153356
0.000162061
0.000249219
0.0117117
0.019422
0.000133562
0.0192022
0.00627619
5.44396e-05
0.000254289
0.000257148
0.000151523
9.64104e-05
0.000148878
0.00924599
0.00264128
3.36446e-05
0.012478
0.0281007
9.68894e-05
0.00994387
0.000138496
0.000178452
0.011512
8.84949e-05
7.18319e-05
0.00227744
0.000137032
0.00809157
3.39241e-05
0.00358167
0.00762473
4.56081e-05
0.0191395
0.000291446
0.00834904
0.000114595
9.46791e-05
3.84789e-05
0.000120119
0.00179103
0.000152536
6.85354e-05
0.000106427
0.0150539
9.46886e-05
0.000702308
5.71602e-05
7.84435e-05
0.000143963
0.000281134
7.10794e-05
0.00702404
0.0077763
0.016267
0.000865994
4.05144e-05
0.00844661
0.0178216
0.000211088
9.94263e-05
0.00760428
5.64381e-05
0.000110639
0.00642052
8.04473e-05
5.05771e-05
0.00555799
4.14318e-05
0.00025581
0.0111428
0.00897495
0.000588848
0.00013047
0.000211562
0.000113334
0.000447163
6.43772e-05
0.0321999
4.18469e-05
0.0306896
0.000332282
0.000270983
8.04123e-05
0.000100608
0.000190243
0.00452201
9.29987e-05
7.97465e-05
0.000211723
0.000160153
0.000112411
8.7065e-05
0.000153227
0.000125391
9.95537e-05
0.00965573
6.89106e-05
0.00618315
0.000157396
0.000177496
0.000122428
0.00578125
8.41137e-05
0.00216641
0.000136093
0.000109258
6.03065e-05
0.000161437
0.0030079
6.46941e-05
0.00154562
7.24779e-05
0.000158605
0.00173567
4.20018e-05
0.00269116
0.000504501
3.83903e-05
0.000170438
0.000508241
6.38209e-05
0.000505575
0.000517506
0.0026034
7.51383e-05
0.00171756
0.00013382
0.000246856
0.00293828
0.000180516
6.99251e-05
8.90786e-05
0.00279307
5.73772e-05
0.000298414
8.21383e-05
3.47857e-05
0.000330375
8.19705e-05
0.000814272
0.00193292
8.10553e-05
0.000164856
3.89829e-05
7.2892e-05
0.00212773
7.3073e-05
6.57601e-05
2.62761e-05
0.000113814
6.18957e-05
0.00185361
0.00226838
0.00327258
9.98528e-05
0.000152126
0.00374052
7.96781e-05
0.000167092
0.000235875
0.00157605
0.00118801
0.00174503
0.00119202
0.000105624
8.06164e-05
0.000243131
0.000170738
0.00212233
0.00168295
0.000157506
9.75388e-05
0.00407379
0.000353792
0.000225325
0.000216489
0.000114051
8.61108e-05
0.00106163
0.00129302
8.75901e-05
4.64631e-05
5.59697e-05
0.000122252
2.30031e-05
2.1948e-05
7.15472e-06
0.000252955
2.36446e-05
0.000434709
1.71174e-05
1.67574e-05
2.88444e-05
4.86897e-05
3.93204e-05
0.000452125
7.24775e-06
6.0213e-05
2.80553e-05
3.20766e-05
7.64686e-05
0.000261699
0.00159714
1.21804e-05
6.19324e-05
0.000466452
0.00182951
7.83181e-05
0.000227591
0
0
0
0
0.000173863
5.09081e-06
0
0
0
0
0
1.16838e-05
3.40878e-06
0.000314513
1.09914e-05
0.000155414
1.64513e-05
1.24235e-06
0
0
0
7.48422e-06
3.14519e-06
0
0
0
0
0
0
0
0
0
0
0
0
0
0
0
0
0
0
0
0
0
0
0
0
0
0
0
0
0
0
0
0
0
0
0
0
0
0
0
0
0
0
0
0
0
0
0
0
0
0
0
0
0
0
0
0
0
0
0
0
0
0
0
0
0
0
0
0
0
0
0
0
0
0
0
0
0
0
0
0
0
0
0
0
0
0
0
0
0
0
0
0
0
0
0
0
0
0
0
0
0
0
0
0
0
0
0
0
0
0
0
0
0
0
0
0
0
0
0
0
0
0
0
0
0
0
0
0
0
0
0
0
0
0
0
0
0
0
0
0
0
0
0
0
0
0
0
0
0
0
0
0
0
0
0
0
0
0
0
0
0
0
0
0
0
0
0
0
0
0
0
0
0
0
0
0
0
0
0
0
0
0
0
0
0
0
0
0
0
0
0
0
0
0
0
0
0
0
0
0
0
0
0
0
0
0
0
0
0
0
0
0
0
0
0
0
0
0
0
0
0
0
0
0
0
0
0
0
0
0
0
0
0
0
0
0
0
0
0
0
0
0
0
0
0
0
0
0
0
0
0
0
0
0
0
0
0
0
0
0
0
0
0
0
0
0
0
0
0
0
0
0
0
0
0
0
0
0
0
0
0
0
0
0
0
0
0
0
0
0
0
0
0
0
0
0
0
0
0
0
0
0
0
0
0
0
0
0
0
0
0
0
0
0
0
0
0
0
0
0
0
0
0
0
0
0
0
0
0
0
0
0
0
0
0
0
0
0
0
0
0
0
0
0
0
0
0
0
0
0
0
0
0
0
0
0
0
0
0
0
0
0
0
0
0
0
0
0
0
0
0
0
0
0
0
0
0
0
0
0
0
0
0
0
0
0
0
0
0
0
0
0
0
0
0
0
0
0
0
0
0
0
0
0
0
0
0
0
0
0
0
0
0
0
0
0
0
0
0
0
0
0
0
0
0
0
0
0
0
0
0
0
0
0
0
0
0
0
0
0
0
0
0
0
0
0
0
0
0
0
0
0
0
0
0
0
0
0
0
0
0
0
0
0
0
0
0
0
0
0
0
0
0
0
0
0
0
0
0
0
0
0
0
0
0
0
0
0
0
0
0
0
0
0
0
0
0
0
0
0
0
0
0
0
0
0
0
0
0
0
0
0
0
0
0
0
0
0
0
0
0
0
0
0
0
0
0
0
0
0
0
0
0
0
0
0
0
0
0
0
0
0
0
0
0
0
0
0
0
0
0
0
0
0
0
0
0
0
0
0
0
0
0
0
0
0
0
0
0
0
0
0
0
0
0
0
0
0
0
0
0
0
0
0
0
0
0
0
0
0
0
0
0
0
0
0
0
0
0
0
0
0
0
0
0
0
0
0
0
0
0
0
0
0
0
0
0
0
0
0
0
0
0
0
0
0
0
0
0
0
0
0
0
0
0
0
0
0
0
0
0
0
0
0
0
0
0
0
0
0
0
0
0
0
0
0
0
0
0
0
0
0
0
0
0
0
0
0
0
0
0
0
0
0
0
0
0
0
0
0
0
0
0
0
0
0
0
0
0
0
0
0
0
0
0
0
0
0
0
0
0
0
0
0
0
0
0
0
0
0
0
0
0
0
0
0
0
0
0
0
0
0
0
0
0
0
0
0
0
0
0
0
0
0
0
0
0
0
0
0
0
0
0
0
0
0
0
0
0
0
0
0
0
0
0
0
0
0
0
0
0
0
0
0
0
0
0
0
0
0
0
0
0
0
0
0
0
0
0
0
0
0
0
0
0
0
0
0
0
0
0
0
0
0
0
0
0
0
0
0
0
0
0
0
0
0
0
0
0
0
0
0
0
0
0
0
0
0
0
0
0
0
0
0
0
0
0
0
0
0
0
0
0
0
0
0
0
0
0
0
0
0
0
0
0
0
0
0
0
0
0
0
0
0
0
0
0
0
0
0
0
0
0
0
0
0
0
0
0
0
0
0
0
0
0
0
0
0
0
0
0
0
0
0
0
0
0
0
0
0
0
0
0
0
0
0
0
0
0
0
0
0
0
0
0
0
0
0
0
0
0
0
0
0
0
0
0
0
0
0
0
0
0
0
0
0
)
;

boundaryField
{
    inlet
    {
        type            zeroGradient;
    }
    outlet
    {
        type            zeroGradient;
    }
    repeat_boundary
    {
        type            zeroGradient;
    }
    procBoundary0to1
    {
        type            processor;
        value           nonuniform List<scalar> 
450
(
0
0
0
0
0
0
0
0
0
0
0
0
0
0
0
0
0
0
0
0
0
0
0
0
0
0
0
0
0
0
0
0
0
0
0
0
0
0
0
0
0
0
0
0
0
0
0
0
0
0
0
0
0
0
0
0
0
0
0
0
0
0
0
0
0
0
0
0
0
0
0
0
0
0
0
0
0
0
0
0
0
0
0
0
0
0
0
0
0
0
0
0
0
0
0
0
0
0
0
0
0
0
0
0
0
0
0
0
0
0
0
0
0
0
0
0
0
0
0
0
0
0
0
0
0
0
0
0
0
0
0
0
0
0
0
0
0
0
0
0
0
0
0
0
0
0
0
0
0
0
0
0
0
0
0
0
0
0
0
0
0
0
0
0
0
0
0
0
0
0
0
0
0
0
0
0
0
0
0
0
0
0
0
0
0
0
0
0
0
0
0
0
0
0
0
0
0
0
0
0
8.29451e-05
0.0255806
0.0317196
3.27373e-05
9.58325e-05
0.0260467
7.18488e-05
4.81706e-05
0.0419446
0.0181772
0.000127771
0.0149148
0.0202943
3.32769e-05
0.0219406
0.017332
4.0016e-05
0.0160373
0.000214327
1.61896e-05
0.0256273
8.76062e-05
3.4484e-05
0.000113846
0.00699899
0.025033
0.0178449
0.000102277
8.45659e-05
2.47139e-05
0.0117158
0.0277318
2.83124e-05
5.15509e-05
0.00288606
0.00171988
6.9581e-05
0.000685869
0.000155856
0.009407
0.00181
0.00394305
4.49087e-05
7.80058e-05
0.000990429
0.000135646
0.00253765
0.00350862
0.000138629
9.04972e-05
2.43186e-05
0.00109806
4.48385e-05
0.000105418
9.62722e-05
0.000985562
0.000643308
6.91979e-05
2.11991e-05
0.00153866
3.96562e-07
0
0
1.69235e-05
4.45673e-06
0
0
0
0
0
0
0
0
0
0
0
0
0
0
0
0
0
0
0
0
0
0
0
0
0
0
0
0
0
0
0
0
0
0
0
0
0
0
0
0
0
0
0
0
0
0
0
0
0
0
0
0
0
0
0
0
0
0
0
0
0
0
0
0
0
0
0
0
0
0
0
0
0
0
0
0
0
0
0
0
0
0
0
0
0
0
0
0
0
0
0
0
0
0
0
0
0
0
0
0
0
0
0
0
0
0
0
0
0
0
0
0
0
0
0
0
0
0
0
0
0
0
0
0
0
0
0
0
0
0
0
0
0
0
0
0
0
0
0
0
0
0
0
0
0
0
0
0
0
0
0
0
0
0
0
0
0
0
0
0
0
0
0
0
0
0
0
0
0
0
0
0
0
0
0
0
0
0
0
0
0
0
0
0
0
)
;
    }
    procBoundary0to2
    {
        type            processor;
        value           nonuniform List<scalar> 
450
(
0
0
0
0
0
0
0
0
0
0
0
0
0
0
0
0
0
0
0
0
0
0
0
0
0
0
0
0
0
0
0
0
0
0
0
0
0
0
0
0
0
0
0
0
0
0
0
0
0
0
0
0
0
0
0
0
0
0
0
0
0
0
0
0
0
0
0
0
0
0
0
0
0
0
0
0
0
0
0
0
0
0
0
0
0
0
0
0
0
0
0
0
0
0
0
0
0
0
0
0
0
0
0
0
0
0
0
0
0
0
0
0
0
0
0
0
0
0
0
0
0
0
0
0
0
0
0
0
0
0
0
0
0
0
0
0
0
0
0
0
0
0
0
0
0
0
0
0
0
0
0
0
0
0
0
0
0
0
0
0
0
0
0
0
0
0
0
0
0
0
0
0
0
0
0
0
0
0
0
0
0
0
0
0
0
0
0
0
0
0
0
0
0
0
0
0
0
0
0
0
0.000241468
8.37818e-05
7.6939e-05
0.00698289
0.0559117
0.000106448
0.000225053
3.50142e-05
5.7346e-05
0.000916305
5.97657e-05
0.0121383
0.00153935
0.0167652
8.50441e-05
4.40479e-05
0.00050454
4.64699e-05
0.000112842
0.0172455
0.0157438
5.43373e-05
5.05982e-05
0.00904955
1.45018e-05
8.52922e-05
0.0157306
0.00015167
0.00014158
8.68491e-05
0.0273717
2.62472e-05
0.000136796
6.67339e-05
0.00506009
5.88493e-05
0.00998083
0.00106326
0.0163755
5.38453e-05
4.16733e-05
0.000189161
0.0067596
6.97568e-05
0.0036875
5.84975e-05
5.98724e-05
0.00338415
3.67563e-05
0.00407389
7.21126e-05
6.31983e-05
0.00139843
0.00332674
0.00325313
0.000924758
1.30847e-05
0.000397199
4.59528e-06
3.84206e-05
0
0
0
0
0
0
0
0
0
0
0
0
0
0
0
0
0
0
0
0
0
0
0
0
0
0
0
0
0
0
0
0
0
0
0
0
0
0
0
0
0
0
0
0
0
0
0
0
0
0
0
0
0
0
0
0
0
0
0
0
0
0
0
0
0
0
0
0
0
0
0
0
0
0
0
0
0
0
0
0
0
0
0
0
0
0
0
0
0
0
0
0
0
0
0
0
0
0
0
0
0
0
0
0
0
0
0
0
0
0
0
0
0
0
0
0
0
0
0
0
0
0
0
0
0
0
0
0
0
0
0
0
0
0
0
0
0
0
0
0
0
0
0
0
0
0
0
0
0
0
0
0
0
0
0
0
0
0
0
0
0
0
0
0
0
0
0
0
0
0
0
0
0
0
0
0
0
0
0
0
0
0
0
0
0
0
0
0
0
0
)
;
    }
}


// ************************************************************************* //
