/*--------------------------------*- C++ -*----------------------------------*\
| =========                 |                                                 |
| \\      /  F ield         | OpenFOAM: The Open Source CFD Toolbox           |
|  \\    /   O peration     | Version:  5.x                                   |
|   \\  /    A nd           | Web:      www.OpenFOAM.org                      |
|    \\/     M anipulation  |                                                 |
\*---------------------------------------------------------------------------*/
FoamFile
{
    version     2.0;
    format      ascii;
    class       volVectorField;
    location    "90000";
    object      Us;
}
// * * * * * * * * * * * * * * * * * * * * * * * * * * * * * * * * * * * * * //

dimensions      [0 1 -1 0 0 0 0];

internalField   nonuniform List<vector> 
2250
(
(0 0 0)
(0 0 0)
(0 0 0)
(0 0 0)
(0 0 0)
(0 0 0)
(0 0 0)
(0 0 0)
(0 0 0)
(0 0 0)
(0 0 0)
(0 0 0)
(0 0 0)
(0 0 0)
(0 0 0)
(0 0 0)
(0 0 0)
(0 0 0)
(0 0 0)
(0 0 0)
(0 0 0)
(0 0 0)
(0 0 0)
(0 0 0)
(0 0 0)
(0 0 0)
(0 0 0)
(0 0 0)
(0 0 0)
(0 0 0)
(0 0 0)
(0 0 0)
(0 0 0)
(0 0 0)
(0 0 0)
(0 0 0)
(0 0 0)
(0 0 0)
(0 0 0)
(0 0 0)
(0 0 0)
(0 0 0)
(0 0 0)
(0 0 0)
(0 0 0)
(0 0 0)
(0 0 0)
(0 0 0)
(0 0 0)
(0 0 0)
(0 0 0)
(0 0 0)
(0 0 0)
(0 0 0)
(0 0 0)
(0 0 0)
(0 0 0)
(0 0 0)
(0 0 0)
(0 0 0)
(0 0 0)
(0 0 0)
(0 0 0)
(0 0 0)
(0 0 0)
(0 0 0)
(0 0 0)
(0 0 0)
(0 0 0)
(0 0 0)
(0 0 0)
(0 0 0)
(0 0 0)
(0 0 0)
(0 0 0)
(0 0 0)
(0 0 0)
(0 0 0)
(0 0 0)
(0 0 0)
(0 0 0)
(0 0 0)
(0 0 0)
(0 0 0)
(0 0 0)
(0 0 0)
(0 0 0)
(0 0 0)
(0 0 0)
(0 0 0)
(0 0 0)
(0 0 0)
(0 0 0)
(0 0 0)
(0 0 0)
(0 0 0)
(0 0 0)
(0 0 0)
(0 0 0)
(0 0 0)
(0 0 0)
(0 0 0)
(0 0 0)
(0 0 0)
(0 0 0)
(0 0 0)
(0 0 0)
(0 0 0)
(0 0 0)
(0 0 0)
(0 0 0)
(0 0 0)
(0 0 0)
(0 0 0)
(0 0 0)
(0 0 0)
(0 0 0)
(0 0 0)
(0 0 0)
(0 0 0)
(0 0 0)
(0 0 0)
(0 0 0)
(0 0 0)
(0 0 0)
(0 0 0)
(0 0 0)
(0 0 0)
(0 0 0)
(0 0 0)
(0 0 0)
(0 0 0)
(0 0 0)
(0 0 0)
(0 0 0)
(0 0 0)
(0 0 0)
(0 0 0)
(0 0 0)
(0 0 0)
(0 0 0)
(0 0 0)
(0 0 0)
(0 0 0)
(0 0 0)
(0 0 0)
(0 0 0)
(0 0 0)
(0 0 0)
(0 0 0)
(0 0 0)
(0 0 0)
(0 0 0)
(0 0 0)
(0 0 0)
(0 0 0)
(0 0 0)
(0 0 0)
(0 0 0)
(0 0 0)
(0 0 0)
(0 0 0)
(0 0 0)
(0 0 0)
(0 0 0)
(0 0 0)
(0 0 0)
(0 0 0)
(0 0 0)
(0 0 0)
(0 0 0)
(0 0 0)
(0 0 0)
(0 0 0)
(0 0 0)
(0 0 0)
(0 0 0)
(0 0 0)
(0 0 0)
(0 0 0)
(0 0 0)
(0 0 0)
(0 0 0)
(0 0 0)
(0 0 0)
(0 0 0)
(0 0 0)
(0 0 0)
(0 0 0)
(0 0 0)
(0 0 0)
(0 0 0)
(0 0 0)
(0 0 0)
(0 0 0)
(0 0 0)
(0 0 0)
(0 0 0)
(0 0 0)
(0 0 0)
(0 0 0)
(0 0 0)
(0 0 0)
(0 0 0)
(0 0 0)
(0 0 0)
(0 0 0)
(0 0 0)
(0 0 0)
(0 0 0)
(0 0 0)
(0 0 0)
(0 0 0)
(0 0 0)
(0 0 0)
(0 0 0)
(0 0 0)
(0 0 0)
(0 0 0)
(0 0 0)
(0 0 0)
(0 0 0)
(0 0 0)
(0 0 0)
(0 0 0)
(0 0 0)
(0 0 0)
(0 0 0)
(0 0 0)
(0 0 0)
(0 0 0)
(0 0 0)
(0 0 0)
(0 0 0)
(0 0 0)
(0 0 0)
(0 0 0)
(0 0 0)
(0 0 0)
(0 0 0)
(0 0 0)
(0 0 0)
(0 0 0)
(0 0 0)
(0 0 0)
(0 0 0)
(0 0 0)
(0 0 0)
(0 0 0)
(0 0 0)
(0 0 0)
(0 0 0)
(0 0 0)
(0 0 0)
(0 0 0)
(0 0 0)
(0 0 0)
(0 0 0)
(0 0 0)
(0 0 0)
(0 0 0)
(0 0 0)
(0 0 0)
(0 0 0)
(0 0 0)
(0 0 0)
(0 0 0)
(0 0 0)
(0 0 0)
(0 0 0)
(0 0 0)
(0 0 0)
(0 0 0)
(0 0 0)
(0 0 0)
(0 0 0)
(0 0 0)
(0 0 0)
(0 0 0)
(0 0 0)
(0 0 0)
(0 0 0)
(0 0 0)
(0 0 0)
(0 0 0)
(0 0 0)
(0 0 0)
(0 0 0)
(0 0 0)
(0 0 0)
(0 0 0)
(0 0 0)
(0 0 0)
(0 0 0)
(0 0 0)
(0 0 0)
(0 0 0)
(0 0 0)
(0 0 0)
(0 0 0)
(0 0 0)
(0 0 0)
(0 0 0)
(0 0 0)
(0 0 0)
(0 0 0)
(0 0 0)
(0 0 0)
(0 0 0)
(0 0 0)
(0 0 0)
(0 0 0)
(0 0 0)
(0 0 0)
(0 0 0)
(0 0 0)
(0 0 0)
(0 0 0)
(0 0 0)
(0 0 0)
(0 0 0)
(0 0 0)
(0 0 0)
(0 0 0)
(0 0 0)
(0 0 0)
(0 0 0)
(0 0 0)
(0 0 0)
(0 0 0)
(0 0 0)
(0 0 0)
(0 0 0)
(0 0 0)
(0 0 0)
(0 0 0)
(0 0 0)
(0 0 0)
(0 0 0)
(0 0 0)
(0 0 0)
(0 0 0)
(0 0 0)
(0 0 0)
(0 0 0)
(0 0 0)
(0 0 0)
(0 0 0)
(0 0 0)
(0 0 0)
(0 0 0)
(0 0 0)
(0 0 0)
(0 0 0)
(0 0 0)
(0 0 0)
(0 0 0)
(0 0 0)
(0 0 0)
(0 0 0)
(0 0 0)
(0 0 0)
(0 0 0)
(0 0 0)
(0 0 0)
(0 0 0)
(0 0 0)
(0 0 0)
(0 0 0)
(0 0 0)
(0 0 0)
(0 0 0)
(0 0 0)
(0 0 0)
(0 0 0)
(0 0 0)
(0 0 0)
(0 0 0)
(0 0 0)
(0 0 0)
(0 0 0)
(0 0 0)
(0 0 0)
(0 0 0)
(0 0 0)
(0 0 0)
(0 0 0)
(0 0 0)
(0 0 0)
(0 0 0)
(0 0 0)
(0 0 0)
(0 0 0)
(0 0 0)
(0 0 0)
(0 0 0)
(0 0 0)
(0 0 0)
(0 0 0)
(0 0 0)
(0 0 0)
(0 0 0)
(0 0 0)
(0 0 0)
(0 0 0)
(0 0 0)
(0 0 0)
(0 0 0)
(0 0 0)
(0 0 0)
(0 0 0)
(0 0 0)
(0 0 0)
(0 0 0)
(0 0 0)
(0 0 0)
(0 0 0)
(0 0 0)
(0 0 0)
(0 0 0)
(0 0 0)
(0 0 0)
(0 0 0)
(0 0 0)
(0 0 0)
(0 0 0)
(0 0 0)
(0 0 0)
(0 0 0)
(0 0 0)
(0 0 0)
(0 0 0)
(0 0 0)
(0 0 0)
(0 0 0)
(0 0 0)
(0 0 0)
(0 0 0)
(0 0 0)
(0 0 0)
(0 0 0)
(0 0 0)
(0 0 0)
(0 0 0)
(0 0 0)
(0 0 0)
(0 0 0)
(0 0 0)
(0 0 0)
(0 0 0)
(0 0 0)
(0 0 0)
(0 0 0)
(0 0 0)
(0 0 0)
(0 0 0)
(0 0 0)
(0 0 0)
(0 0 0)
(0 0 0)
(0 0 0)
(0 0 0)
(0 0 0)
(0 0 0)
(0 0 0)
(0 0 0)
(0 0 0)
(0 0 0)
(0 0 0)
(0 0 0)
(0 0 0)
(0 0 0)
(0 0 0)
(0 0 0)
(0 0 0)
(0 0 0)
(0 0 0)
(0 0 0)
(0 0 0)
(0 0 0)
(0 0 0)
(0 0 0)
(0 0 0)
(0 0 0)
(0 0 0)
(0 0 0)
(0 0 0)
(0 0 0)
(0 0 0)
(0 0 0)
(0 0 0)
(0 0 0)
(0 0 0)
(0 0 0)
(0 0 0)
(0 0 0)
(0 0 0)
(0 0 0)
(0 0 0)
(0 0 0)
(0 0 0)
(0 0 0)
(0 0 0)
(0 0 0)
(0 0 0)
(0 0 0)
(0 0 0)
(0 0 0)
(0 0 0)
(0 0 0)
(0 0 0)
(0 0 0)
(0 0 0)
(0 0 0)
(0 0 0)
(0 0 0)
(0 0 0)
(0 0 0)
(0 0 0)
(0 0 0)
(0 0 0)
(0 0 0)
(0 0 0)
(0 0 0)
(0 0 0)
(0 0 0)
(0 0 0)
(0 0 0)
(0 0 0)
(0 0 0)
(0 0 0)
(0 0 0)
(0 0 0)
(0 0 0)
(0 0 0)
(0 0 0)
(0 0 0)
(0 0 0)
(0 0 0)
(0 0 0)
(0 0 0)
(0 0 0)
(0 0 0)
(0 0 0)
(0 0 0)
(0 0 0)
(0 0 0)
(0 0 0)
(0 0 0)
(0 0 0)
(0 0 0)
(0 0 0)
(0 0 0)
(0 0 0)
(0 0 0)
(0 0 0)
(0 0 0)
(0 0 0)
(0 0 0)
(0 0 0)
(0 0 0)
(0 0 0)
(0 0 0)
(0 0 0)
(0 0 0)
(0 0 0)
(0 0 0)
(0 0 0)
(0 0 0)
(0 0 0)
(0 0 0)
(0 0 0)
(0 0 0)
(0 0 0)
(0 0 0)
(0 0 0)
(0 0 0)
(0 0 0)
(0 0 0)
(0 0 0)
(0 0 0)
(0 0 0)
(0 0 0)
(0 0 0)
(0 0 0)
(0 0 0)
(0 0 0)
(0 0 0)
(0 0 0)
(0 0 0)
(0 0 0)
(0 0 0)
(0 0 0)
(0 0 0)
(0 0 0)
(0 0 0)
(0 0 0)
(0 0 0)
(0 0 0)
(0 0 0)
(0 0 0)
(0 0 0)
(0 0 0)
(0 0 0)
(0 0 0)
(0 0 0)
(0 0 0)
(0 0 0)
(0 0 0)
(0 0 0)
(0 0 0)
(0 0 0)
(0 0 0)
(0 0 0)
(0 0 0)
(0 0 0)
(0 0 0)
(0 0 0)
(0 0 0)
(0 0 0)
(0 0 0)
(0 0 0)
(0 0 0)
(0 0 0)
(0 0 0)
(0 0 0)
(0 0 0)
(0 0 0)
(0 0 0)
(0 0 0)
(0 0 0)
(0 0 0)
(0 0 0)
(0 0 0)
(0 0 0)
(0 0 0)
(0 0 0)
(0 0 0)
(0 0 0)
(0 0 0)
(0 0 0)
(0 0 0)
(0 0 0)
(0 0 0)
(0 0 0)
(0 0 0)
(0 0 0)
(0 0 0)
(0 0 0)
(0 0 0)
(0 0 0)
(0 0 0)
(0 0 0)
(0 0 0)
(0 0 0)
(0 0 0)
(0 0 0)
(0 0 0)
(0 0 0)
(0 0 0)
(0 0 0)
(0 0 0)
(0 0 0)
(0 0 0)
(0 0 0)
(0 0 0)
(0 0 0)
(0 0 0)
(0 0 0)
(0 0 0)
(0 0 0)
(0 0 0)
(0 0 0)
(0 0 0)
(0 0 0)
(0 0 0)
(0 0 0)
(0 0 0)
(0 0 0)
(0 0 0)
(0 0 0)
(0 0 0)
(0 0 0)
(0 0 0)
(0 0 0)
(0 0 0)
(0 0 0)
(0 0 0)
(0 0 0)
(0 0 0)
(0 0 0)
(0 0 0)
(0 0 0)
(0 0 0)
(0 0 0)
(0 0 0)
(0 0 0)
(0 0 0)
(0 0 0)
(0 0 0)
(0 0 0)
(0 0 0)
(0 0 0)
(0 0 0)
(0 0 0)
(0 0 0)
(0 0 0)
(0 0 0)
(0 0 0)
(0 0 0)
(0 0 0)
(0 0 0)
(0 0 0)
(0 0 0)
(0 0 0)
(0 0 0)
(0 0 0)
(0 0 0)
(0 0 0)
(0 0 0)
(0 0 0)
(0 0 0)
(0 0 0)
(0 0 0)
(0 0 0)
(0 0 0)
(0 0 0)
(0 0 0)
(0 0 0)
(0 0 0)
(0 0 0)
(0 0 0)
(0 0 0)
(0 0 0)
(0 0 0)
(0 0 0)
(0 0 0)
(0 0 0)
(0 0 0)
(0 0 0)
(0 0 0)
(0 0 0)
(0 0 0)
(0 0 0)
(0 0 0)
(0 0 0)
(0 0 0)
(0 0 0)
(0 0 0)
(0 0 0)
(0 0 0)
(0 0 0)
(0 0 0)
(0 0 0)
(0 0 0)
(0 0 0)
(0 0 0)
(0 0 0)
(0 0 0)
(0 0 0)
(0 0 0)
(0 0 0)
(0 0 0)
(0 0 0)
(0 0 0)
(0 0 0)
(0 0 0)
(0 0 0)
(0 0 0)
(0 0 0)
(0 0 0)
(0 0 0)
(0 0 0)
(0 0 0)
(0 0 0)
(0 0 0)
(0 0 0)
(0 0 0)
(0 0 0)
(0 0 0)
(0 0 0)
(0 0 0)
(0 0 0)
(0 0 0)
(0 0 0)
(0 0 0)
(0 0 0)
(0 0 0)
(0 0 0)
(0 0 0)
(0 0 0)
(0 0 0)
(0 0 0)
(0 0 0)
(0 0 0)
(0 0 0)
(0 0 0)
(0 0 0)
(0 0 0)
(0 0 0)
(0 0 0)
(0 0 0)
(0 0 0)
(0 0 0)
(0 0 0)
(0 0 0)
(0 0 0)
(0 0 0)
(0 0 0)
(0 0 0)
(0 0 0)
(0 0 0)
(0 0 0)
(0 0 0)
(0 0 0)
(0 0 0)
(0 0 0)
(0 0 0)
(0 0 0)
(0 0 0)
(0 0 0)
(0 0 0)
(0 0 0)
(0 0 0)
(0 0 0)
(0 0 0)
(0 0 0)
(0 0 0)
(0 0 0)
(0 0 0)
(0 0 0)
(0 0 0)
(0 0 0)
(0 0 0)
(0 0 0)
(0 0 0)
(0 0 0)
(0 0 0)
(0 0 0)
(0 0 0)
(0 0 0)
(0 0 0)
(0 0 0)
(0 0 0)
(0 0 0)
(0 0 0)
(0 0 0)
(0 0 0)
(0 0 0)
(0 0 0)
(0 0 0)
(0 0 0)
(0 0 0)
(0 0 0)
(0 0 0)
(0 0 0)
(0 0 0)
(0 0 0)
(0 0 0)
(0 0 0)
(0 0 0)
(0 0 0)
(0 0 0)
(0 0 0)
(0 0 0)
(0 0 0)
(0 0 0)
(0 0 0)
(0 0 0)
(0 0 0)
(0 0 0)
(0 0 0)
(0 0 0)
(0 0 0)
(0 0 0)
(0 0 0)
(0 0 0)
(0 0 0)
(0 0 0)
(0 0 0)
(0 0 0)
(0 0 0)
(0 0 0)
(0 0 0)
(0 0 0)
(0 0 0)
(0 0 0)
(0 0 0)
(0 0 0)
(0 0 0)
(0 0 0)
(0 0 0)
(0 0 0)
(0 0 0)
(0 0 0)
(0 0 0)
(0 0 0)
(0 0 0)
(0 0 0)
(0 0 0)
(0 0 0)
(0 0 0)
(0 0 0)
(0 0 0)
(0 0 0)
(0 0 0)
(0 0 0)
(0 0 0)
(0 0 0)
(0 0 0)
(0 0 0)
(0 0 0)
(0 0 0)
(0 0 0)
(0 0 0)
(0 0 0)
(0 0 0)
(0 0 0)
(0 0 0)
(0 0 0)
(0 0 0)
(0 0 0)
(0 0 0)
(0 0 0)
(0 0 0)
(0 0 0)
(0 0 0)
(0 0 0)
(0 0 0)
(0 0 0)
(0 0 0)
(0 0 0)
(0 0 0)
(0 0 0)
(0 0 0)
(0 0 0)
(0 0 0)
(0 0 0)
(0 0 0)
(0 0 0)
(0 0 0)
(0 0 0)
(0 0 0)
(0 0 0)
(0 0 0)
(0 0 0)
(0 0 0)
(0 0 0)
(0 0 0)
(0 0 0)
(0 0 0)
(0 0 0)
(0 0 0)
(0 0 0)
(0 0 0)
(0 0 0)
(0 0 0)
(0 0 0)
(0 0 0)
(0 0 0)
(0 0 0)
(0 0 0)
(0 0 0)
(0 0 0)
(0 0 0)
(0 0 0)
(0 0 0)
(0 0 0)
(0 0 0)
(0 0 0)
(0 0 0)
(0 0 0)
(0 0 0)
(0 0 0)
(0 0 0)
(0 0 0)
(0 0 0)
(0 0 0)
(0 0 0)
(0 0 0)
(0 0 0)
(0 0 0)
(0 0 0)
(0 0 0)
(0 0 0)
(0 0 0)
(0 0 0)
(0 0 0)
(0 0 0)
(0 0 0)
(0 0 0)
(0 0 0)
(0 0 0)
(0 0 0)
(0 0 0)
(0 0 0)
(0 0 0)
(0 0 0)
(0 0 0)
(0 0 0)
(5.96729e-08 -1.15645e-06 -8.25167e-06)
(-5.34847e-07 -2.28257e-07 -8.63892e-06)
(-1.74479e-06 1.34083e-06 -5.01751e-06)
(1.96266e-06 1.55444e-06 -9.49079e-06)
(4.56079e-06 -1.99173e-06 -9.76924e-06)
(3.19751e-07 -3.93679e-07 -7.46632e-06)
(-1.77938e-07 -1.97291e-07 -8.64477e-06)
(-9.72229e-07 9.50866e-07 -8.29672e-06)
(3.50722e-06 -2.09113e-08 -1.08224e-05)
(6.42496e-06 -2.38696e-06 -1.06408e-05)
(1.44563e-06 1.63994e-06 -7.60158e-06)
(-1.85102e-07 -1.4382e-06 -8.27529e-06)
(6.7033e-07 5.91458e-07 -7.15487e-06)
(6.37714e-06 2.43573e-06 -7.49719e-06)
(4.72691e-06 -2.49554e-06 -7.03348e-06)
(6.45379e-06 -9.30432e-07 -9.44815e-06)
(5.79392e-06 -1.53671e-06 -8.14828e-06)
(5.04222e-06 1.00637e-06 -1.08758e-05)
(6.50227e-06 1.66532e-06 -9.57669e-06)
(3.65884e-06 1.52523e-06 -9.62263e-06)
(4.89049e-06 -2.58674e-06 -1.06302e-05)
(4.2102e-06 -1.09477e-06 -1.32949e-05)
(7.09585e-07 -4.01568e-06 -5.04287e-06)
(2.24567e-06 9.68184e-07 -1.13587e-05)
(4.5153e-06 -1.29526e-06 -1.4817e-05)
(1.7718e-06 -1.50281e-06 -1.72676e-05)
(3.44648e-06 -1.94404e-07 -1.93793e-05)
(3.33592e-06 3.38652e-07 -2.31357e-05)
(2.95993e-06 2.01892e-06 -1.87129e-05)
(7.11254e-06 -7.15766e-07 -2.31436e-05)
(3.86999e-06 5.89642e-07 -1.37251e-05)
(2.64998e-06 3.56872e-07 -1.53467e-05)
(2.48743e-06 -4.30938e-08 -2.06459e-05)
(4.22644e-06 1.17306e-06 -2.0569e-05)
(6.30144e-06 -1.26914e-06 -1.88746e-05)
(2.81945e-06 2.2921e-06 -1.90195e-05)
(2.93905e-06 5.59244e-07 -1.79282e-05)
(6.23186e-06 1.17983e-06 -2.03374e-05)
(7.87074e-06 7.23954e-07 -2.29164e-05)
(7.51204e-06 2.45477e-06 -1.66119e-05)
(1.2954e-06 -3.27116e-07 -2.33207e-05)
(8.79282e-06 9.57971e-07 -2.17744e-05)
(7.38656e-06 -1.70407e-07 -2.13282e-05)
(6.67919e-06 -1.07031e-06 -2.32022e-05)
(7.24932e-06 1.04511e-06 -1.97932e-05)
(2.77944e-06 -4.40769e-06 -1.87462e-05)
(8.77692e-06 -3.70864e-07 -2.39302e-05)
(4.99939e-06 1.2272e-06 -2.25779e-05)
(4.26448e-06 1.11563e-06 -2.33085e-05)
(4.53168e-06 6.18998e-07 -2.56034e-05)
(5.76996e-06 -2.28628e-06 -2.82346e-05)
(6.4871e-06 -3.09105e-07 -2.98263e-05)
(4.38981e-06 6.71344e-07 -3.66587e-05)
(3.48746e-06 1.58148e-06 -3.37886e-05)
(6.57674e-06 5.70735e-07 -3.21936e-05)
(9.53639e-06 1.36312e-07 -2.81989e-05)
(7.08896e-06 -8.1871e-07 -3.0014e-05)
(5.35041e-06 -2.3368e-07 -3.4241e-05)
(5.35659e-06 1.7139e-06 -3.72879e-05)
(6.25792e-06 -1.18299e-06 -3.0505e-05)
(6.6222e-06 4.77786e-06 -2.53041e-05)
(7.99961e-06 4.94624e-06 -2.53863e-05)
(8.13112e-06 -6.44348e-07 -3.54389e-05)
(7.33526e-06 -4.75488e-07 -3.64436e-05)
(1.16042e-05 5.47971e-06 -2.63056e-05)
(3.9254e-08 1.93118e-06 -3.6627e-05)
(6.67619e-06 4.27518e-06 -3.31493e-05)
(8.3948e-06 1.05606e-06 -3.27845e-05)
(5.49837e-06 1.41017e-06 -3.13273e-05)
(7.02042e-06 3.52828e-06 -2.87317e-05)
(1.25787e-06 -3.92854e-06 -3.76066e-05)
(5.32579e-06 3.7126e-08 -3.4626e-05)
(7.22867e-06 2.08755e-06 -3.73082e-05)
(6.71891e-06 2.01064e-06 -3.53554e-05)
(5.65582e-06 2.83641e-06 -3.67861e-05)
(6.35006e-06 -2.73107e-06 -4.69324e-05)
(5.77339e-06 7.33512e-07 -4.48525e-05)
(6.69998e-06 1.18807e-06 -4.89602e-05)
(5.69469e-06 2.63176e-06 -4.68322e-05)
(4.10231e-06 1.10342e-06 -4.46388e-05)
(4.58576e-06 -3.30655e-06 -4.62546e-05)
(4.23801e-06 1.99913e-06 -4.84266e-05)
(5.37686e-06 1.04431e-06 -4.58456e-05)
(5.1038e-06 2.42754e-06 -4.61977e-05)
(3.88424e-06 -1.4369e-06 -4.18538e-05)
(9.70418e-06 1.13504e-05 -3.48943e-05)
(4.8466e-06 4.51509e-06 -4.59676e-05)
(5.29229e-06 7.36023e-07 -5.11283e-05)
(5.65409e-06 1.6663e-06 -4.95426e-05)
(5.12155e-06 4.14968e-09 -4.49594e-05)
(4.0968e-07 1.78038e-06 -5.27451e-05)
(1.56279e-06 1.74052e-06 -5.15359e-05)
(3.73075e-06 7.15867e-07 -5.08704e-05)
(5.02471e-06 2.08565e-06 -4.62921e-05)
(5.96962e-06 6.61747e-07 -4.73301e-05)
(1.12862e-06 6.66385e-07 -5.42137e-05)
(2.84168e-06 2.16112e-06 -4.94335e-05)
(3.69693e-06 1.4507e-06 -4.82137e-05)
(7.29702e-06 3.33043e-06 -4.60683e-05)
(5.6042e-06 3.84304e-06 -4.3934e-05)
(5.76612e-06 3.83021e-07 -6.16245e-05)
(5.47479e-06 4.62291e-06 -6.57655e-05)
(8.00449e-06 3.99503e-06 -6.0806e-05)
(6.19608e-06 3.86758e-06 -5.53066e-05)
(4.6909e-06 4.95718e-07 -5.01558e-05)
(1.15135e-06 -1.1343e-06 -5.98818e-05)
(2.57463e-06 2.13534e-06 -6.18218e-05)
(4.65098e-06 2.38422e-06 -6.32016e-05)
(4.96353e-06 2.82415e-06 -5.7089e-05)
(4.62923e-06 -3.46606e-07 -5.37317e-05)
(-1.25188e-06 1.25955e-07 -7.28796e-05)
(-4.43171e-07 8.24163e-07 -6.95392e-05)
(2.16477e-06 1.49212e-06 -6.40192e-05)
(3.78133e-06 1.67025e-06 -5.78926e-05)
(2.11486e-06 1.45345e-06 -5.78727e-05)
(-4.55708e-06 -1.53852e-06 -6.99999e-05)
(-1.18135e-06 9.62165e-07 -6.95854e-05)
(1.23174e-06 2.32682e-06 -6.51792e-05)
(2.68885e-06 2.01118e-06 -5.948e-05)
(2.16833e-06 8.48325e-07 -5.8342e-05)
(-1.51116e-06 1.25856e-06 -6.71127e-05)
(-1.74347e-06 2.23932e-06 -6.36602e-05)
(-3.62316e-07 2.05101e-06 -6.22485e-05)
(1.93884e-06 1.6053e-06 -6.18374e-05)
(-1.25829e-06 9.13754e-07 -6.05816e-05)
(2.21979e-06 -2.62716e-06 -7.34105e-05)
(4.91922e-06 2.25889e-06 -7.51861e-05)
(4.20213e-06 5.5632e-06 -7.26194e-05)
(6.59777e-06 5.95851e-06 -6.84451e-05)
(6.62906e-06 3.03917e-06 -5.68395e-05)
(1.38713e-06 1.53096e-07 -7.73049e-05)
(8.95185e-08 3.70247e-06 -8.47156e-05)
(2.49832e-06 5.96672e-06 -7.4915e-05)
(5.58376e-06 5.52471e-06 -6.99653e-05)
(4.14989e-06 4.85781e-06 -6.23572e-05)
(6.55842e-07 -2.60076e-06 -8.12567e-05)
(-3.45217e-07 -3.02619e-07 -8.45124e-05)
(1.77197e-06 2.54806e-06 -8.18227e-05)
(3.26883e-06 4.8346e-06 -6.99938e-05)
(2.88513e-06 3.15446e-06 -7.01923e-05)
(1.48891e-07 -2.57488e-07 -8.28349e-05)
(5.76974e-07 1.93891e-06 -8.48569e-05)
(1.99881e-06 4.73247e-06 -8.26025e-05)
(-3.83094e-07 6.02923e-06 -7.33193e-05)
(1.53321e-06 3.09022e-06 -6.87407e-05)
(1.18152e-06 1.44807e-06 -7.88332e-05)
(1.03335e-06 2.47076e-06 -7.88648e-05)
(-1.50824e-06 7.13153e-06 -8.54178e-05)
(-1.86136e-06 4.1332e-06 -7.58304e-05)
(-2.54667e-06 5.63335e-06 -6.89517e-05)
(3.34205e-06 3.33505e-06 -8.94678e-05)
(2.75076e-06 6.53328e-06 -8.51454e-05)
(9.89622e-08 9.31022e-06 -8.462e-05)
(6.42971e-06 1.09755e-05 -8.33918e-05)
(4.81135e-06 4.67824e-06 -8.07834e-05)
(1.27647e-07 2.1447e-06 -9.17525e-05)
(-6.58994e-07 6.49001e-06 -9.57061e-05)
(-3.94468e-06 6.72141e-06 -9.19674e-05)
(-1.76742e-06 6.14397e-06 -8.1099e-05)
(5.76531e-06 5.26881e-06 -8.22721e-05)
(1.97975e-06 1.97546e-06 -0.000100136)
(2.27376e-06 2.44364e-06 -0.00010074)
(1.50587e-06 4.93717e-06 -9.74979e-05)
(-4.22553e-07 4.56567e-06 -7.9248e-05)
(4.94724e-06 3.30039e-06 -8.54164e-05)
(6.24829e-06 1.89032e-06 -9.30199e-05)
(3.97155e-06 4.6747e-06 -0.00010048)
(-3.0655e-07 6.73547e-06 -9.85779e-05)
(-8.31001e-07 5.69578e-06 -8.881e-05)
(4.93582e-06 2.60044e-06 -9.0838e-05)
(4.93774e-06 1.1791e-06 -9.21447e-05)
(1.23775e-06 4.66262e-06 -9.90042e-05)
(-2.16264e-06 5.75421e-06 -9.51495e-05)
(-1.27295e-06 7.39659e-06 -8.68836e-05)
(5.34842e-06 4.55189e-06 -9.10989e-05)
(3.75359e-06 -4.86338e-07 -0.000108593)
(-1.76509e-07 4.35661e-06 -0.000107791)
(5.79234e-07 1.3373e-05 -0.000103949)
(1.63862e-06 1.32109e-05 -9.37892e-05)
(1.9425e-06 6.73361e-06 -9.09838e-05)
(-6.49013e-07 -3.24232e-06 -0.000100067)
(-2.00706e-06 2.58926e-06 -0.000112858)
(-5.95174e-07 9.84499e-06 -0.000111243)
(9.94552e-07 1.20341e-05 -0.00010182)
(6.51976e-06 4.13912e-06 -9.98307e-05)
(9.56489e-07 -4.96466e-07 -0.000109274)
(1.04673e-06 1.90792e-06 -0.000112632)
(2.51064e-06 7.15886e-06 -0.000112684)
(7.28089e-08 7.94946e-06 -0.000116132)
(5.63015e-06 6.97316e-07 -0.000105538)
(6.89997e-06 1.90848e-06 -0.000106964)
(5.75051e-06 3.27929e-06 -0.000110544)
(3.22946e-06 6.88675e-06 -0.00011565)
(-8.15197e-07 5.38328e-06 -0.000119873)
(-4.64358e-07 1.15687e-06 -0.000111909)
(8.45866e-06 2.2111e-06 -0.000107035)
(5.1911e-06 3.36092e-06 -0.000102898)
(2.66225e-06 -6.57629e-06 -0.000104233)
(2.79428e-06 2.44329e-06 -0.000114795)
(-2.78809e-07 -6.55306e-07 -0.000107794)
(6.11135e-06 1.3908e-07 -0.000129697)
(5.61333e-06 1.74492e-06 -0.000130947)
(2.54079e-06 6.87696e-06 -0.000127623)
(1.78102e-07 7.76741e-06 -0.000118025)
(6.67049e-07 4.2701e-06 -0.000120399)
(1.73119e-06 9.50914e-07 -0.000131981)
(8.47331e-07 1.85118e-06 -0.000131056)
(1.50117e-06 6.96213e-06 -0.000125627)
(-8.19267e-07 3.15721e-05 -0.000119569)
(2.75025e-06 6.86079e-06 -0.000116039)
(7.73675e-07 4.00154e-06 -0.000132915)
(2.95368e-06 5.92409e-06 -0.000129297)
(1.15006e-06 6.8908e-06 -0.000121124)
(-4.138e-06 -1.19068e-05 -0.000127574)
(4.42385e-06 -1.64941e-05 -0.000117247)
(8.43473e-06 4.98995e-06 -0.000126322)
(1.00754e-05 7.32761e-06 -0.000136954)
(4.74681e-06 3.57363e-06 -0.000128114)
(-3.27574e-06 -4.53468e-06 -0.000132042)
(-7.06839e-06 -1.5213e-05 -0.000127392)
(1.46205e-05 8.80463e-06 -0.000120466)
(1.17659e-05 3.43438e-06 -0.000133043)
(5.40585e-06 -1.1538e-05 -0.000117967)
(-1.42904e-06 2.8886e-06 -0.000127301)
(-3.93852e-06 -3.20803e-06 -0.000121939)
(-1.44888e-06 -4.27831e-06 -0.000145183)
(-4.02992e-07 5.21611e-06 -0.000149256)
(-1.13025e-06 5.87463e-06 -0.000143323)
(-3.3069e-06 4.85214e-06 -0.000135612)
(-2.47059e-06 8.74639e-06 -0.000131064)
(6.30905e-06 -4.41897e-06 -0.000149275)
(-9.56931e-07 2.44028e-07 -0.000151374)
(-1.11984e-06 -9.10923e-08 -0.000139782)
(-2.99718e-06 9.00601e-06 -0.000132448)
(7.82781e-06 1.67803e-05 -0.000124972)
(2.92534e-06 3.86201e-06 -0.000149422)
(-4.30524e-06 -2.50647e-06 -0.000140986)
(-7.36921e-06 -4.68057e-06 -0.000131718)
(-8.88044e-06 -2.73836e-06 -0.000137821)
(-3.51321e-06 -1.47609e-05 -0.00013099)
(8.78457e-06 -5.65663e-07 -0.000147921)
(1.84381e-06 3.90001e-06 -0.000145487)
(-2.23781e-06 -7.07828e-06 -0.00013955)
(-4.72543e-06 -1.06909e-05 -0.000142723)
(-3.3508e-06 -1.27196e-05 -0.000137581)
(2.0876e-05 3.47245e-06 -0.000138075)
(2.03898e-06 3.41759e-06 -0.000144098)
(1.20084e-06 -8.91286e-06 -0.000137176)
(-6.46404e-07 -8.6074e-06 -0.000137769)
(-3.6179e-06 -1.47126e-05 -0.000141697)
(-5.69549e-06 -9.77463e-06 -0.000159373)
(-1.0145e-05 -1.58229e-06 -0.000157883)
(-5.92349e-06 8.34114e-06 -0.000147157)
(-2.55899e-06 6.1808e-06 -0.000141582)
(-3.08542e-06 3.77891e-06 -0.000138227)
(-7.71878e-07 -1.22113e-05 -0.000160825)
(-7.14911e-06 -7.78227e-06 -0.000158044)
(-5.63317e-06 2.42454e-06 -0.000148092)
(-7.97085e-06 2.36198e-06 -0.000140552)
(-4.35535e-06 3.25332e-06 -0.000130044)
(4.1477e-06 -1.03312e-05 -0.000153115)
(6.22756e-06 -6.36896e-06 -0.000156825)
(-9.01522e-06 -1.02697e-05 -0.000138878)
(-4.95296e-06 -8.3588e-06 -0.000134003)
(3.12326e-06 -7.1389e-06 -0.000132553)
(1.27702e-05 -9.75055e-06 -0.000153904)
(3.56322e-06 2.72151e-06 -0.000155923)
(-7.74392e-06 -9.59988e-06 -0.000144288)
(-4.56156e-06 -1.9047e-05 -0.000141967)
(1.3107e-06 -1.06496e-05 -0.00015119)
(-3.71911e-06 -1.14384e-05 -0.000155669)
(-4.62508e-06 4.42049e-06 -0.000156289)
(2.76694e-06 -1.73413e-05 -0.000136358)
(2.85336e-07 -2.28689e-05 -0.00014676)
(-2.21012e-07 -1.86112e-05 -0.000152579)
(1.0748e-05 -3.88139e-06 -0.000162236)
(-1.42553e-05 -1.44685e-05 -0.000161693)
(-7.29905e-06 1.08932e-05 -0.000149168)
(1.28129e-06 5.16325e-06 -0.000144106)
(2.14642e-05 2.54855e-06 -0.000144481)
(-3.07343e-06 -1.86533e-05 -0.000159527)
(-4.97497e-06 -1.93244e-05 -0.000158295)
(-6.42213e-06 1.08152e-05 -0.000151861)
(-9.32881e-06 2.73447e-07 -0.000138776)
(-1.02847e-05 -2.17632e-06 -0.000136275)
(8.00512e-08 7.3833e-06 -0.000155844)
(8.06303e-06 -1.62905e-05 -0.000163618)
(-1.19364e-05 -2.06865e-05 -0.000156106)
(-1.65438e-05 -1.19433e-05 -0.00014555)
(2.12058e-05 1.41806e-05 -0.000131146)
(1.61642e-05 -5.99182e-06 -0.000158273)
(1.55689e-05 -6.97398e-06 -0.000157532)
(-4.3735e-06 -7.99208e-06 -0.000146082)
(-9.32048e-06 -2.09968e-05 -0.000146773)
(7.66245e-06 -6.27546e-06 -0.000154507)
(-2.10455e-06 -5.61312e-06 -0.000155911)
(1.83888e-06 6.84053e-06 -0.000153225)
(1.83094e-05 -1.00975e-05 -0.000134295)
(1.81697e-05 -3.30256e-05 -0.000142405)
(3.7075e-06 -2.33146e-05 -0.000157158)
(1.25024e-06 -1.65697e-05 -0.000154865)
(0 0 0)
(0 0 0)
(0 0 0)
(0 0 0)
(1.25024e-06 -1.65697e-05 -0.000154865)
(-8.0161e-07 -2.10274e-05 -0.000157581)
(0 0 0)
(0 0 0)
(0 0 0)
(0 0 0)
(0 0 0)
(-2.71499e-05 -8.91012e-06 -0.000157368)
(-2.71499e-05 -8.91012e-06 -0.000157368)
(2.79118e-05 2.01985e-05 -0.000128033)
(2.24878e-05 -1.22795e-05 -0.000164186)
(1.65275e-05 -9.19923e-06 -0.00015814)
(-1.74448e-06 -4.21293e-06 -0.000148312)
(-2.71499e-05 -8.91012e-06 -0.000157368)
(0 0 0)
(0 0 0)
(0 0 0)
(2.16854e-05 -5.33386e-06 -0.000138539)
(2.01436e-05 -3.64495e-05 -0.00014212)
(0 0 0)
(0 0 0)
(0 0 0)
(0 0 0)
(0 0 0)
(0 0 0)
(0 0 0)
(0 0 0)
(0 0 0)
(0 0 0)
(0 0 0)
(0 0 0)
(0 0 0)
(0 0 0)
(0 0 0)
(0 0 0)
(0 0 0)
(0 0 0)
(0 0 0)
(0 0 0)
(0 0 0)
(0 0 0)
(0 0 0)
(0 0 0)
(0 0 0)
(0 0 0)
(0 0 0)
(0 0 0)
(0 0 0)
(0 0 0)
(0 0 0)
(0 0 0)
(0 0 0)
(0 0 0)
(0 0 0)
(0 0 0)
(0 0 0)
(0 0 0)
(0 0 0)
(0 0 0)
(0 0 0)
(0 0 0)
(0 0 0)
(0 0 0)
(0 0 0)
(0 0 0)
(0 0 0)
(0 0 0)
(0 0 0)
(0 0 0)
(0 0 0)
(0 0 0)
(0 0 0)
(0 0 0)
(0 0 0)
(0 0 0)
(0 0 0)
(0 0 0)
(0 0 0)
(0 0 0)
(0 0 0)
(0 0 0)
(0 0 0)
(0 0 0)
(0 0 0)
(0 0 0)
(0 0 0)
(0 0 0)
(0 0 0)
(0 0 0)
(0 0 0)
(0 0 0)
(0 0 0)
(0 0 0)
(0 0 0)
(0 0 0)
(0 0 0)
(0 0 0)
(0 0 0)
(0 0 0)
(0 0 0)
(0 0 0)
(0 0 0)
(0 0 0)
(0 0 0)
(0 0 0)
(0 0 0)
(0 0 0)
(0 0 0)
(0 0 0)
(0 0 0)
(0 0 0)
(0 0 0)
(0 0 0)
(0 0 0)
(0 0 0)
(0 0 0)
(0 0 0)
(0 0 0)
(0 0 0)
(0 0 0)
(0 0 0)
(0 0 0)
(0 0 0)
(0 0 0)
(0 0 0)
(0 0 0)
(0 0 0)
(0 0 0)
(0 0 0)
(0 0 0)
(0 0 0)
(0 0 0)
(0 0 0)
(0 0 0)
(0 0 0)
(0 0 0)
(0 0 0)
(0 0 0)
(0 0 0)
(0 0 0)
(0 0 0)
(0 0 0)
(0 0 0)
(0 0 0)
(0 0 0)
(0 0 0)
(0 0 0)
(0 0 0)
(0 0 0)
(0 0 0)
(0 0 0)
(0 0 0)
(0 0 0)
(0 0 0)
(0 0 0)
(0 0 0)
(0 0 0)
(0 0 0)
(0 0 0)
(0 0 0)
(0 0 0)
(0 0 0)
(0 0 0)
(0 0 0)
(0 0 0)
(0 0 0)
(0 0 0)
(0 0 0)
(0 0 0)
(0 0 0)
(0 0 0)
(0 0 0)
(0 0 0)
(0 0 0)
(0 0 0)
(0 0 0)
(0 0 0)
(0 0 0)
(0 0 0)
(0 0 0)
(0 0 0)
(0 0 0)
(0 0 0)
(0 0 0)
(0 0 0)
(0 0 0)
(0 0 0)
(0 0 0)
(0 0 0)
(0 0 0)
(0 0 0)
(0 0 0)
(0 0 0)
(0 0 0)
(0 0 0)
(0 0 0)
(0 0 0)
(0 0 0)
(0 0 0)
(0 0 0)
(0 0 0)
(0 0 0)
(0 0 0)
(0 0 0)
(0 0 0)
(0 0 0)
(0 0 0)
(0 0 0)
(0 0 0)
(0 0 0)
(0 0 0)
(0 0 0)
(0 0 0)
(0 0 0)
(0 0 0)
(0 0 0)
(0 0 0)
(0 0 0)
(0 0 0)
(0 0 0)
(0 0 0)
(0 0 0)
(0 0 0)
(0 0 0)
(0 0 0)
(0 0 0)
(0 0 0)
(0 0 0)
(0 0 0)
(0 0 0)
(0 0 0)
(0 0 0)
(0 0 0)
(0 0 0)
(0 0 0)
(0 0 0)
(0 0 0)
(0 0 0)
(0 0 0)
(0 0 0)
(0 0 0)
(0 0 0)
(0 0 0)
(0 0 0)
(0 0 0)
(0 0 0)
(0 0 0)
(0 0 0)
(0 0 0)
(0 0 0)
(0 0 0)
(0 0 0)
(0 0 0)
(0 0 0)
(0 0 0)
(0 0 0)
(0 0 0)
(0 0 0)
(0 0 0)
(0 0 0)
(0 0 0)
(0 0 0)
(0 0 0)
(0 0 0)
(0 0 0)
(0 0 0)
(0 0 0)
(0 0 0)
(0 0 0)
(0 0 0)
(0 0 0)
(0 0 0)
(0 0 0)
(0 0 0)
(0 0 0)
(0 0 0)
(0 0 0)
(0 0 0)
(0 0 0)
(0 0 0)
(0 0 0)
(0 0 0)
(0 0 0)
(0 0 0)
(0 0 0)
(0 0 0)
(0 0 0)
(0 0 0)
(0 0 0)
(0 0 0)
(0 0 0)
(0 0 0)
(0 0 0)
(0 0 0)
(0 0 0)
(0 0 0)
(0 0 0)
(0 0 0)
(0 0 0)
(0 0 0)
(0 0 0)
(0 0 0)
(0 0 0)
(0 0 0)
(0 0 0)
(0 0 0)
(0 0 0)
(0 0 0)
(0 0 0)
(0 0 0)
(0 0 0)
(0 0 0)
(0 0 0)
(0 0 0)
(0 0 0)
(0 0 0)
(0 0 0)
(0 0 0)
(0 0 0)
(0 0 0)
(0 0 0)
(0 0 0)
(0 0 0)
(0 0 0)
(0 0 0)
(0 0 0)
(0 0 0)
(0 0 0)
(0 0 0)
(0 0 0)
(0 0 0)
(0 0 0)
(0 0 0)
(0 0 0)
(0 0 0)
(0 0 0)
(0 0 0)
(0 0 0)
(0 0 0)
(0 0 0)
(0 0 0)
(0 0 0)
(0 0 0)
(0 0 0)
(0 0 0)
(0 0 0)
(0 0 0)
(0 0 0)
(0 0 0)
(0 0 0)
(0 0 0)
(0 0 0)
(0 0 0)
(0 0 0)
(0 0 0)
(0 0 0)
(0 0 0)
(0 0 0)
(0 0 0)
(0 0 0)
(0 0 0)
(0 0 0)
(0 0 0)
(0 0 0)
(0 0 0)
(0 0 0)
(0 0 0)
(0 0 0)
(0 0 0)
(0 0 0)
(0 0 0)
(0 0 0)
(0 0 0)
(0 0 0)
(0 0 0)
(0 0 0)
(0 0 0)
(0 0 0)
(0 0 0)
(0 0 0)
(0 0 0)
(0 0 0)
(0 0 0)
(0 0 0)
(0 0 0)
(0 0 0)
(0 0 0)
(0 0 0)
(0 0 0)
(0 0 0)
(0 0 0)
(0 0 0)
(0 0 0)
(0 0 0)
(0 0 0)
(0 0 0)
(0 0 0)
(0 0 0)
(0 0 0)
(0 0 0)
(0 0 0)
(0 0 0)
(0 0 0)
(0 0 0)
(0 0 0)
(0 0 0)
(0 0 0)
(0 0 0)
(0 0 0)
(0 0 0)
(0 0 0)
(0 0 0)
(0 0 0)
(0 0 0)
(0 0 0)
(0 0 0)
(0 0 0)
(0 0 0)
(0 0 0)
(0 0 0)
(0 0 0)
(0 0 0)
(0 0 0)
(0 0 0)
(0 0 0)
(0 0 0)
(0 0 0)
(0 0 0)
(0 0 0)
(0 0 0)
(0 0 0)
(0 0 0)
(0 0 0)
(0 0 0)
(0 0 0)
(0 0 0)
(0 0 0)
(0 0 0)
(0 0 0)
(0 0 0)
(0 0 0)
(0 0 0)
(0 0 0)
(0 0 0)
(0 0 0)
(0 0 0)
(0 0 0)
(0 0 0)
(0 0 0)
(0 0 0)
(0 0 0)
(0 0 0)
(0 0 0)
(0 0 0)
(0 0 0)
(0 0 0)
(0 0 0)
(0 0 0)
(0 0 0)
(0 0 0)
(0 0 0)
(0 0 0)
(0 0 0)
(0 0 0)
(0 0 0)
(0 0 0)
(0 0 0)
(0 0 0)
(0 0 0)
(0 0 0)
(0 0 0)
(0 0 0)
(0 0 0)
(0 0 0)
(0 0 0)
(0 0 0)
(0 0 0)
(0 0 0)
(0 0 0)
(0 0 0)
(0 0 0)
(0 0 0)
(0 0 0)
(0 0 0)
(0 0 0)
(0 0 0)
(0 0 0)
(0 0 0)
(0 0 0)
(0 0 0)
(0 0 0)
(0 0 0)
(0 0 0)
(0 0 0)
(0 0 0)
(0 0 0)
(0 0 0)
(0 0 0)
(0 0 0)
(0 0 0)
(0 0 0)
(0 0 0)
(0 0 0)
(0 0 0)
(0 0 0)
(0 0 0)
(0 0 0)
(0 0 0)
(0 0 0)
(0 0 0)
(0 0 0)
(0 0 0)
(0 0 0)
(0 0 0)
(0 0 0)
(0 0 0)
(0 0 0)
(0 0 0)
(0 0 0)
(0 0 0)
(0 0 0)
(0 0 0)
(0 0 0)
(0 0 0)
(0 0 0)
(0 0 0)
(0 0 0)
(0 0 0)
(0 0 0)
(0 0 0)
(0 0 0)
(0 0 0)
(0 0 0)
(0 0 0)
(0 0 0)
(0 0 0)
(0 0 0)
(0 0 0)
(0 0 0)
(0 0 0)
(0 0 0)
(0 0 0)
(0 0 0)
(0 0 0)
(0 0 0)
(0 0 0)
(0 0 0)
(0 0 0)
(0 0 0)
(0 0 0)
(0 0 0)
(0 0 0)
(0 0 0)
(0 0 0)
(0 0 0)
(0 0 0)
(0 0 0)
(0 0 0)
(0 0 0)
(0 0 0)
(0 0 0)
(0 0 0)
(0 0 0)
(0 0 0)
(0 0 0)
(0 0 0)
(0 0 0)
(0 0 0)
(0 0 0)
(0 0 0)
(0 0 0)
(0 0 0)
(0 0 0)
(0 0 0)
(0 0 0)
(0 0 0)
(0 0 0)
(0 0 0)
(0 0 0)
(0 0 0)
(0 0 0)
(0 0 0)
(0 0 0)
(0 0 0)
(0 0 0)
(0 0 0)
(0 0 0)
(0 0 0)
(0 0 0)
(0 0 0)
(0 0 0)
(0 0 0)
(0 0 0)
(0 0 0)
(0 0 0)
(0 0 0)
(0 0 0)
(0 0 0)
(0 0 0)
(0 0 0)
(0 0 0)
(0 0 0)
(0 0 0)
(0 0 0)
(0 0 0)
(0 0 0)
(0 0 0)
(0 0 0)
(0 0 0)
(0 0 0)
(0 0 0)
(0 0 0)
(0 0 0)
(0 0 0)
(0 0 0)
(0 0 0)
(0 0 0)
(0 0 0)
(0 0 0)
(0 0 0)
(0 0 0)
(0 0 0)
(0 0 0)
(0 0 0)
(0 0 0)
(0 0 0)
(0 0 0)
(0 0 0)
(0 0 0)
(0 0 0)
(0 0 0)
(0 0 0)
(0 0 0)
(0 0 0)
(0 0 0)
(0 0 0)
(0 0 0)
(0 0 0)
(0 0 0)
(0 0 0)
(0 0 0)
(0 0 0)
(0 0 0)
(0 0 0)
(0 0 0)
(0 0 0)
(0 0 0)
(0 0 0)
(0 0 0)
(0 0 0)
(0 0 0)
(0 0 0)
(0 0 0)
(0 0 0)
(0 0 0)
(0 0 0)
(0 0 0)
(0 0 0)
(0 0 0)
(0 0 0)
(0 0 0)
(0 0 0)
(0 0 0)
(0 0 0)
(0 0 0)
(0 0 0)
(0 0 0)
(0 0 0)
(0 0 0)
(0 0 0)
(0 0 0)
(0 0 0)
(0 0 0)
(0 0 0)
(0 0 0)
(0 0 0)
(0 0 0)
(0 0 0)
(0 0 0)
(0 0 0)
(0 0 0)
(0 0 0)
(0 0 0)
(0 0 0)
(0 0 0)
(0 0 0)
(0 0 0)
(0 0 0)
(0 0 0)
(0 0 0)
(0 0 0)
(0 0 0)
(0 0 0)
(0 0 0)
(0 0 0)
(0 0 0)
(0 0 0)
(0 0 0)
(0 0 0)
(0 0 0)
(0 0 0)
(0 0 0)
(0 0 0)
(0 0 0)
(0 0 0)
(0 0 0)
(0 0 0)
(0 0 0)
(0 0 0)
(0 0 0)
(0 0 0)
(0 0 0)
(0 0 0)
(0 0 0)
(0 0 0)
(0 0 0)
(0 0 0)
(0 0 0)
(0 0 0)
(0 0 0)
(0 0 0)
(0 0 0)
(0 0 0)
(0 0 0)
(0 0 0)
(0 0 0)
(0 0 0)
(0 0 0)
(0 0 0)
(0 0 0)
(0 0 0)
(0 0 0)
(0 0 0)
(0 0 0)
(0 0 0)
(0 0 0)
(0 0 0)
(0 0 0)
(0 0 0)
(0 0 0)
(0 0 0)
(0 0 0)
(0 0 0)
(0 0 0)
(0 0 0)
(0 0 0)
(0 0 0)
(0 0 0)
(0 0 0)
(0 0 0)
(0 0 0)
(0 0 0)
(0 0 0)
(0 0 0)
(0 0 0)
(0 0 0)
(0 0 0)
(0 0 0)
(0 0 0)
(0 0 0)
(0 0 0)
(0 0 0)
(0 0 0)
(0 0 0)
(0 0 0)
(0 0 0)
(0 0 0)
(0 0 0)
(0 0 0)
(0 0 0)
(0 0 0)
(0 0 0)
(0 0 0)
(0 0 0)
(0 0 0)
(0 0 0)
(0 0 0)
(0 0 0)
(0 0 0)
(0 0 0)
(0 0 0)
(0 0 0)
(0 0 0)
(0 0 0)
(0 0 0)
(0 0 0)
(0 0 0)
(0 0 0)
(0 0 0)
(0 0 0)
(0 0 0)
(0 0 0)
(0 0 0)
(0 0 0)
(0 0 0)
(0 0 0)
(0 0 0)
(0 0 0)
(0 0 0)
(0 0 0)
(0 0 0)
(0 0 0)
(0 0 0)
(0 0 0)
(0 0 0)
(0 0 0)
(0 0 0)
(0 0 0)
(0 0 0)
(0 0 0)
(0 0 0)
(0 0 0)
(0 0 0)
(0 0 0)
(0 0 0)
(0 0 0)
(0 0 0)
(0 0 0)
(0 0 0)
(0 0 0)
(0 0 0)
(0 0 0)
(0 0 0)
(0 0 0)
(0 0 0)
(0 0 0)
(0 0 0)
(0 0 0)
(0 0 0)
(0 0 0)
(0 0 0)
(0 0 0)
(0 0 0)
(0 0 0)
(0 0 0)
(0 0 0)
(0 0 0)
(0 0 0)
(0 0 0)
(0 0 0)
(0 0 0)
(0 0 0)
(0 0 0)
(0 0 0)
(0 0 0)
(0 0 0)
(0 0 0)
(0 0 0)
(0 0 0)
(0 0 0)
(0 0 0)
(0 0 0)
(0 0 0)
(0 0 0)
(0 0 0)
(0 0 0)
(0 0 0)
(0 0 0)
(0 0 0)
(0 0 0)
(0 0 0)
(0 0 0)
(0 0 0)
(0 0 0)
(0 0 0)
(0 0 0)
(0 0 0)
(0 0 0)
(0 0 0)
(0 0 0)
(0 0 0)
(0 0 0)
(0 0 0)
(0 0 0)
(0 0 0)
(0 0 0)
(0 0 0)
(0 0 0)
(0 0 0)
(0 0 0)
(0 0 0)
(0 0 0)
(0 0 0)
(0 0 0)
(0 0 0)
(0 0 0)
(0 0 0)
(0 0 0)
(0 0 0)
(0 0 0)
(0 0 0)
(0 0 0)
(0 0 0)
(0 0 0)
(0 0 0)
(0 0 0)
(0 0 0)
(0 0 0)
(0 0 0)
(0 0 0)
(0 0 0)
(0 0 0)
(0 0 0)
(0 0 0)
(0 0 0)
(0 0 0)
(0 0 0)
(0 0 0)
(0 0 0)
(0 0 0)
(0 0 0)
(0 0 0)
(0 0 0)
(0 0 0)
(0 0 0)
(0 0 0)
(0 0 0)
(0 0 0)
(0 0 0)
(0 0 0)
(0 0 0)
(0 0 0)
(0 0 0)
(0 0 0)
(0 0 0)
(0 0 0)
(0 0 0)
(0 0 0)
(0 0 0)
(0 0 0)
(0 0 0)
(0 0 0)
(0 0 0)
(0 0 0)
(0 0 0)
(0 0 0)
(0 0 0)
(0 0 0)
(0 0 0)
(0 0 0)
(0 0 0)
(0 0 0)
(0 0 0)
(0 0 0)
(0 0 0)
)
;

boundaryField
{
    inlet
    {
        type            fixedValue;
        value           uniform (0 0 0);
    }
    outlet
    {
        type            fixedValue;
        value           uniform (0 0 0);
    }
    repeat_boundary
    {
        type            fixedValue;
        value           uniform (0 0 0);
    }
    procBoundary0to1
    {
        type            processor;
        value           nonuniform List<vector> 
450
(
(0 0 0)
(0 0 0)
(0 0 0)
(0 0 0)
(0 0 0)
(0 0 0)
(0 0 0)
(0 0 0)
(0 0 0)
(0 0 0)
(0 0 0)
(0 0 0)
(0 0 0)
(0 0 0)
(0 0 0)
(0 0 0)
(0 0 0)
(0 0 0)
(0 0 0)
(0 0 0)
(0 0 0)
(0 0 0)
(0 0 0)
(0 0 0)
(0 0 0)
(0 0 0)
(0 0 0)
(0 0 0)
(0 0 0)
(0 0 0)
(0 0 0)
(0 0 0)
(0 0 0)
(0 0 0)
(0 0 0)
(0 0 0)
(0 0 0)
(0 0 0)
(0 0 0)
(0 0 0)
(0 0 0)
(0 0 0)
(0 0 0)
(0 0 0)
(0 0 0)
(0 0 0)
(0 0 0)
(0 0 0)
(0 0 0)
(0 0 0)
(0 0 0)
(0 0 0)
(0 0 0)
(0 0 0)
(0 0 0)
(0 0 0)
(0 0 0)
(0 0 0)
(0 0 0)
(0 0 0)
(0 0 0)
(0 0 0)
(0 0 0)
(0 0 0)
(0 0 0)
(0 0 0)
(0 0 0)
(0 0 0)
(0 0 0)
(0 0 0)
(0 0 0)
(0 0 0)
(0 0 0)
(0 0 0)
(0 0 0)
(0 0 0)
(0 0 0)
(0 0 0)
(0 0 0)
(0 0 0)
(0 0 0)
(0 0 0)
(0 0 0)
(0 0 0)
(0 0 0)
(0 0 0)
(0 0 0)
(0 0 0)
(0 0 0)
(0 0 0)
(0 0 0)
(0 0 0)
(0 0 0)
(0 0 0)
(0 0 0)
(0 0 0)
(0 0 0)
(0 0 0)
(0 0 0)
(0 0 0)
(0 0 0)
(0 0 0)
(0 0 0)
(0 0 0)
(0 0 0)
(0 0 0)
(0 0 0)
(0 0 0)
(0 0 0)
(0 0 0)
(0 0 0)
(0 0 0)
(0 0 0)
(0 0 0)
(0 0 0)
(0 0 0)
(0 0 0)
(0 0 0)
(0 0 0)
(0 0 0)
(0 0 0)
(0 0 0)
(0 0 0)
(0 0 0)
(0 0 0)
(0 0 0)
(0 0 0)
(0 0 0)
(0 0 0)
(0 0 0)
(0 0 0)
(0 0 0)
(0 0 0)
(0 0 0)
(0 0 0)
(0 0 0)
(0 0 0)
(0 0 0)
(0 0 0)
(0 0 0)
(0 0 0)
(0 0 0)
(0 0 0)
(0 0 0)
(0 0 0)
(0 0 0)
(0 0 0)
(0 0 0)
(0 0 0)
(0 0 0)
(0 0 0)
(0 0 0)
(0 0 0)
(0 0 0)
(0 0 0)
(0 0 0)
(0 0 0)
(0 0 0)
(0 0 0)
(0 0 0)
(0 0 0)
(0 0 0)
(0 0 0)
(0 0 0)
(0 0 0)
(0 0 0)
(0 0 0)
(0 0 0)
(0 0 0)
(0 0 0)
(0 0 0)
(0 0 0)
(0 0 0)
(0 0 0)
(0 0 0)
(0 0 0)
(0 0 0)
(0 0 0)
(0 0 0)
(0 0 0)
(0 0 0)
(0 0 0)
(0 0 0)
(0 0 0)
(0 0 0)
(0 0 0)
(0 0 0)
(0 0 0)
(0 0 0)
(0 0 0)
(0 0 0)
(0 0 0)
(0 0 0)
(0 0 0)
(0 0 0)
(0 0 0)
(0 0 0)
(0 0 0)
(0 0 0)
(0 0 0)
(2.02806e-06 -1.25193e-06 -7.61338e-06)
(6.73689e-06 -7.67806e-07 -8.58635e-06)
(3.45538e-06 -3.34161e-07 -1.02925e-05)
(2.5463e-06 -1.43866e-06 -1.02477e-05)
(2.33843e-06 -2.47573e-06 -1.18624e-05)
(6.56773e-06 -2.19933e-06 -2.00331e-05)
(7.65999e-06 -3.92626e-06 -2.30333e-05)
(4.30944e-06 -1.86147e-06 -1.95786e-05)
(3.5185e-06 -2.94658e-06 -1.91232e-05)
(2.10649e-06 -3.08423e-06 -2.17242e-05)
(5.60182e-06 -3.18325e-06 -3.03066e-05)
(6.5405e-06 -6.42889e-06 -3.48529e-05)
(5.63422e-06 -4.63271e-06 -2.976e-05)
(5.3745e-06 -2.30754e-06 -2.9808e-05)
(2.24873e-06 -1.83334e-06 -3.06018e-05)
(3.82673e-06 -3.95041e-06 -4.11329e-05)
(5.09136e-06 -7.56282e-06 -3.9388e-05)
(4.50357e-06 -5.8376e-06 -4.57821e-05)
(5.38066e-06 -2.95932e-06 -4.47569e-05)
(4.22019e-06 -1.33394e-06 -4.51129e-05)
(2.62277e-06 -4.49792e-06 -5.57817e-05)
(4.45673e-06 -2.9395e-06 -5.75131e-05)
(3.93514e-06 -3.26044e-06 -5.41941e-05)
(2.88417e-06 -2.20514e-06 -5.40651e-05)
(7.01014e-07 2.69451e-06 -5.26111e-05)
(5.26024e-06 -4.19313e-06 -6.54177e-05)
(5.75108e-06 -1.47665e-06 -7.16895e-05)
(3.37894e-06 1.24765e-06 -7.53384e-05)
(3.11879e-06 1.00171e-06 -7.93248e-05)
(1.52093e-06 2.65855e-06 -7.38397e-05)
(3.04014e-06 -8.5035e-07 -7.98137e-05)
(6.03172e-06 2.07442e-06 -8.50546e-05)
(4.36563e-06 1.38623e-06 -8.41587e-05)
(4.75775e-06 1.74573e-06 -9.22531e-05)
(3.12215e-06 -3.94668e-07 -8.36508e-05)
(4.05354e-06 3.63033e-06 -9.62625e-05)
(4.1563e-06 2.92322e-06 -9.26762e-05)
(1.7605e-06 4.65101e-07 -9.5692e-05)
(1.82422e-06 -1.99484e-06 -0.000104191)
(-8.75803e-07 -3.66986e-06 -0.00010661)
(6.04786e-06 5.27793e-06 -0.000107126)
(1.0693e-05 7.66972e-08 -0.00010579)
(5.91191e-06 1.53046e-06 -0.000112577)
(1.93732e-06 -6.48604e-06 -0.000121498)
(-4.95304e-06 -6.04153e-06 -0.000122535)
(4.51978e-06 4.65341e-06 -0.000115975)
(1.95334e-05 -7.34448e-06 -0.000111536)
(9.97706e-06 -1.35242e-06 -0.000123902)
(4.73838e-06 -7.76942e-06 -0.00013844)
(-3.73956e-06 -9.14118e-06 -0.000135445)
(-1.84293e-06 1.09544e-07 -0.000120916)
(1.46351e-06 6.95389e-07 -0.000118841)
(7.33624e-06 2.14578e-06 -0.000139195)
(2.4425e-06 -6.09095e-06 -0.00014736)
(-2.61523e-07 -1.61452e-05 -0.000148683)
(-1.5058e-05 -8.8336e-06 -0.000130334)
(-1.05195e-05 -4.51369e-06 -0.000122987)
(1.02657e-05 7.09439e-06 -0.000144726)
(5.19671e-06 -2.41676e-06 -0.000153435)
(-7.40035e-06 -3.10377e-05 -0.000154722)
(-2.12583e-05 -1.24391e-05 -0.000134155)
(0 0 0)
(0 0 0)
(4.65444e-06 -1.89224e-06 -0.000153986)
(-9.45583e-06 -3.30469e-05 -0.000159677)
(0 0 0)
(0 0 0)
(0 0 0)
(0 0 0)
(0 0 0)
(0 0 0)
(0 0 0)
(0 0 0)
(0 0 0)
(0 0 0)
(0 0 0)
(0 0 0)
(0 0 0)
(0 0 0)
(0 0 0)
(0 0 0)
(0 0 0)
(0 0 0)
(0 0 0)
(0 0 0)
(0 0 0)
(0 0 0)
(0 0 0)
(0 0 0)
(0 0 0)
(0 0 0)
(0 0 0)
(0 0 0)
(0 0 0)
(0 0 0)
(0 0 0)
(0 0 0)
(0 0 0)
(0 0 0)
(0 0 0)
(0 0 0)
(0 0 0)
(0 0 0)
(0 0 0)
(0 0 0)
(0 0 0)
(0 0 0)
(0 0 0)
(0 0 0)
(0 0 0)
(0 0 0)
(0 0 0)
(0 0 0)
(0 0 0)
(0 0 0)
(0 0 0)
(0 0 0)
(0 0 0)
(0 0 0)
(0 0 0)
(0 0 0)
(0 0 0)
(0 0 0)
(0 0 0)
(0 0 0)
(0 0 0)
(0 0 0)
(0 0 0)
(0 0 0)
(0 0 0)
(0 0 0)
(0 0 0)
(0 0 0)
(0 0 0)
(0 0 0)
(0 0 0)
(0 0 0)
(0 0 0)
(0 0 0)
(0 0 0)
(0 0 0)
(0 0 0)
(0 0 0)
(0 0 0)
(0 0 0)
(0 0 0)
(0 0 0)
(0 0 0)
(0 0 0)
(0 0 0)
(0 0 0)
(0 0 0)
(0 0 0)
(0 0 0)
(0 0 0)
(0 0 0)
(0 0 0)
(0 0 0)
(0 0 0)
(0 0 0)
(0 0 0)
(0 0 0)
(0 0 0)
(0 0 0)
(0 0 0)
(0 0 0)
(0 0 0)
(0 0 0)
(0 0 0)
(0 0 0)
(0 0 0)
(0 0 0)
(0 0 0)
(0 0 0)
(0 0 0)
(0 0 0)
(0 0 0)
(0 0 0)
(0 0 0)
(0 0 0)
(0 0 0)
(0 0 0)
(0 0 0)
(0 0 0)
(0 0 0)
(0 0 0)
(0 0 0)
(0 0 0)
(0 0 0)
(0 0 0)
(0 0 0)
(0 0 0)
(0 0 0)
(0 0 0)
(0 0 0)
(0 0 0)
(0 0 0)
(0 0 0)
(0 0 0)
(0 0 0)
(0 0 0)
(0 0 0)
(0 0 0)
(0 0 0)
(0 0 0)
(0 0 0)
(0 0 0)
(0 0 0)
(0 0 0)
(0 0 0)
(0 0 0)
(0 0 0)
(0 0 0)
(0 0 0)
(0 0 0)
(0 0 0)
(0 0 0)
(0 0 0)
(0 0 0)
(0 0 0)
(0 0 0)
(0 0 0)
(0 0 0)
(0 0 0)
(0 0 0)
(0 0 0)
(0 0 0)
(0 0 0)
(0 0 0)
(0 0 0)
(0 0 0)
(0 0 0)
(0 0 0)
(0 0 0)
(0 0 0)
(0 0 0)
(0 0 0)
(0 0 0)
(0 0 0)
(0 0 0)
(0 0 0)
(0 0 0)
(0 0 0)
(0 0 0)
(0 0 0)
(0 0 0)
(0 0 0)
(0 0 0)
(0 0 0)
(0 0 0)
)
;
    }
    procBoundary0to2
    {
        type            processor;
        value           nonuniform List<vector> 
450
(
(0 0 0)
(0 0 0)
(0 0 0)
(0 0 0)
(0 0 0)
(0 0 0)
(0 0 0)
(0 0 0)
(0 0 0)
(0 0 0)
(0 0 0)
(0 0 0)
(0 0 0)
(0 0 0)
(0 0 0)
(0 0 0)
(0 0 0)
(0 0 0)
(0 0 0)
(0 0 0)
(0 0 0)
(0 0 0)
(0 0 0)
(0 0 0)
(0 0 0)
(0 0 0)
(0 0 0)
(0 0 0)
(0 0 0)
(0 0 0)
(0 0 0)
(0 0 0)
(0 0 0)
(0 0 0)
(0 0 0)
(0 0 0)
(0 0 0)
(0 0 0)
(0 0 0)
(0 0 0)
(0 0 0)
(0 0 0)
(0 0 0)
(0 0 0)
(0 0 0)
(0 0 0)
(0 0 0)
(0 0 0)
(0 0 0)
(0 0 0)
(0 0 0)
(0 0 0)
(0 0 0)
(0 0 0)
(0 0 0)
(0 0 0)
(0 0 0)
(0 0 0)
(0 0 0)
(0 0 0)
(0 0 0)
(0 0 0)
(0 0 0)
(0 0 0)
(0 0 0)
(0 0 0)
(0 0 0)
(0 0 0)
(0 0 0)
(0 0 0)
(0 0 0)
(0 0 0)
(0 0 0)
(0 0 0)
(0 0 0)
(0 0 0)
(0 0 0)
(0 0 0)
(0 0 0)
(0 0 0)
(0 0 0)
(0 0 0)
(0 0 0)
(0 0 0)
(0 0 0)
(0 0 0)
(0 0 0)
(0 0 0)
(0 0 0)
(0 0 0)
(0 0 0)
(0 0 0)
(0 0 0)
(0 0 0)
(0 0 0)
(0 0 0)
(0 0 0)
(0 0 0)
(0 0 0)
(0 0 0)
(0 0 0)
(0 0 0)
(0 0 0)
(0 0 0)
(0 0 0)
(0 0 0)
(0 0 0)
(0 0 0)
(0 0 0)
(0 0 0)
(0 0 0)
(0 0 0)
(0 0 0)
(0 0 0)
(0 0 0)
(0 0 0)
(0 0 0)
(0 0 0)
(0 0 0)
(0 0 0)
(0 0 0)
(0 0 0)
(0 0 0)
(0 0 0)
(0 0 0)
(0 0 0)
(0 0 0)
(0 0 0)
(0 0 0)
(0 0 0)
(0 0 0)
(0 0 0)
(0 0 0)
(0 0 0)
(0 0 0)
(0 0 0)
(0 0 0)
(0 0 0)
(0 0 0)
(0 0 0)
(0 0 0)
(0 0 0)
(0 0 0)
(0 0 0)
(0 0 0)
(0 0 0)
(0 0 0)
(0 0 0)
(0 0 0)
(0 0 0)
(0 0 0)
(0 0 0)
(0 0 0)
(0 0 0)
(0 0 0)
(0 0 0)
(0 0 0)
(0 0 0)
(0 0 0)
(0 0 0)
(0 0 0)
(0 0 0)
(0 0 0)
(0 0 0)
(0 0 0)
(0 0 0)
(0 0 0)
(0 0 0)
(0 0 0)
(0 0 0)
(0 0 0)
(0 0 0)
(0 0 0)
(0 0 0)
(0 0 0)
(0 0 0)
(0 0 0)
(0 0 0)
(0 0 0)
(0 0 0)
(0 0 0)
(0 0 0)
(0 0 0)
(0 0 0)
(0 0 0)
(0 0 0)
(0 0 0)
(0 0 0)
(0 0 0)
(0 0 0)
(0 0 0)
(0 0 0)
(0 0 0)
(0 0 0)
(0 0 0)
(0 0 0)
(0 0 0)
(0 0 0)
(0 0 0)
(0 0 0)
(2.16668e-06 -1.83595e-06 -6.11967e-06)
(1.96153e-06 -1.3169e-06 -9.59216e-06)
(4.78374e-07 -1.2565e-07 -1.35986e-05)
(-1.04097e-06 4.31015e-07 -1.20177e-05)
(-1.08594e-06 -1.3038e-06 -7.88013e-06)
(-3.9995e-06 -2.58298e-06 -2.03141e-05)
(5.21826e-07 -1.5172e-06 -2.35802e-05)
(1.93634e-06 -1.11487e-07 -2.14075e-05)
(-9.4319e-07 -7.22988e-07 -1.88847e-05)
(9.00047e-07 -2.11213e-06 -1.99213e-05)
(-5.11786e-06 -2.55985e-06 -3.05038e-05)
(7.99977e-07 -9.89426e-07 -3.79324e-05)
(3.07894e-06 1.68801e-06 -3.42371e-05)
(3.00259e-06 -5.08354e-08 -2.98215e-05)
(4.90905e-07 3.72045e-06 -3.47451e-05)
(-5.40825e-07 4.46719e-07 -5.33065e-05)
(1.70994e-06 2.15148e-06 -5.00693e-05)
(1.95949e-06 4.14503e-06 -4.3115e-05)
(7.86165e-06 3.42065e-06 -4.60076e-05)
(2.83626e-06 1.11638e-06 -4.51112e-05)
(1.99083e-06 2.88541e-06 -6.57055e-05)
(6.09138e-08 4.79163e-06 -6.24512e-05)
(-1.28898e-06 4.17552e-06 -6.2289e-05)
(-1.72826e-06 2.68839e-06 -6.0394e-05)
(-2.43905e-06 -9.66072e-08 -5.5884e-05)
(1.01412e-06 2.18681e-06 -7.95209e-05)
(-1.78071e-06 3.74521e-06 -7.7519e-05)
(-6.95347e-07 2.70577e-06 -7.2248e-05)
(-4.36098e-06 2.41348e-06 -7.35942e-05)
(-3.90936e-06 1.07428e-06 -6.6648e-05)
(3.10478e-06 2.85958e-06 -9.3491e-05)
(1.02622e-06 3.95958e-06 -9.55133e-05)
(-3.43626e-06 7.60014e-06 -9.11634e-05)
(-3.28488e-06 3.94269e-06 -8.7268e-05)
(-2.3314e-06 4.23442e-06 -8.28515e-05)
(6.89796e-06 3.06043e-06 -0.000108052)
(5.39457e-06 5.45092e-06 -0.000114291)
(2.28632e-06 1.00611e-05 -0.000108926)
(-2.02134e-06 3.52318e-06 -0.000104726)
(-2.18755e-06 1.07779e-06 -0.000102088)
(1.06076e-05 -7.21953e-07 -0.00012493)
(5.38174e-06 7.62811e-06 -0.000122755)
(2.51971e-06 6.6683e-06 -0.000119476)
(-1.65705e-06 1.20555e-06 -0.000117628)
(-3.0617e-06 -2.48373e-06 -0.000119764)
(3.50303e-06 4.85121e-06 -0.000133768)
(-6.40876e-06 -4.31044e-06 -0.000135637)
(1.21491e-06 -4.41732e-06 -0.000124412)
(-2.09573e-06 -7.52724e-06 -0.000127811)
(-8.6615e-06 -2.51663e-06 -0.000130106)
(-9.14679e-07 -1.79399e-06 -0.000138018)
(-5.62757e-06 -1.39582e-05 -0.000143191)
(2.08423e-05 -1.15208e-05 -0.000135495)
(3.57578e-06 -2.58272e-05 -0.000139013)
(-1.41791e-06 -1.63667e-05 -0.000143249)
(1.16063e-05 -3.23256e-05 -0.000131327)
(2.33846e-05 -2.80588e-05 -0.000143767)
(2.20866e-05 -1.78408e-05 -0.000152026)
(7.56404e-06 -2.47723e-05 -0.000137017)
(-7.28365e-06 -2.35083e-05 -0.000143241)
(0 0 0)
(0 0 0)
(0 0 0)
(0 0 0)
(0 0 0)
(0 0 0)
(0 0 0)
(0 0 0)
(0 0 0)
(0 0 0)
(0 0 0)
(0 0 0)
(0 0 0)
(0 0 0)
(0 0 0)
(0 0 0)
(0 0 0)
(0 0 0)
(0 0 0)
(0 0 0)
(0 0 0)
(0 0 0)
(0 0 0)
(0 0 0)
(0 0 0)
(0 0 0)
(0 0 0)
(0 0 0)
(0 0 0)
(0 0 0)
(0 0 0)
(0 0 0)
(0 0 0)
(0 0 0)
(0 0 0)
(0 0 0)
(0 0 0)
(0 0 0)
(0 0 0)
(0 0 0)
(0 0 0)
(0 0 0)
(0 0 0)
(0 0 0)
(0 0 0)
(0 0 0)
(0 0 0)
(0 0 0)
(0 0 0)
(0 0 0)
(0 0 0)
(0 0 0)
(0 0 0)
(0 0 0)
(0 0 0)
(0 0 0)
(0 0 0)
(0 0 0)
(0 0 0)
(0 0 0)
(0 0 0)
(0 0 0)
(0 0 0)
(0 0 0)
(0 0 0)
(0 0 0)
(0 0 0)
(0 0 0)
(0 0 0)
(0 0 0)
(0 0 0)
(0 0 0)
(0 0 0)
(0 0 0)
(0 0 0)
(0 0 0)
(0 0 0)
(0 0 0)
(0 0 0)
(0 0 0)
(0 0 0)
(0 0 0)
(0 0 0)
(0 0 0)
(0 0 0)
(0 0 0)
(0 0 0)
(0 0 0)
(0 0 0)
(0 0 0)
(0 0 0)
(0 0 0)
(0 0 0)
(0 0 0)
(0 0 0)
(0 0 0)
(0 0 0)
(0 0 0)
(0 0 0)
(0 0 0)
(0 0 0)
(0 0 0)
(0 0 0)
(0 0 0)
(0 0 0)
(0 0 0)
(0 0 0)
(0 0 0)
(0 0 0)
(0 0 0)
(0 0 0)
(0 0 0)
(0 0 0)
(0 0 0)
(0 0 0)
(0 0 0)
(0 0 0)
(0 0 0)
(0 0 0)
(0 0 0)
(0 0 0)
(0 0 0)
(0 0 0)
(0 0 0)
(0 0 0)
(0 0 0)
(0 0 0)
(0 0 0)
(0 0 0)
(0 0 0)
(0 0 0)
(0 0 0)
(0 0 0)
(0 0 0)
(0 0 0)
(0 0 0)
(0 0 0)
(0 0 0)
(0 0 0)
(0 0 0)
(0 0 0)
(0 0 0)
(0 0 0)
(0 0 0)
(0 0 0)
(0 0 0)
(0 0 0)
(0 0 0)
(0 0 0)
(0 0 0)
(0 0 0)
(0 0 0)
(0 0 0)
(0 0 0)
(0 0 0)
(0 0 0)
(0 0 0)
(0 0 0)
(0 0 0)
(0 0 0)
(0 0 0)
(0 0 0)
(0 0 0)
(0 0 0)
(0 0 0)
(0 0 0)
(0 0 0)
(0 0 0)
(0 0 0)
(0 0 0)
(0 0 0)
(0 0 0)
(0 0 0)
(0 0 0)
(0 0 0)
(0 0 0)
(0 0 0)
(0 0 0)
(0 0 0)
(0 0 0)
(0 0 0)
(0 0 0)
(0 0 0)
(0 0 0)
(0 0 0)
(0 0 0)
(0 0 0)
(0 0 0)
(0 0 0)
(0 0 0)
)
;
    }
}


// ************************************************************************* //
