/*--------------------------------*- C++ -*----------------------------------*\
| =========                 |                                                 |
| \\      /  F ield         | OpenFOAM: The Open Source CFD Toolbox           |
|  \\    /   O peration     | Version:  5.x                                   |
|   \\  /    A nd           | Web:      www.OpenFOAM.org                      |
|    \\/     M anipulation  |                                                 |
\*---------------------------------------------------------------------------*/
FoamFile
{
    version     2.0;
    format      ascii;
    class       volScalarField;
    location    "50000";
    object      Ksl;
}
// * * * * * * * * * * * * * * * * * * * * * * * * * * * * * * * * * * * * * //

dimensions      [1 -3 -1 0 0 0 0];

internalField   nonuniform List<scalar> 
2250
(
0
0
0
0
0
0
0
0
0
0
0
0
0
0
0
0
0
0
0
0
0
0
0
0
0
0
0
0
0
0
0
0
0
0
0
0
0
0
0
0
0
0
0
0
0
0
0
0
0
0
0
0
0
0
0
0
0
0
0
0
0
0
0
0
0
0
0
0
0
0
0
0
0
0
0
0
0
0
0
0
0
0
0
0
0
0
0
0
0
0
0
0
0
0
0
0
0
0
0
0
0
0
0
0
0
0
0
0
0
0
0
0
0
0
0
0
0
0
0
0
0
0
0
0
0
0
0
0
0
0
0
0
0
0
0
0
0
0
0
0
0
0
0
0
0
0
0
0
0
0
0
0
0
0
0
0
0
0
0
0
0
0
0
0
0
0
0
0
0
0
0
0
0
0
0
0
0
0
0
0
0
0
0
0
0
0
0
0
0
0
0
0
0
0
0
0
0
0
0
0
0
0
0
0
0
0
0
0
0
0
0
0
0
0
0
0
0
0
0
0
0
0
0
0
0
0
0
0
0
0
0
0
0
0
0
0
0
0
0
0
0
0
0
0
0
0
0
0
0
0
0
0
0
0
0
0
0
0
0
0
0
0
0
0
0
0
0
0
0
0
0
0
0
0
0
0
0
0
0
0
0
0
0
0
0
0
0
0
0
0
0
0
0
0
0
0
0
0
0
0
0
0
0
0
0
0
0
0
0
0
0
0
0
0
0
0
0
0
0
0
0
0
0
0
0
0
0
0
0
0
0
0
0
0
0
0
0
0
0
0
0
0
0
0
0
0
0
0
0
0
0
0
0
0
0
0
0
0
0
0
0
0
0
0
0
0
0
0
0
0
0
0
0
0
0
0
0
0
0
0
0
0
0
0
0
0
0
0
0
0
0
0
0
0
0
0
0
0
0
0
0
0
0
0
0
0
0
0
0
0
0
0
0
0
0
0
0
0
0
0
0
0
0
0
0
0
0
0
0
0
0
0
0
0
0
0
0
0
0
0
0
0
0
0
0
0
0
0
0
0
0
0
0
0
0
0
0
0
0
0
0
0
0
0
0
0
0
0
0
0
0
0
0
0
0
0
0
0
0
0
0
0
0
0
0
0
0
0
0
0
0
0
0
0
0
0
0
0
0
0
0
0
0
0
0
0
0
0
0
0
0
0
0
0
0
0
0
0
0
0
0
0
0
0
0
0
0
0
0
0
0
0
0
0
0
0
0
0
0
0
0
0
0
0
0
0
0
0
0
0
0
0
0
0
0
0
0
0
0
0
0
0
0
0
0
0
0
0
0
0
0
0
0
0
0
0
0
0
0
0
0
0
0
0
0
0
0
0
0
0
0
0
0
0
0
0
0
0
0
0
0
0
0
0
0
0
0
0
0
0
0
0
0
0
0
0
0
0
0
0
0
0
0
0
0
0
0
0
0
0
0
0
0
0
0
0
0
0
0
0
0
0
0
0
0
0
0
0
0
0
0
0
0
0
0
0
0
0
0
0
0
0
0
0
0
0
0
0
0
0
0
0
0
0
0
0
0
0
0
0
0
0
0
0
0
0
0
0
0
0
0
0
0
0
0
0
0
0
0
0
0
0
0
0
0
0
0
0
0
0
0
0
0
0
0
0
0
0
0
0
0
0
0
0
0
0
0
0
0
0
0
0
0
0
0
0
0
0
0
0
0
0
0
0
0
0
0
0
0
0
0
0
0
0
0
0
0
0
0
0
0
0
0
0
0
0
0
0
0
0
0
0
0
0
0
0
0
0
0
0
0
0
0
0
0
0
0
0
0
0
0
0
0
0
0
0
0
0
0
0
0
0
0
0
0
0
0
0
0
0
0
0
0
0
0
0
0
0
0
0
0
0
0
0
0
0
0
0
0
0
0
0
0
0
0
0
0
0
0
0
0
0
0
0
0
0
0
0
0
0
0
0
0
0
0
0
0
0
0
0
0
0
0
0
0
0
0
0
0
0
0
0
0
0
0
0
0
0
0
0
0
0
0
0
0
0
0
0
0
0
0
0
0
0
0
0
0
0
0
0
0
0
0
0
0
0
0
0
0
0
0
0
0
0
0
0
0
0
0
0
0
0
0
0
0
0
0
0
0
0
0
0
0
0
0
0
0
0
0
0
0
0
0
0
0
0
0
0
0
0
0
0
0
0
0
0
0
0
0
0
0
0
0
0
0
0
0
0
0
0
0
0
0
0
0
0
0
0
0
0
0
0
0
0
0
0
0
0
0
0
0
0
0
0
0
0
0
0
0
0
0.00725983
0.0138722
3.99435e-05
8.87128e-05
0.000136071
0.0118866
0.00110525
0.000436087
7.25967e-05
4.45824e-05
7.49137e-05
0.0036018
0.000322914
0.000149408
0.000363847
8.63105e-05
0.000112643
7.49297e-05
0.000126949
0.000125677
0.0208239
0.0224342
0.0227605
0.000169358
3.29905e-05
7.67201e-05
0.000152976
9.91028e-05
0.0172334
2.95379e-05
0.000284393
0.000145296
0.000176526
9.03354e-05
0.00141785
0.000137789
5.80767e-05
0.000230393
0.000115434
0.0540259
8.20576e-05
9.99343e-05
6.88722e-05
0.000249968
4.21988e-05
0.000261486
9.29612e-05
0.0264716
0.020248
0.000168052
0.0242559
0.000142478
0.000157182
6.9056e-05
0.000151662
9.9005e-05
0.000168758
6.96388e-05
9.54871e-05
5.50219e-05
6.0785e-05
0.0104463
0.000610151
0.00130997
0.000107048
0.000130878
0.000136624
0.000157365
0.000142772
0.0184082
0.0171862
0.0104531
0.000137699
0.00341951
7.49339e-05
0.000168094
6.73567e-05
5.77328e-05
0.0223239
0.000143506
0.000113926
0.00231944
0.000110222
0.000137993
0.000799562
0.000121534
4.50584e-05
0.000108653
0.00220366
6.233e-05
3.55509e-05
0.0155056
0.000169926
0.000248812
0.00668408
0.0318061
0.000144968
0.0160769
0.00291717
5.48986e-05
0.000254116
0.000256954
0.000145549
9.77824e-05
0.00014387
0.0159477
0.00120601
3.49481e-05
0.018264
0.00484082
9.9574e-05
0.00226083
0.000141037
0.000165551
0.00965127
8.48667e-05
7.66204e-05
0.00142557
0.000140834
0.00651952
3.48081e-05
0.00156405
0.005326
4.77067e-05
0.0113307
0.000292928
0.00660748
0.000116635
9.29175e-05
3.91724e-05
0.000120984
0.000875946
0.000153099
6.92838e-05
0.000106711
0.0142522
9.93613e-05
0.00045678
5.85376e-05
8.23454e-05
0.000141564
0.000240879
7.76227e-05
0.00625656
0.0063363
0.0135267
0.000691076
4.15525e-05
0.0140624
0.0186597
0.000208926
0.000101279
0.00342127
5.66381e-05
0.000107125
0.00379946
8.2195e-05
5.2118e-05
0.00278658
4.22349e-05
0.000228617
0.0057303
0.00587211
0.000473247
0.000117145
0.000202857
0.000113878
0.000374887
6.54918e-05
0.00832227
4.2832e-05
0.0128027
0.00028367
0.000259443
8.51869e-05
0.000100155
0.000194634
0.00228544
9.43939e-05
7.98535e-05
0.00020552
0.000141221
0.000110771
8.84549e-05
0.000149983
0.00013087
0.000103183
0.00554387
7.01341e-05
0.00409493
0.000160233
0.000169166
0.000124656
0.0160708
8.37701e-05
0.00132908
0.000137299
0.000112957
6.17392e-05
0.000156844
0.0012733
6.18054e-05
0.00169505
6.99987e-05
0.000149445
0.00156196
4.39045e-05
0.00528383
0.00036426
3.94989e-05
0.000171247
0.000379483
6.28523e-05
0.000465569
0.00039659
0.00261744
7.62033e-05
0.00119118
0.000135407
0.000242639
0.00277149
0.000173316
7.03425e-05
8.71646e-05
0.00231412
5.52404e-05
0.000306009
7.4062e-05
3.53675e-05
0.000274558
8.14343e-05
0.000801589
0.00376797
7.94708e-05
0.000161167
3.73917e-05
7.0334e-05
0.00340759
7.39606e-05
6.40143e-05
2.47851e-05
0.000112925
6.13985e-05
0.00238859
0.00146981
0.00151485
9.62257e-05
0.000139539
0.00235532
7.48963e-05
0.000170165
0.000230251
0.000755384
0.000725799
0.00119237
0.0019169
0.000101465
8.26076e-05
0.000174458
0.000174419
0.000783115
0.000742785
0.000143493
9.0179e-05
0.00188386
0.000250438
0.000223168
0.000185726
0.000112177
8.25191e-05
0.00183349
0.000977441
8.65232e-05
4.67386e-05
5.72128e-05
0.000123574
2.25718e-05
1.83278e-05
7.0379e-06
0.000182025
2.23622e-05
0.000288233
1.44386e-05
1.61061e-05
2.95442e-05
4.50601e-05
3.43219e-05
0.00104229
7.52265e-06
5.75024e-05
2.90945e-05
2.93725e-05
8.8297e-05
0.000327201
0.00058401
1.03708e-05
5.83562e-05
0.000555582
0.000667668
7.11471e-05
0.00010414
0
0
0
0
2.43964e-05
6.53622e-06
0
0
0
0
0
9.31359e-06
2.47789e-06
6.1208e-05
1.05663e-05
6.57981e-05
1.48915e-05
1.23941e-06
0
0
0
7.99405e-06
3.1196e-06
0
0
0
0
0
0
0
0
0
0
0
0
0
0
0
0
0
0
0
0
0
0
0
0
0
0
0
0
0
0
0
0
0
0
0
0
0
0
0
0
0
0
0
0
0
0
0
0
0
0
0
0
0
0
0
0
0
0
0
0
0
0
0
0
0
0
0
0
0
0
0
0
0
0
0
0
0
0
0
0
0
0
0
0
0
0
0
0
0
0
0
0
0
0
0
0
0
0
0
0
0
0
0
0
0
0
0
0
0
0
0
0
0
0
0
0
0
0
0
0
0
0
0
0
0
0
0
0
0
0
0
0
0
0
0
0
0
0
0
0
0
0
0
0
0
0
0
0
0
0
0
0
0
0
0
0
0
0
0
0
0
0
0
0
0
0
0
0
0
0
0
0
0
0
0
0
0
0
0
0
0
0
0
0
0
0
0
0
0
0
0
0
0
0
0
0
0
0
0
0
0
0
0
0
0
0
0
0
0
0
0
0
0
0
0
0
0
0
0
0
0
0
0
0
0
0
0
0
0
0
0
0
0
0
0
0
0
0
0
0
0
0
0
0
0
0
0
0
0
0
0
0
0
0
0
0
0
0
0
0
0
0
0
0
0
0
0
0
0
0
0
0
0
0
0
0
0
0
0
0
0
0
0
0
0
0
0
0
0
0
0
0
0
0
0
0
0
0
0
0
0
0
0
0
0
0
0
0
0
0
0
0
0
0
0
0
0
0
0
0
0
0
0
0
0
0
0
0
0
0
0
0
0
0
0
0
0
0
0
0
0
0
0
0
0
0
0
0
0
0
0
0
0
0
0
0
0
0
0
0
0
0
0
0
0
0
0
0
0
0
0
0
0
0
0
0
0
0
0
0
0
0
0
0
0
0
0
0
0
0
0
0
0
0
0
0
0
0
0
0
0
0
0
0
0
0
0
0
0
0
0
0
0
0
0
0
0
0
0
0
0
0
0
0
0
0
0
0
0
0
0
0
0
0
0
0
0
0
0
0
0
0
0
0
0
0
0
0
0
0
0
0
0
0
0
0
0
0
0
0
0
0
0
0
0
0
0
0
0
0
0
0
0
0
0
0
0
0
0
0
0
0
0
0
0
0
0
0
0
0
0
0
0
0
0
0
0
0
0
0
0
0
0
0
0
0
0
0
0
0
0
0
0
0
0
0
0
0
0
0
0
0
0
0
0
0
0
0
0
0
0
0
0
0
0
0
0
0
0
0
0
0
0
0
0
0
0
0
0
0
0
0
0
0
0
0
0
0
0
0
0
0
0
0
0
0
0
0
0
0
0
0
0
0
0
0
0
0
0
0
0
0
0
0
0
0
0
0
0
0
0
0
0
0
0
0
0
0
0
0
0
0
0
0
0
0
0
0
0
0
0
0
0
0
0
0
0
0
0
0
0
0
0
0
0
0
0
0
0
0
0
0
0
0
0
0
0
0
0
0
0
0
0
0
0
0
0
0
0
0
0
0
0
0
0
0
0
0
0
0
0
0
0
0
0
0
0
0
0
0
0
0
0
0
0
0
0
0
0
0
0
0
0
0
0
0
0
0
0
0
0
0
0
0
0
0
0
0
0
0
0
0
0
0
0
0
0
0
0
0
0
0
0
0
0
0
0
0
0
0
0
0
0
0
0
0
0
0
0
0
0
0
0
0
0
0
0
0
0
0
0
0
0
0
0
0
0
0
0
0
0
0
0
0
0
0
0
0
0
0
0
0
0
0
0
0
0
0
0
0
0
0
0
0
0
0
0
0
0
0
0
0
0
0
0
0
0
0
0
0
0
0
0
0
0
0
0
0
0
0
0
0
0
0
0
0
0
0
0
0
0
0
0
0
0
0
0
0
0
0
0
0
0
0
0
0
0
0
0
0
0
0
0
0
0
0
0
0
0
0
0
0
0
0
0
0
0
0
0
0
0
0
0
0
0
0
0
0
0
0
0
0
0
0
0
0
0
0
0
0
0
0
0
0
0
0
0
0
0
0
0
0
0
0
0
0
0
0
0
0
0
0
0
0
0
0
0
0
0
0
0
0
0
0
0
0
0
0
0
0
0
0
0
0
0
0
0
0
0
0
0
0
0
0
0
0
)
;

boundaryField
{
    inlet
    {
        type            zeroGradient;
    }
    outlet
    {
        type            zeroGradient;
    }
    repeat_boundary
    {
        type            zeroGradient;
    }
    procBoundary0to1
    {
        type            processor;
        value           nonuniform List<scalar> 
450
(
0
0
0
0
0
0
0
0
0
0
0
0
0
0
0
0
0
0
0
0
0
0
0
0
0
0
0
0
0
0
0
0
0
0
0
0
0
0
0
0
0
0
0
0
0
0
0
0
0
0
0
0
0
0
0
0
0
0
0
0
0
0
0
0
0
0
0
0
0
0
0
0
0
0
0
0
0
0
0
0
0
0
0
0
0
0
0
0
0
0
0
0
0
0
0
0
0
0
0
0
0
0
0
0
0
0
0
0
0
0
0
0
0
0
0
0
0
0
0
0
0
0
0
0
0
0
0
0
0
0
0
0
0
0
0
0
0
0
0
0
0
0
0
0
0
0
0
0
0
0
0
0
0
0
0
0
0
0
0
0
0
0
0
0
0
0
0
0
0
0
0
0
0
0
0
0
0
0
0
0
0
0
0
0
0
0
0
0
0
0
0
0
0
0
0
0
0
0
0
0
8.27189e-05
0.0250464
0.00888189
3.44812e-05
7.8909e-05
0.0493935
7.21548e-05
5.10547e-05
0.0473074
0.0156094
0.000123756
0.0120479
0.0197148
3.40926e-05
0.00473017
0.038372
4.09691e-05
0.0126345
0.000195881
1.76118e-05
0.00863388
8.7034e-05
3.58137e-05
0.000116221
0.00101239
0.0121254
0.00756522
8.65431e-05
8.03096e-05
2.82017e-05
0.00465334
0.00676604
3.18837e-05
5.20731e-05
0.000576422
0.00146341
7.1892e-05
0.000404286
0.000148051
0.00413229
0.00222828
0.0016814
4.76769e-05
8.08918e-05
0.00042262
0.000124878
0.00144634
0.00187112
0.00012931
9.65677e-05
2.01767e-05
0.000625813
4.5992e-05
9.5979e-05
8.30672e-05
0.000360869
0.000318892
7.05496e-05
2.09826e-05
0.000654967
4.18105e-07
0
0
1.46293e-05
3.97065e-06
0
0
0
0
0
0
0
0
0
0
0
0
0
0
0
0
0
0
0
0
0
0
0
0
0
0
0
0
0
0
0
0
0
0
0
0
0
0
0
0
0
0
0
0
0
0
0
0
0
0
0
0
0
0
0
0
0
0
0
0
0
0
0
0
0
0
0
0
0
0
0
0
0
0
0
0
0
0
0
0
0
0
0
0
0
0
0
0
0
0
0
0
0
0
0
0
0
0
0
0
0
0
0
0
0
0
0
0
0
0
0
0
0
0
0
0
0
0
0
0
0
0
0
0
0
0
0
0
0
0
0
0
0
0
0
0
0
0
0
0
0
0
0
0
0
0
0
0
0
0
0
0
0
0
0
0
0
0
0
0
0
0
0
0
0
0
0
0
0
0
0
0
0
0
0
0
0
0
0
0
0
0
0
0
0
)
;
    }
    procBoundary0to2
    {
        type            processor;
        value           nonuniform List<scalar> 
450
(
0
0
0
0
0
0
0
0
0
0
0
0
0
0
0
0
0
0
0
0
0
0
0
0
0
0
0
0
0
0
0
0
0
0
0
0
0
0
0
0
0
0
0
0
0
0
0
0
0
0
0
0
0
0
0
0
0
0
0
0
0
0
0
0
0
0
0
0
0
0
0
0
0
0
0
0
0
0
0
0
0
0
0
0
0
0
0
0
0
0
0
0
0
0
0
0
0
0
0
0
0
0
0
0
0
0
0
0
0
0
0
0
0
0
0
0
0
0
0
0
0
0
0
0
0
0
0
0
0
0
0
0
0
0
0
0
0
0
0
0
0
0
0
0
0
0
0
0
0
0
0
0
0
0
0
0
0
0
0
0
0
0
0
0
0
0
0
0
0
0
0
0
0
0
0
0
0
0
0
0
0
0
0
0
0
0
0
0
0
0
0
0
0
0
0
0
0
0
0
0
0.000202633
8.32809e-05
6.49185e-05
0.0019755
0.0305131
0.000109544
0.00019678
3.6725e-05
5.77412e-05
0.000754922
5.94754e-05
0.00489689
0.000859067
0.00932236
8.25483e-05
4.55157e-05
0.000309454
4.85945e-05
0.000113557
0.0134792
0.0323528
5.59496e-05
5.10315e-05
0.00990683
1.49061e-05
8.35707e-05
0.0072969
0.000158992
0.00013732
9.02057e-05
0.00879874
2.63407e-05
0.000135901
6.80635e-05
0.00198152
5.89322e-05
0.00508595
0.0009024
0.00636013
5.3005e-05
4.19515e-05
0.000185735
0.00335554
6.67466e-05
0.0031582
5.78106e-05
6.01015e-05
0.00229259
3.57625e-05
0.00257482
7.12837e-05
6.03869e-05
0.000516959
0.00179177
0.00157146
0.000732343
1.31867e-05
0.000254433
4.26573e-06
3.51597e-05
0
0
0
0
0
0
0
0
0
0
0
0
0
0
0
0
0
0
0
0
0
0
0
0
0
0
0
0
0
0
0
0
0
0
0
0
0
0
0
0
0
0
0
0
0
0
0
0
0
0
0
0
0
0
0
0
0
0
0
0
0
0
0
0
0
0
0
0
0
0
0
0
0
0
0
0
0
0
0
0
0
0
0
0
0
0
0
0
0
0
0
0
0
0
0
0
0
0
0
0
0
0
0
0
0
0
0
0
0
0
0
0
0
0
0
0
0
0
0
0
0
0
0
0
0
0
0
0
0
0
0
0
0
0
0
0
0
0
0
0
0
0
0
0
0
0
0
0
0
0
0
0
0
0
0
0
0
0
0
0
0
0
0
0
0
0
0
0
0
0
0
0
0
0
0
0
0
0
0
0
0
0
0
0
0
0
0
0
0
0
)
;
    }
}


// ************************************************************************* //
