/*--------------------------------*- C++ -*----------------------------------*\
| =========                 |                                                 |
| \\      /  F ield         | OpenFOAM: The Open Source CFD Toolbox           |
|  \\    /   O peration     | Version:  5.x                                   |
|   \\  /    A nd           | Web:      www.OpenFOAM.org                      |
|    \\/     M anipulation  |                                                 |
\*---------------------------------------------------------------------------*/
FoamFile
{
    version     2.0;
    format      ascii;
    class       surfaceScalarField;
    location    "0.06";
    object      phi;
}
// * * * * * * * * * * * * * * * * * * * * * * * * * * * * * * * * * * * * * //

dimensions      [0 3 -1 0 0 0 0];

internalField   nonuniform List<scalar> 
5825
(
-6.2577e-17
-5.12541e-17
-9.99997e-10
-1.15945e-16
-5.26599e-17
-9.99997e-10
-1.57019e-16
-4.95436e-17
-9.99998e-10
-1.99522e-16
-4.45044e-17
-9.99998e-10
-2.56958e-17
-9.99998e-10
-6.39799e-17
-8.89293e-17
-9.99997e-10
-1.13136e-16
-8.27628e-17
-9.99997e-10
-1.52456e-16
-7.99178e-17
-9.99998e-10
-1.81112e-16
-7.61665e-17
-9.99998e-10
-6.14346e-17
-9.99998e-10
-5.75318e-17
-1.11682e-16
-9.99998e-10
-1.10431e-16
-1.07697e-16
-9.99998e-10
-1.48445e-16
-1.10912e-16
-9.99998e-10
-1.66195e-16
-1.16302e-16
-9.99998e-10
-1.20842e-16
-9.99998e-10
-5.32444e-17
-1.18444e-16
-9.99998e-10
-1.1415e-16
-1.21582e-16
-9.99998e-10
-1.53893e-16
-1.31074e-16
-9.99998e-10
-1.71076e-16
-1.44332e-16
-9.99998e-10
-1.86691e-16
-9.99999e-10
-5.43878e-17
-9.99998e-10
-1.2171e-16
-9.99998e-10
-1.66354e-16
-9.99998e-10
-2.14803e-16
-9.99999e-10
-9.99999e-10
-1.66083e-16
-1.35479e-16
-9.99997e-10
-3.12497e-16
-1.3374e-16
-9.99997e-10
-4.2185e-16
-1.28018e-16
-9.99997e-10
-5.12357e-16
-1.17372e-16
-9.99998e-10
-8.40365e-17
-9.99998e-10
-1.64353e-16
-2.43797e-16
-9.99997e-10
-3.07857e-16
-2.35307e-16
-9.99997e-10
-4.12315e-16
-2.36424e-16
-9.99997e-10
-4.78655e-16
-2.42034e-16
-9.99998e-10
-2.42948e-16
-9.99998e-10
-1.55151e-16
-3.22743e-16
-9.99997e-10
-3.09595e-16
-3.25451e-16
-9.99997e-10
-4.171e-16
-3.43526e-16
-9.99998e-10
-4.76566e-16
-3.74347e-16
-9.99998e-10
-4.22702e-16
-9.99998e-10
-1.57573e-16
-3.69352e-16
-9.99998e-10
-3.29077e-16
-3.94271e-16
-9.99998e-10
-4.47964e-16
-4.18776e-16
-9.99998e-10
-5.22219e-16
-4.61341e-16
-9.99998e-10
-5.86422e-16
-9.99999e-10
-1.78072e-16
-9.99998e-10
-3.51466e-16
-9.99998e-10
-4.93699e-16
-9.99998e-10
-6.47892e-16
-9.99999e-10
-9.99999e-10
-2.7539e-16
-2.30643e-16
-9.99996e-10
-5.30125e-16
-2.27935e-16
-9.99997e-10
-7.11277e-16
-2.28267e-16
-9.99997e-10
-8.17276e-16
-2.28571e-16
-9.99997e-10
-2.33773e-16
-9.99998e-10
-2.72898e-16
-4.43043e-16
-9.99997e-10
-5.3282e-16
-4.46757e-16
-9.99997e-10
-7.13864e-16
-4.65669e-16
-9.99997e-10
-8.23332e-16
-5.04296e-16
-9.99997e-10
-5.67687e-16
-9.99998e-10
-2.75449e-16
-6.18077e-16
-9.99997e-10
-5.52279e-16
-6.3955e-16
-9.99997e-10
-7.51723e-16
-6.75998e-16
-9.99997e-10
-8.82303e-16
-7.37146e-16
-9.99998e-10
-8.26801e-16
-9.99998e-10
-2.95748e-16
-7.46314e-16
-9.99997e-10
-5.89648e-16
-7.79587e-16
-9.99997e-10
-8.13139e-16
-8.10025e-16
-9.99998e-10
-9.67929e-16
-8.67725e-16
-9.99998e-10
-9.92618e-16
-9.99999e-10
-3.25142e-16
-9.99998e-10
-6.20072e-16
-9.99998e-10
-8.73156e-16
-9.99998e-10
-1.09338e-15
-9.99999e-10
-9.99999e-10
-4.14253e-16
-3.61958e-16
-9.99996e-10
-8.02822e-16
-3.65121e-16
-9.99996e-10
-1.0792e-15
-3.80777e-16
-9.99996e-10
-1.21675e-15
-4.06554e-16
-9.99997e-10
-4.6941e-16
-9.99997e-10
-4.17462e-16
-7.13681e-16
-9.99996e-10
-8.22887e-16
-7.34691e-16
-9.99996e-10
-1.10937e-15
-7.74407e-16
-9.99996e-10
-1.28502e-15
-8.4459e-16
-9.99997e-10
-9.50854e-16
-9.99998e-10
-4.34822e-16
-1.00895e-15
-9.99996e-10
-8.62733e-16
-1.04156e-15
-9.99996e-10
-1.17876e-15
-1.08548e-15
-9.99997e-10
-1.38958e-15
-1.14957e-15
-9.99997e-10
-1.22266e-15
-9.99998e-10
-4.63439e-16
-1.20217e-15
-9.99997e-10
-9.07129e-16
-1.23296e-15
-9.99997e-10
-1.2429e-15
-1.25831e-15
-9.99997e-10
-1.46173e-15
-1.29139e-15
-9.99998e-10
-1.34442e-15
-9.99998e-10
-4.88896e-16
-9.99997e-10
-9.31817e-16
-9.99997e-10
-1.27586e-15
-9.99998e-10
-1.51207e-15
-9.99998e-10
-9.99999e-10
-6.12847e-16
-5.50539e-16
-9.99995e-10
-1.17427e-15
-5.60781e-16
-9.99995e-10
-1.58471e-15
-5.89951e-16
-9.99995e-10
-1.8006e-15
-6.31415e-16
-9.99996e-10
-7.12375e-16
-9.99997e-10
-6.22937e-16
-1.06878e-15
-9.99995e-10
-1.20962e-15
-1.09883e-15
-9.99995e-10
-1.63259e-15
-1.1455e-15
-9.99996e-10
-1.89071e-15
-1.21831e-15
-9.99996e-10
-1.31369e-15
-9.99997e-10
-6.46842e-16
-1.49534e-15
-9.99995e-10
-1.25602e-15
-1.52722e-15
-9.99996e-10
-1.70428e-15
-1.562e-15
-9.99996e-10
-1.98729e-15
-1.60301e-15
-9.99997e-10
-1.63431e-15
-9.99997e-10
-6.7299e-16
-1.74656e-15
-9.99996e-10
-1.29073e-15
-1.77631e-15
-9.99996e-10
-1.7453e-15
-1.78424e-15
-9.99997e-10
-2.02347e-15
-1.78693e-15
-9.99997e-10
-1.79541e-15
-9.99998e-10
-6.97275e-16
-9.99997e-10
-1.29832e-15
-9.99997e-10
-1.74453e-15
-9.99997e-10
-2.02868e-15
-9.99998e-10
-9.99999e-10
-8.9309e-16
-8.09309e-16
-9.99993e-10
-1.67429e-15
-8.20148e-16
-9.99993e-10
-2.25804e-15
-8.46447e-16
-9.99994e-10
-2.58702e-15
-8.74956e-16
-9.99995e-10
-9.20114e-16
-9.99996e-10
-9.03823e-16
-1.52711e-15
-9.99993e-10
-1.70696e-15
-1.55187e-15
-9.99994e-10
-2.29361e-15
-1.5847e-15
-9.99994e-10
-2.64295e-15
-1.63445e-15
-9.99995e-10
-1.70053e-15
-9.99996e-10
-9.22125e-16
-2.115e-15
-9.99994e-10
-1.73936e-15
-2.13759e-15
-9.99994e-10
-2.34238e-15
-2.15148e-15
-9.99995e-10
-2.70978e-15
-2.17603e-15
-9.99996e-10
-2.2237e-15
-9.99997e-10
-9.38307e-16
-2.47175e-15
-9.99995e-10
-1.75314e-15
-2.4917e-15
-9.99995e-10
-2.36691e-15
-2.47967e-15
-9.99996e-10
-2.75924e-15
-2.49431e-15
-9.99996e-10
-2.59855e-15
-9.99998e-10
-9.50185e-16
-9.99996e-10
-1.7427e-15
-9.99996e-10
-2.38095e-15
-9.99997e-10
-2.8626e-15
-9.99998e-10
-9.99999e-10
-1.26332e-15
-1.14587e-15
-9.99991e-10
-2.33135e-15
-1.14833e-15
-9.99991e-10
-3.14068e-15
-1.15489e-15
-9.99992e-10
-3.6161e-15
-1.15497e-15
-9.99993e-10
-1.15913e-15
-9.99995e-10
-1.26595e-15
-2.12625e-15
-9.99991e-10
-2.34466e-15
-2.13659e-15
-9.99991e-10
-3.14894e-15
-2.14635e-15
-9.99992e-10
-3.63213e-15
-2.17431e-15
-9.99994e-10
-2.23166e-15
-9.99995e-10
-1.26982e-15
-2.93464e-15
-9.99992e-10
-2.35446e-15
-2.94255e-15
-9.99992e-10
-3.17651e-15
-2.93754e-15
-9.99993e-10
-3.68865e-15
-2.96857e-15
-9.99994e-10
-3.07627e-15
-9.99996e-10
-1.27019e-15
-3.45677e-15
-9.99993e-10
-2.35003e-15
-3.44655e-15
-9.99993e-10
-3.20731e-15
-3.42515e-15
-9.99994e-10
-3.79435e-15
-3.48058e-15
-9.99995e-10
-3.7091e-15
-9.99997e-10
-1.24898e-15
-9.99994e-10
-2.33077e-15
-9.99995e-10
-3.26875e-15
-9.99996e-10
-4.02394e-15
-9.99997e-10
-9.99998e-10
-1.73771e-15
-1.57378e-15
-9.99987e-10
-3.21208e-15
-1.5683e-15
-9.99988e-10
-4.34839e-15
-1.55718e-15
-9.99989e-10
-5.05671e-15
-1.54468e-15
-9.99991e-10
-1.54426e-15
-9.99993e-10
-1.73234e-15
-2.92747e-15
-9.99988e-10
-3.20946e-15
-2.92699e-15
-9.99988e-10
-4.34681e-15
-2.92294e-15
-9.9999e-10
-5.07005e-15
-2.94272e-15
-9.99991e-10
-2.99598e-15
-9.99993e-10
-1.724e-15
-4.03542e-15
-9.99989e-10
-3.20597e-15
-4.03206e-15
-9.99989e-10
-4.36728e-15
-4.02238e-15
-9.99991e-10
-5.1208e-15
-4.0588e-15
-9.99992e-10
-4.1729e-15
-9.99995e-10
-1.71091e-15
-4.75531e-15
-9.9999e-10
-3.19648e-15
-4.72135e-15
-9.99991e-10
-4.40413e-15
-4.70609e-15
-9.99992e-10
-5.22182e-15
-4.76416e-15
-9.99994e-10
-4.94011e-15
-9.99996e-10
-1.6636e-15
-9.99992e-10
-3.18287e-15
-9.99993e-10
-4.47562e-15
-9.99994e-10
-5.40078e-15
-9.99996e-10
-9.99998e-10
-2.36415e-15
-2.13508e-15
-9.99983e-10
-4.43012e-15
-2.13375e-15
-9.99983e-10
-6.05007e-15
-2.12081e-15
-9.99985e-10
-7.11983e-15
-2.11674e-15
-9.99988e-10
-2.12128e-15
-9.9999e-10
-2.36278e-15
-4.01928e-15
-9.99983e-10
-4.4287e-15
-4.01987e-15
-9.99984e-10
-6.06063e-15
-4.01418e-15
-9.99986e-10
-7.14241e-15
-4.02623e-15
-9.99988e-10
-4.04828e-15
-9.99991e-10
-2.35277e-15
-5.52979e-15
-9.99985e-10
-4.4236e-15
-5.52913e-15
-9.99986e-10
-6.07353e-15
-5.52585e-15
-9.99987e-10
-7.16322e-15
-5.54629e-15
-9.9999e-10
-5.58666e-15
-9.99993e-10
-2.33893e-15
-6.49196e-15
-9.99987e-10
-4.42006e-15
-6.47224e-15
-9.99988e-10
-6.09493e-15
-6.47401e-15
-9.9999e-10
-7.19134e-15
-6.48497e-15
-9.99992e-10
-6.48411e-15
-9.99995e-10
-2.30239e-15
-9.99989e-10
-4.42122e-15
-9.9999e-10
-6.11736e-15
-9.99992e-10
-7.18888e-15
-9.99994e-10
-9.99997e-10
-3.22559e-15
-2.9043e-15
-9.99976e-10
-6.11316e-15
-2.91497e-15
-9.99978e-10
-8.3972e-15
-2.90684e-15
-9.9998e-10
-9.92272e-15
-2.90609e-15
-9.99983e-10
-2.89158e-15
-9.99987e-10
-3.23641e-15
-5.51311e-15
-9.99977e-10
-6.12023e-15
-5.5207e-15
-9.99979e-10
-8.41621e-15
-5.51227e-15
-9.99981e-10
-9.93288e-15
-5.50432e-15
-9.99984e-10
-5.48553e-15
-9.99988e-10
-3.22992e-15
-7.57167e-15
-9.99979e-10
-6.11231e-15
-7.58318e-15
-9.99981e-10
-8.40902e-15
-7.58103e-15
-9.99983e-10
-9.91611e-15
-7.57148e-15
-9.99986e-10
-7.54325e-15
-9.9999e-10
-3.22348e-15
-8.8765e-15
-9.99982e-10
-6.11025e-15
-8.89193e-15
-9.99984e-10
-8.4007e-15
-8.90276e-15
-9.99986e-10
-9.88335e-15
-8.86887e-15
-9.99989e-10
-8.75623e-15
-9.99993e-10
-3.21482e-15
-9.99986e-10
-6.11714e-15
-9.99987e-10
-8.37144e-15
-9.99989e-10
-9.76693e-15
-9.99992e-10
-9.99996e-10
-4.41625e-15
-3.96933e-15
-9.99968e-10
-8.39336e-15
-3.98328e-15
-9.9997e-10
-1.15458e-14
-3.97246e-15
-9.99973e-10
-1.36054e-14
-3.95937e-15
-9.99977e-10
-3.92509e-15
-9.99982e-10
-4.43062e-15
-7.54024e-15
-9.99969e-10
-8.4026e-15
-7.54937e-15
-9.99971e-10
-1.15596e-14
-7.53052e-15
-9.99974e-10
-1.36038e-14
-7.49905e-15
-9.99978e-10
-7.45836e-15
-9.99984e-10
-4.4211e-15
-1.03493e-14
-9.99972e-10
-8.38446e-15
-1.03671e-14
-9.99974e-10
-1.15291e-14
-1.03504e-14
-9.99977e-10
-1.35667e-14
-1.03079e-14
-9.99981e-10
-1.0242e-14
-9.99986e-10
-4.41438e-15
-1.21378e-14
-9.99976e-10
-8.36853e-15
-1.21704e-14
-9.99978e-10
-1.14876e-14
-1.21612e-14
-9.99981e-10
-1.35075e-14
-1.20965e-14
-9.99985e-10
-1.19845e-14
-9.9999e-10
-4.41447e-15
-9.99981e-10
-8.35349e-15
-9.99982e-10
-1.14164e-14
-9.99985e-10
-1.33964e-14
-9.99989e-10
-9.99994e-10
-6.03829e-15
-5.42512e-15
-9.99956e-10
-1.14575e-14
-5.42775e-15
-9.99959e-10
-1.57631e-14
-5.40978e-15
-9.99963e-10
-1.85335e-14
-5.38457e-15
-9.99969e-10
-5.3522e-15
-9.99976e-10
-6.04188e-15
-1.02781e-14
-9.99958e-10
-1.14664e-14
-1.02825e-14
-9.99961e-10
-1.57751e-14
-1.02518e-14
-9.99965e-10
-1.85436e-14
-1.02029e-14
-9.99971e-10
-1.01483e-14
-9.99978e-10
-6.02178e-15
-1.41133e-14
-9.99962e-10
-1.14365e-14
-1.41272e-14
-9.99965e-10
-1.57284e-14
-1.40859e-14
-9.99969e-10
-1.84914e-14
-1.40069e-14
-9.99975e-10
-1.39016e-14
-9.99981e-10
-6.00254e-15
-1.6559e-14
-9.99968e-10
-1.13953e-14
-1.65878e-14
-9.9997e-10
-1.56503e-14
-1.65333e-14
-9.99974e-10
-1.83872e-14
-1.64217e-14
-9.9998e-10
-1.62535e-14
-9.99987e-10
-5.98934e-15
-9.99974e-10
-1.1336e-14
-9.99976e-10
-1.55362e-14
-9.9998e-10
-1.82207e-14
-9.99986e-10
-9.99993e-10
-8.23307e-15
-7.40187e-15
-9.99941e-10
-1.55998e-14
-7.3908e-15
-9.99944e-10
-2.14723e-14
-7.36721e-15
-9.9995e-10
-2.52539e-14
-7.33505e-15
-9.99958e-10
-7.30236e-15
-9.99967e-10
-8.22387e-15
-1.39985e-14
-9.99944e-10
-1.56125e-14
-1.39996e-14
-9.99947e-10
-2.14909e-14
-1.39581e-14
-9.99952e-10
-2.52786e-14
-1.38956e-14
-9.9996e-10
-1.3823e-14
-9.9997e-10
-8.19247e-15
-1.92389e-14
-9.99949e-10
-1.55716e-14
-1.92473e-14
-9.99952e-10
-2.14318e-14
-1.91823e-14
-9.99958e-10
-2.52072e-14
-1.9079e-14
-9.99966e-10
-1.89461e-14
-9.99975e-10
-8.15601e-15
-2.25871e-14
-9.99956e-10
-1.55049e-14
-2.26063e-14
-9.99959e-10
-2.13288e-14
-2.25139e-14
-9.99965e-10
-2.50673e-14
-2.23781e-14
-9.99973e-10
-2.2167e-14
-9.99982e-10
-8.1209e-15
-9.99964e-10
-1.54097e-14
-9.99968e-10
-2.11991e-14
-9.99973e-10
-2.48569e-14
-9.99981e-10
-9.9999e-10
-1.12098e-14
-1.00969e-14
-9.99919e-10
-2.12339e-14
-1.00798e-14
-9.99924e-10
-2.92348e-14
-1.00449e-14
-9.99932e-10
-3.44006e-14
-1.00002e-14
-9.99942e-10
-9.95702e-15
-9.99955e-10
-1.11955e-14
-1.90967e-14
-9.99923e-10
-2.1248e-14
-1.90989e-14
-9.99927e-10
-2.92581e-14
-1.90423e-14
-9.99935e-10
-3.44362e-14
-1.89645e-14
-9.99946e-10
-1.88725e-14
-9.99959e-10
-1.11539e-14
-2.62641e-14
-9.9993e-10
-2.11914e-14
-2.62709e-14
-9.99935e-10
-2.91838e-14
-2.61865e-14
-9.99942e-10
-3.43466e-14
-2.60715e-14
-9.99953e-10
-2.59269e-14
-9.99966e-10
-1.10999e-14
-3.08612e-14
-9.9994e-10
-2.11038e-14
-3.08727e-14
-9.99945e-10
-2.90683e-14
-3.07671e-14
-9.99952e-10
-3.41924e-14
-3.06348e-14
-9.99963e-10
-3.04234e-14
-9.99976e-10
-1.10396e-14
-9.99952e-10
-2.09959e-14
-9.99956e-10
-2.89461e-14
-9.99964e-10
-3.39825e-14
-9.99975e-10
-9.99987e-10
-1.52562e-14
-1.37823e-14
-9.9989e-10
-2.89111e-14
-1.37642e-14
-9.99896e-10
-3.98066e-14
-1.37084e-14
-9.99907e-10
-4.68462e-14
-1.36476e-14
-9.99922e-10
-1.35965e-14
-9.99939e-10
-1.52415e-14
-2.60966e-14
-9.99896e-10
-2.89209e-14
-2.61024e-14
-9.99901e-10
-3.98368e-14
-2.60244e-14
-9.99912e-10
-4.69021e-14
-2.59194e-14
-9.99927e-10
-2.57763e-14
-9.99944e-10
-1.51881e-14
-3.59023e-14
-9.99905e-10
-2.88426e-14
-3.59135e-14
-9.99911e-10
-3.97351e-14
-3.58063e-14
-9.99922e-10
-4.67632e-14
-3.56509e-14
-9.99936e-10
-3.542e-14
-9.99954e-10
-1.51165e-14
-4.22086e-14
-9.99919e-10
-2.87312e-14
-4.22206e-14
-9.99925e-10
-3.95794e-14
-4.20927e-14
-9.99935e-10
-4.6529e-14
-4.18977e-14
-9.9995e-10
-4.16007e-14
-9.99967e-10
-1.50325e-14
-9.99935e-10
-2.86008e-14
-9.9994e-10
-3.93884e-14
-9.99951e-10
-4.62328e-14
-9.99965e-10
-9.99982e-10
-2.0763e-14
-1.88157e-14
-9.99851e-10
-3.9392e-14
-1.87996e-14
-9.99858e-10
-5.42534e-14
-1.87232e-14
-9.99873e-10
-6.38612e-14
-1.86456e-14
-9.99893e-10
-1.85612e-14
-9.99917e-10
-2.07512e-14
-3.56808e-14
-9.99858e-10
-3.94037e-14
-3.56928e-14
-9.99866e-10
-5.42985e-14
-3.5583e-14
-9.9988e-10
-6.39218e-14
-3.5418e-14
-9.999e-10
-3.51667e-14
-9.99924e-10
-2.06833e-14
-4.90884e-14
-9.99871e-10
-3.92937e-14
-4.91095e-14
-9.99879e-10
-5.4138e-14
-4.89576e-14
-9.99894e-10
-6.36757e-14
-4.87057e-14
-9.99914e-10
-4.83185e-14
-9.99937e-10
-2.0592e-14
-5.77081e-14
-9.9989e-10
-3.91362e-14
-5.77283e-14
-9.99897e-10
-5.38858e-14
-5.75361e-14
-9.99912e-10
-6.32857e-14
-5.7196e-14
-9.99932e-10
-5.67118e-14
-9.99955e-10
-2.04825e-14
-9.99911e-10
-3.89406e-14
-9.99919e-10
-5.35492e-14
-9.99933e-10
-6.28017e-14
-9.99953e-10
-9.99976e-10
-2.8281e-14
-2.56881e-14
-9.99797e-10
-5.37309e-14
-2.56828e-14
-9.99807e-10
-7.40183e-14
-2.55873e-14
-9.99827e-10
-8.71151e-14
-2.54668e-14
-9.99855e-10
-2.52896e-14
-9.99887e-10
-2.82812e-14
-4.87732e-14
-9.99806e-10
-5.37541e-14
-4.87894e-14
-9.99817e-10
-7.40647e-14
-4.86168e-14
-9.99837e-10
-8.71347e-14
-4.83403e-14
-9.99865e-10
-4.79488e-14
-9.99897e-10
-2.81897e-14
-6.70838e-14
-9.99825e-10
-5.35816e-14
-6.7106e-14
-9.99835e-10
-7.37948e-14
-6.68621e-14
-9.99855e-10
-8.67497e-14
-6.64691e-14
-9.99883e-10
-6.59427e-14
-9.99915e-10
-2.80595e-14
-7.8823e-14
-9.9985e-10
-5.33298e-14
-7.88422e-14
-9.9986e-10
-7.34014e-14
-7.85387e-14
-9.9988e-10
-8.6219e-14
-7.80491e-14
-9.99907e-10
-7.74362e-14
-9.99939e-10
-2.79025e-14
-9.99879e-10
-5.30212e-14
-9.9989e-10
-7.29166e-14
-9.99909e-10
-8.56068e-14
-9.99936e-10
-9.99968e-10
-3.85766e-14
-3.50914e-14
-9.99723e-10
-7.33401e-14
-3.50996e-14
-9.99737e-10
-1.00999e-13
-3.49595e-14
-9.99765e-10
-1.188e-13
-3.4741e-14
-9.99802e-10
-3.44255e-14
-9.99847e-10
-3.85924e-14
-6.66476e-14
-9.99736e-10
-7.33614e-14
-6.66478e-14
-9.99751e-10
-1.01008e-13
-6.6355e-14
-9.99778e-10
-1.18751e-13
-6.59112e-14
-9.99816e-10
-6.536e-14
-9.9986e-10
-3.84466e-14
-9.16279e-14
-9.99761e-10
-7.30687e-14
-9.162e-14
-9.99776e-10
-1.00573e-13
-9.1215e-14
-9.99803e-10
-1.18209e-13
-9.06247e-14
-9.9984e-10
-8.99232e-14
-9.99884e-10
-3.82316e-14
-1.07601e-13
-9.99796e-10
-7.26528e-14
-1.07588e-13
-9.9981e-10
-9.99828e-14
-1.07102e-13
-9.99837e-10
-1.17502e-13
-1.06404e-13
-9.99874e-10
-1.05584e-13
-9.99917e-10
-3.79785e-14
-9.99836e-10
-7.21594e-14
-9.9985e-10
-9.92908e-14
-9.99877e-10
-1.16683e-13
-9.99913e-10
-9.99956e-10
-5.26669e-14
-4.79677e-14
-9.99622e-10
-1.00095e-13
-4.79638e-14
-9.99642e-10
-1.37761e-13
-4.77247e-14
-9.99679e-10
-1.61955e-13
-4.73593e-14
-9.99731e-10
-4.68982e-14
-9.99791e-10
-5.26735e-14
-9.10534e-14
-9.99641e-10
-1.00076e-13
-9.10022e-14
-9.9966e-10
-1.37705e-13
-9.05287e-14
-9.99698e-10
-1.61857e-13
-8.98676e-14
-9.99749e-10
-8.91054e-14
-9.99809e-10
-5.24235e-14
-1.25133e-13
-9.99675e-10
-9.96022e-14
-1.25061e-13
-9.99694e-10
-1.37057e-13
-1.24422e-13
-9.99731e-10
-1.61107e-13
-1.23541e-13
-9.99782e-10
-1.22516e-13
-9.99842e-10
-5.20705e-14
-1.46904e-13
-9.99722e-10
-9.8949e-14
-1.4682e-13
-9.99741e-10
-1.36175e-13
-1.46054e-13
-9.99778e-10
-1.60077e-13
-1.45002e-13
-9.99828e-10
-1.43756e-13
-9.99887e-10
-5.16596e-14
-9.99777e-10
-9.81721e-14
-9.99796e-10
-1.3513e-13
-9.99832e-10
-1.58833e-13
-9.99882e-10
-9.99941e-10
-7.18917e-14
-6.55783e-14
-9.99485e-10
-1.36565e-13
-6.55218e-14
-9.99512e-10
-1.87898e-13
-6.51367e-14
-9.99563e-10
-2.20863e-13
-6.45953e-14
-9.99633e-10
-6.39721e-14
-9.99716e-10
-7.18497e-14
-1.24415e-13
-9.9951e-10
-1.36479e-13
-1.24291e-13
-9.99537e-10
-1.87776e-13
-1.23579e-13
-9.99588e-10
-2.20731e-13
-1.22615e-13
-9.99658e-10
-1.21516e-13
-9.9974e-10
-7.14551e-14
-1.70956e-13
-9.99557e-10
-1.35768e-13
-1.70799e-13
-9.99584e-10
-1.8683e-13
-1.69829e-13
-9.99634e-10
-2.19651e-13
-1.68506e-13
-9.99703e-10
-1.66974e-13
-9.99785e-10
-7.0917e-14
-2.00665e-13
-9.99621e-10
-1.34781e-13
-2.00476e-13
-9.99648e-10
-1.85507e-13
-1.99316e-13
-9.99698e-10
-2.18112e-13
-1.97748e-13
-9.99766e-10
-1.95953e-13
-9.99847e-10
-7.0283e-14
-9.99697e-10
-1.33604e-13
-9.99723e-10
-1.83947e-13
-9.99772e-10
-2.16318e-13
-9.9984e-10
-9.9992e-10
-9.8105e-14
-8.96773e-14
-9.99297e-10
-1.86362e-13
-8.95572e-14
-9.99334e-10
-2.56429e-13
-8.89888e-14
-9.99404e-10
-3.0145e-13
-8.81997e-14
-9.995e-10
-8.72917e-14
-9.99613e-10
-9.80044e-14
-1.70127e-13
-9.99331e-10
-1.86198e-13
-1.69917e-13
-9.99369e-10
-2.56209e-13
-1.68853e-13
-9.99438e-10
-3.0121e-13
-1.67388e-13
-9.99534e-10
-1.65691e-13
-9.99646e-10
-9.74273e-14
-2.33741e-13
-9.99396e-10
-1.85135e-13
-2.33448e-13
-9.99433e-10
-2.54768e-13
-2.31963e-13
-9.99501e-10
-2.9954e-13
-2.2993e-13
-9.99596e-10
-2.27586e-13
-9.99708e-10
-9.66187e-14
-2.74265e-13
-9.99484e-10
-1.83628e-13
-2.73899e-13
-9.9952e-10
-2.52736e-13
-2.72139e-13
-9.99588e-10
-2.97188e-13
-2.69759e-13
-9.99682e-10
-2.67077e-13
-9.99792e-10
-9.56469e-14
-9.99587e-10
-1.81844e-13
-9.99623e-10
-2.50365e-13
-9.9969e-10
-2.94509e-13
-9.99782e-10
-9.99891e-10
-1.33934e-13
-1.2276e-13
-9.9904e-10
-2.54469e-13
-1.22577e-13
-9.99091e-10
-3.5018e-13
-1.21725e-13
-9.99187e-10
-4.11746e-13
-1.20514e-13
-9.99318e-10
-1.19086e-13
-9.99472e-10
-1.33777e-13
-2.32885e-13
-9.99088e-10
-2.54167e-13
-2.32517e-13
-9.99139e-10
-3.4974e-13
-2.30869e-13
-9.99233e-10
-4.11225e-13
-2.2859e-13
-9.99364e-10
-2.25931e-13
-9.99518e-10
-1.3291e-13
-3.19839e-13
-9.99176e-10
-2.52523e-13
-3.19287e-13
-9.99226e-10
-3.47495e-13
-3.1699e-13
-9.9932e-10
-4.08605e-13
-3.13855e-13
-9.9945e-10
-3.1023e-13
-9.99602e-10
-1.31657e-13
-3.75077e-13
-9.99297e-10
-2.50199e-13
-3.74401e-13
-9.99347e-10
-3.44361e-13
-3.71695e-13
-9.9944e-10
-4.04977e-13
-3.68e-13
-9.99567e-10
-3.63794e-13
-9.99718e-10
-1.30158e-13
-9.99439e-10
-2.47461e-13
-9.99488e-10
-3.40674e-13
-9.99579e-10
-4.00773e-13
-9.99705e-10
-9.99852e-10
-1.82991e-13
-1.68286e-13
-9.98689e-10
-3.47629e-13
-1.67969e-13
-9.98759e-10
-4.78383e-13
-1.66633e-13
-9.98889e-10
-5.62619e-13
-1.64754e-13
-9.99069e-10
-1.62556e-13
-9.9928e-10
-1.82709e-13
-3.19104e-13
-9.98755e-10
-3.47041e-13
-3.18418e-13
-9.98824e-10
-4.77553e-13
-3.15863e-13
-9.98954e-10
-5.61653e-13
-3.12373e-13
-9.99132e-10
-3.08326e-13
-9.99342e-10
-1.81346e-13
-4.37982e-13
-9.98876e-10
-3.44492e-13
-4.36993e-13
-9.98945e-10
-4.74109e-13
-4.33475e-13
-9.99073e-10
-5.57659e-13
-4.28691e-13
-9.9925e-10
-4.23158e-13
-9.99458e-10
-1.79406e-13
-5.1331e-13
-9.99043e-10
-3.40941e-13
-5.12143e-13
-9.9911e-10
-4.69329e-13
-5.07973e-13
-9.99237e-10
-5.5213e-13
-5.0228e-13
-9.99411e-10
-4.95786e-13
-9.99616e-10
-1.77124e-13
-9.99237e-10
-3.36729e-13
-9.99304e-10
-4.63641e-13
-9.99428e-10
-5.45638e-13
-9.99599e-10
-9.998e-10
-2.50142e-13
-2.3097e-13
-9.98208e-10
-4.75032e-13
-2.3037e-13
-9.98304e-10
-6.53714e-13
-2.2829e-13
-9.98482e-10
-7.6901e-13
-2.25446e-13
-9.98728e-10
-2.22171e-13
-9.99017e-10
-2.49589e-13
-4.37669e-13
-9.98298e-10
-4.7397e-13
-4.36466e-13
-9.98394e-10
-6.52292e-13
-4.32563e-13
-9.98571e-10
-7.67406e-13
-4.27285e-13
-9.98815e-10
-4.21194e-13
-9.99103e-10
-2.47467e-13
-6.00334e-13
-9.98466e-10
-4.7008e-13
-5.98662e-13
-9.9856e-10
-6.47078e-13
-5.93288e-13
-9.98735e-10
-7.61387e-13
-5.85996e-13
-9.98977e-10
-5.77538e-13
-9.99261e-10
-2.44508e-13
-7.03128e-13
-9.98696e-10
-4.64668e-13
-7.01139e-13
-9.98788e-10
-6.39797e-13
-6.94702e-13
-9.9896e-10
-7.52941e-13
-6.85953e-13
-9.99198e-10
-6.75869e-13
-9.99477e-10
-2.41011e-13
-9.98963e-10
-4.5818e-13
-9.99053e-10
-6.31052e-13
-9.99222e-10
-7.4286e-13
-9.99455e-10
-9.99729e-10
-3.42071e-13
-3.17384e-13
-9.97549e-10
-6.49403e-13
-3.16329e-13
-9.9768e-10
-8.93652e-13
-3.13154e-13
-9.97925e-10
-1.05148e-12
-3.08892e-13
-9.98261e-10
-3.03998e-13
-9.98657e-10
-3.41082e-13
-6.01066e-13
-9.97674e-10
-6.47614e-13
-5.99058e-13
-9.97804e-10
-8.9132e-13
-5.9312e-13
-9.98047e-10
-1.04885e-12
-5.85138e-13
-9.98381e-10
-5.75929e-13
-9.98775e-10
-3.37834e-13
-8.23845e-13
-9.97905e-10
-6.41703e-13
-8.21055e-13
-9.98034e-10
-8.83429e-13
-8.12826e-13
-9.98274e-10
-1.03973e-12
-8.01706e-13
-9.98604e-10
-7.88815e-13
-9.98992e-10
-3.33309e-13
-9.64023e-13
-9.98222e-10
-6.33435e-13
-9.60641e-13
-9.98348e-10
-8.72335e-13
-9.50732e-13
-9.98583e-10
-1.02685e-12
-9.37329e-13
-9.98907e-10
-9.21794e-13
-9.99289e-10
-3.27895e-13
-9.98591e-10
-6.23473e-13
-9.98713e-10
-8.58946e-13
-9.98943e-10
-1.01132e-12
-9.9926e-10
-9.99634e-10
-4.68155e-13
-4.36833e-13
-9.96644e-10
-8.88328e-13
-4.35063e-13
-9.96825e-10
-1.22216e-12
-4.30241e-13
-9.97161e-10
-1.4381e-12
-4.23846e-13
-9.97621e-10
-4.1649e-13
-9.98163e-10
-4.66486e-13
-8.26827e-13
-9.96817e-10
-8.85392e-13
-8.23494e-13
-9.96997e-10
-1.21839e-12
-8.14447e-13
-9.9733e-10
-1.43379e-12
-8.02391e-13
-9.97787e-10
-7.88564e-13
-9.98325e-10
-4.61491e-13
-1.13212e-12
-9.97139e-10
-8.76403e-13
-1.12747e-12
-9.97315e-10
-1.20647e-12
-1.11486e-12
-9.97643e-10
-1.42007e-12
-1.09801e-12
-9.98095e-10
-1.0787e-12
-9.98626e-10
-4.54509e-13
-1.32305e-12
-9.97577e-10
-8.63771e-13
-1.31739e-12
-9.97749e-10
-1.18967e-12
-1.30217e-12
-9.9807e-10
-1.40076e-12
-1.28181e-12
-9.98513e-10
-1.25845e-12
-9.99034e-10
-4.46128e-13
-9.98085e-10
-8.4852e-13
-9.98252e-10
-1.16936e-12
-9.98565e-10
-1.37741e-12
-9.98996e-10
-9.99506e-10
-6.41604e-13
-6.02459e-13
-9.954e-10
-1.2161e-12
-5.99473e-13
-9.95651e-10
-1.67205e-12
-5.92145e-13
-9.96112e-10
-1.96703e-12
-5.82557e-13
-9.96744e-10
-5.71691e-13
-9.97484e-10
-6.3879e-13
-1.13967e-12
-9.95641e-10
-1.21135e-12
-1.13408e-12
-9.95889e-10
-1.66602e-12
-1.12024e-12
-9.96347e-10
-1.96026e-12
-1.10212e-12
-9.96974e-10
-1.0817e-12
-9.97709e-10
-6.31002e-13
-1.55831e-12
-9.96089e-10
-1.19764e-12
-1.55047e-12
-9.96332e-10
-1.64811e-12
-1.53109e-12
-9.96782e-10
-1.93993e-12
-1.50572e-12
-9.97399e-10
-1.47716e-12
-9.98125e-10
-6.20093e-13
-1.81813e-12
-9.96697e-10
-1.17829e-12
-1.80862e-12
-9.96932e-10
-1.62284e-12
-1.78512e-12
-9.97372e-10
-1.91131e-12
-1.75426e-12
-9.97976e-10
-1.7194e-12
-9.98688e-10
-6.06982e-13
-9.974e-10
-1.15484e-12
-9.97627e-10
-1.59214e-12
-9.98052e-10
-1.87648e-12
-9.9864e-10
-9.99336e-10
-8.81392e-13
-8.32825e-13
-9.93686e-10
-1.6665e-12
-8.27624e-13
-9.94038e-10
-2.2883e-12
-8.16458e-13
-9.94674e-10
-2.69007e-12
-8.02093e-13
-9.9554e-10
-7.86408e-13
-9.96549e-10
-8.76539e-13
-1.57491e-12
-9.94022e-10
-1.65885e-12
-1.56523e-12
-9.94369e-10
-2.27877e-12
-1.54394e-12
-9.95e-10
-2.67984e-12
-1.51685e-12
-9.95858e-10
-1.48718e-12
-9.96861e-10
-8.64082e-13
-2.14917e-12
-9.9465e-10
-1.63781e-12
-2.13564e-12
-9.94988e-10
-2.25201e-12
-2.10568e-12
-9.95606e-10
-2.65019e-12
-2.06761e-12
-9.96451e-10
-2.02592e-12
-9.97441e-10
-8.46614e-13
-2.50241e-12
-9.95497e-10
-1.60802e-12
-2.48612e-12
-9.95821e-10
-2.21416e-12
-2.44957e-12
-9.96422e-10
-2.60833e-12
-2.40296e-12
-9.97246e-10
-2.35162e-12
-9.98218e-10
-8.2568e-13
-9.96473e-10
-1.57171e-12
-9.96781e-10
-2.16793e-12
-9.9736e-10
-2.55709e-12
-9.98161e-10
-9.99111e-10
-1.21601e-12
-1.15421e-12
-9.91315e-10
-2.28671e-12
-1.14445e-12
-9.91823e-10
-3.13269e-12
-1.1275e-12
-9.92701e-10
-3.6768e-12
-1.10581e-12
-9.9389e-10
-1.08367e-12
-9.95263e-10
-1.20713e-12
-2.184e-12
-9.91785e-10
-2.27452e-12
-2.16638e-12
-9.9228e-10
-3.11765e-12
-2.13347e-12
-9.93151e-10
-3.6618e-12
-2.09303e-12
-9.94327e-10
-2.05097e-12
-9.95692e-10
-1.18637e-12
-2.9711e-12
-9.92677e-10
-2.24205e-12
-2.94663e-12
-9.93152e-10
-3.07783e-12
-2.90003e-12
-9.94004e-10
-3.61952e-12
-2.84302e-12
-9.95159e-10
-2.78378e-12
-9.96509e-10
-1.15725e-12
-3.45125e-12
-9.93859e-10
-2.19587e-12
-3.42248e-12
-9.94306e-10
-3.02129e-12
-3.36507e-12
-9.95131e-10
-3.55976e-12
-3.2952e-12
-9.96256e-10
-3.22148e-12
-9.97584e-10
-1.12278e-12
-9.95225e-10
-2.1391e-12
-9.95641e-10
-2.95228e-12
-9.96429e-10
-3.48644e-12
-9.9752e-10
-9.98819e-10
-1.69136e-12
-1.60312e-12
-9.88021e-10
-3.14247e-12
-1.58242e-12
-9.88789e-10
-4.29077e-12
-1.55793e-12
-9.89995e-10
-5.01968e-12
-1.52389e-12
-9.91638e-10
-1.49413e-12
-9.93501e-10
-1.67341e-12
-3.04491e-12
-9.8867e-10
-3.1241e-12
-3.01047e-12
-9.89402e-10
-4.26625e-12
-2.95973e-12
-9.90607e-10
-4.99891e-12
-2.89896e-12
-9.92219e-10
-2.84155e-12
-9.9408e-10
-1.63691e-12
-4.11867e-12
-9.89966e-10
-3.0738e-12
-4.07086e-12
-9.90655e-10
-4.20704e-12
-3.99839e-12
-9.91832e-10
-4.94066e-12
-3.91236e-12
-9.93412e-10
-3.83192e-12
-9.95252e-10
-1.58504e-12
-4.7752e-12
-9.91618e-10
-3.00195e-12
-4.72126e-12
-9.92239e-10
-4.12214e-12
-4.62905e-12
-9.9338e-10
-4.85866e-12
-4.5254e-12
-9.94906e-10
-4.42256e-12
-9.96729e-10
-1.52472e-12
-9.93567e-10
-2.91089e-12
-9.94117e-10
-4.02041e-12
-9.95187e-10
-4.75759e-12
-9.96666e-10
-9.98454e-10
-2.38926e-12
-2.22626e-12
-9.83405e-10
-4.3216e-12
-2.17389e-12
-9.84683e-10
-5.88368e-12
-2.14666e-12
-9.86286e-10
-6.84088e-12
-2.08572e-12
-9.88595e-10
-2.05148e-12
-9.91129e-10
-2.34788e-12
-4.28473e-12
-9.84264e-10
-4.30046e-12
-4.21141e-12
-9.85412e-10
-5.83872e-12
-4.13514e-12
-9.8708e-10
-6.81659e-12
-4.04178e-12
-9.89285e-10
-3.9662e-12
-9.91854e-10
-2.28022e-12
-5.72326e-12
-9.86248e-10
-4.22261e-12
-5.61841e-12
-9.87306e-10
-5.75066e-12
-5.5104e-12
-9.88929e-10
-6.73883e-12
-5.37522e-12
-9.91091e-10
-5.27616e-12
-9.93604e-10
-2.17809e-12
-6.64822e-12
-9.88515e-10
-4.11385e-12
-6.53704e-12
-9.89385e-10
-5.61878e-12
-6.38133e-12
-9.91005e-10
-6.63487e-12
-6.23054e-12
-9.93035e-10
-6.09113e-12
-9.95581e-10
-2.06031e-12
-9.91449e-10
-3.95768e-12
-9.92124e-10
-5.4717e-12
-9.93561e-10
-6.5034e-12
-9.9554e-10
-9.98025e-10
-3.47205e-12
-3.06584e-12
-9.76867e-10
-5.9131e-12
-2.91021e-12
-9.79332e-10
-8.09565e-12
-2.92348e-12
-9.8118e-10
-9.30462e-12
-2.7828e-12
-9.84603e-10
-2.76709e-12
-9.88127e-10
-3.36069e-12
-6.13577e-12
-9.77833e-10
-5.93365e-12
-5.96707e-12
-9.79782e-10
-7.98622e-12
-5.86211e-12
-9.82089e-10
-9.29684e-12
-5.71177e-12
-9.85046e-10
-5.60418e-12
-9.8883e-10
-3.23579e-12
-7.93919e-12
-9.81209e-10
-5.81053e-12
-7.67286e-12
-9.83025e-10
-7.86077e-12
-7.55125e-12
-9.8519e-10
-9.1827e-12
-7.3048e-12
-9.88176e-10
-7.22402e-12
-9.91623e-10
-3.00805e-12
-9.3854e-12
-9.84061e-10
-5.67594e-12
-9.12827e-12
-9.85261e-10
-7.62623e-12
-8.83465e-12
-9.87771e-10
-9.08248e-12
-8.62729e-12
-9.90256e-10
-8.42767e-12
-9.9406e-10
-2.73309e-12
-9.89097e-10
-5.35988e-12
-9.89695e-10
-7.42358e-12
-9.91556e-10
-8.9186e-12
-9.94079e-10
-9.9759e-10
-5.29106e-12
-4.15601e-12
-9.6742e-10
-7.97734e-12
-3.69021e-12
-9.72956e-10
-1.12614e-11
-3.93531e-12
-9.73961e-10
-1.26541e-11
-3.53551e-12
-9.79675e-10
-3.61457e-12
-9.84844e-10
-4.94955e-12
-9.06963e-12
-9.6797e-10
-8.20813e-12
-8.64699e-12
-9.71567e-10
-1.08692e-11
-8.5552e-12
-9.74808e-10
-1.27645e-11
-8.28277e-12
-9.78403e-10
-8.042e-12
-9.85006e-10
-4.75943e-12
-1.09086e-11
-9.7461e-10
-7.95004e-12
-1.01559e-11
-9.78326e-10
-1.07688e-11
-1.01887e-11
-9.80737e-10
-1.24803e-11
-9.61266e-12
-9.85134e-10
-9.71169e-12
-9.89742e-10
-4.16955e-12
-1.36224e-11
-9.77177e-10
-7.99967e-12
-1.29881e-11
-9.78599e-10
-1.01704e-11
-1.23388e-11
-9.8345e-10
-1.2549e-11
-1.21271e-11
-9.85363e-10
-1.17064e-11
-9.9228e-10
-3.40701e-12
-9.8756e-10
-7.14307e-12
-9.87248e-10
-9.94339e-12
-9.89508e-10
-1.22923e-11
-9.92232e-10
-9.97294e-10
-8.58597e-12
-5.63561e-12
-9.53199e-10
-1.06684e-11
-4.29341e-12
-9.6658e-10
-1.6031e-11
-5.45061e-12
-9.63148e-10
-1.71921e-11
-4.17978e-12
-9.74334e-10
-4.5758e-12
-9.82189e-10
-7.58001e-12
-1.39425e-11
-9.52083e-10
-1.14931e-11
-1.27329e-11
-9.59214e-10
-1.45169e-11
-1.30149e-11
-9.64221e-10
-1.77304e-11
-1.23444e-11
-9.67026e-10
-1.16241e-11
-9.80812e-10
-7.45344e-12
-1.51607e-11
-9.65939e-10
-1.06037e-11
-1.29614e-11
-9.74947e-10
-1.49947e-11
-1.37235e-11
-9.75638e-10
-1.67224e-11
-1.21055e-11
-9.83645e-10
-1.28127e-11
-9.88586e-10
-5.72325e-12
-2.03498e-11
-9.66265e-10
-1.18271e-11
-1.88291e-11
-9.66628e-10
-1.32403e-11
-1.73508e-11
-9.7841e-10
-1.77202e-11
-1.75625e-11
-9.75426e-10
-1.6092e-11
-9.91241e-10
-3.71456e-12
-9.89177e-10
-9.08947e-12
-9.85643e-10
-1.28545e-11
-9.88333e-10
-1.70203e-11
-9.8985e-10
-9.97249e-10
-1.49151e-11
-7.86337e-12
-9.3042e-10
-1.41267e-11
-4.18379e-12
-9.63184e-10
-2.35438e-11
-8.29063e-12
-9.4544e-10
-2.28256e-11
-4.23532e-12
-9.70817e-10
-5.54947e-12
-9.81922e-10
-1.22887e-11
-2.20209e-11
-9.25637e-10
-1.68235e-11
-1.84319e-11
-9.40432e-10
-1.93519e-11
-2.05292e-11
-9.49454e-10
-2.4632e-11
-1.85969e-11
-9.47384e-10
-1.66651e-11
-9.77239e-10
-1.27204e-11
-2.24231e-11
-9.52816e-10
-1.39906e-11
-1.58531e-11
-9.76256e-10
-2.17478e-11
-1.94116e-11
-9.68998e-10
-2.10543e-11
-1.43667e-11
-9.88569e-10
-1.69088e-11
-9.8752e-10
-8.14492e-12
-3.07696e-11
-9.49774e-10
-1.83168e-11
-2.70955e-11
-9.45213e-10
-1.73335e-11
-2.38371e-11
-9.74967e-10
-2.53039e-11
-2.60577e-11
-9.55765e-10
-2.11128e-11
-9.93653e-10
-2.75951e-12
-9.98483e-10
-1.02954e-11
-9.85607e-10
-1.57784e-11
-9.88791e-10
-2.34767e-11
-9.85625e-10
-9.96623e-10
-2.81142e-11
-1.14192e-11
-8.90887e-10
-1.83487e-11
-2.08241e-12
-9.70868e-10
-3.64262e-11
-1.47252e-11
-9.12638e-10
-2.91709e-11
-2.76568e-12
-9.75307e-10
-5.40688e-12
-9.8904e-10
-2.18273e-11
-3.58632e-11
-8.79366e-10
-2.60472e-11
-2.55577e-11
-9.12737e-10
-2.61218e-11
-3.39556e-11
-9.30149e-10
-3.3643e-11
-2.84604e-11
-9.14168e-10
-2.31221e-11
-9.75689e-10
-2.42064e-11
-3.66082e-11
-9.27865e-10
-1.92505e-11
-1.74433e-11
-9.89326e-10
-3.22855e-11
-2.97708e-11
-9.60148e-10
-2.36338e-11
-1.41829e-11
-1.0115e-09
-2.26123e-11
-9.82074e-10
-1.24995e-11
-4.72336e-11
-9.26649e-10
-2.96227e-11
-3.7753e-11
-9.0778e-10
-2.2554e-11
-3.02145e-11
-9.81593e-10
-3.57303e-11
-3.88439e-11
-9.17927e-10
-2.50529e-11
-1.00587e-09
1.94391e-12
-1.02583e-09
-8.50225e-12
-9.86452e-10
-1.7681e-11
-9.90529e-10
-3.18663e-11
-9.73853e-10
-9.89999e-10
-6.20585e-11
-1.6075e-11
-8.12754e-10
-2.1406e-11
1.31077e-11
-1.02463e-09
-5.98579e-11
-3.05646e-11
-8.43621e-10
-3.96783e-11
3.70208e-12
-9.99189e-10
7.628e-12
-1.03337e-09
-4.67229e-11
-6.09705e-11
-7.87748e-10
-4.09563e-11
-3.15748e-11
-8.73821e-10
-3.07058e-11
-6.45611e-11
-9.06403e-10
-4.28117e-11
-4.88127e-11
-8.49547e-10
-3.14798e-11
-9.64938e-10
-5.64986e-11
-6.47081e-11
-8.67629e-10
-3.32929e-11
-1.07335e-11
-1.03337e-09
-4.6877e-11
-4.53516e-11
-9.65774e-10
-2.05595e-11
-3.94108e-12
-1.08269e-09
-2.53642e-11
-9.69731e-10
-2.12284e-11
-7.03706e-11
-8.99758e-10
-5.35777e-11
-4.58831e-11
-8.40282e-10
-2.35953e-11
-2.51745e-11
-1.03175e-09
-4.63009e-11
-5.52654e-11
-8.43897e-10
-2.62692e-11
-1.02774e-09
1.63505e-11
-1.09219e-09
-1.23235e-12
-9.78607e-10
-1.35632e-11
-9.91868e-10
-4.25166e-11
-9.31815e-10
-9.47773e-10
-6.00846e-11
-2.75476e-11
-7.25122e-10
-2.79538e-11
1.16256e-11
-1.06838e-09
-8.88766e-11
-4.99077e-11
-7.32791e-10
-3.33066e-11
1.08693e-11
-1.06563e-09
-3.47242e-11
-1.03446e-09
-4.10807e-11
-8.20643e-11
-6.9215e-10
-5.97455e-11
-4.72982e-11
-7.96232e-10
-8.07274e-11
-6.6109e-11
-8.6922e-10
-6.81073e-11
-3.7703e-11
-8.13595e-10
-3.36738e-11
-1.06029e-09
-4.94959e-11
-1.30356e-10
-7.69841e-10
-2.26658e-11
-3.42877e-11
-1.07321e-09
-6.25159e-11
-9.66006e-11
-8.95432e-10
-2.80839e-11
-8.46873e-12
-1.14635e-09
-8.4419e-11
-9.05496e-10
-2.36246e-11
-1.54209e-10
-8.5228e-10
-6.04965e-11
-9.11621e-11
-7.46535e-10
-6.59961e-11
-5.64903e-11
-1.06636e-09
-8.40435e-11
-7.60439e-11
-7.58275e-10
-9.55215e-12
-1.2188e-09
1.04753e-10
-1.32715e-09
5.69105e-11
-9.44551e-10
-1.30932e-11
-9.54816e-10
-6.04646e-11
-8.71549e-10
-9.77752e-10
-3.51312e-10
-2.31837e-11
-3.50626e-10
-3.92671e-12
1.96045e-10
-1.61181e-09
-2.27565e-10
-2.18521e-10
-2.90631e-10
-6.6397e-11
9.68351e-11
-1.32363e-09
2.60009e-10
-1.60552e-09
-2.76855e-10
-2.21046e-10
-2.17433e-10
-1.16441e-10
1.729e-11
-7.7789e-10
4.96333e-11
-2.95569e-10
-9.58247e-10
-1.09832e-11
-2.00646e-10
-4.55498e-10
-6.33765e-12
-7.78232e-10
-3.83167e-10
-2.84983e-10
-3.22737e-10
-1.71498e-10
1.85999e-10
-1.45359e-09
-1.21913e-10
-1.68772e-10
-1.07181e-09
7.4352e-11
2.46229e-10
-1.78949e-09
6.96971e-12
-8.04051e-10
-7.61509e-11
-1.42842e-10
-9.1827e-10
-2.25153e-10
1.83504e-11
-4.29884e-10
8.98823e-11
1.59123e-10
-1.70929e-09
2.90342e-11
-9.24456e-11
-3.58752e-10
1.25141e-11
-1.15718e-09
1.00183e-10
-1.67191e-09
3.65786e-11
-8.03289e-10
8.28499e-11
-1.00034e-09
-8.58167e-11
-4.11977e-10
-4.63862e-10
8.66218e-11
-5.58666e-11
-3.81381e-10
-1.20624e-10
-6.60763e-11
-1.33849e-09
-1.03319e-10
5.49872e-12
-3.13435e-10
8.0391e-12
3.98763e-11
-1.47487e-09
-4.86391e-10
-1.00488e-09
8.64477e-11
-3.89676e-11
-3.2078e-10
-1.63093e-10
-1.08171e-10
-4.86255e-10
-4.74794e-10
4.38791e-11
-6.84926e-10
-3.19632e-10
1.81238e-10
-7.52022e-10
-9.24504e-11
-1.92817e-09
1.35728e-10
-3.91749e-10
-1.05684e-10
1.0583e-10
-2.04144e-10
-1.32772e-09
-3.90209e-11
-1.59302e-10
-7.23782e-10
-1.27413e-10
-8.61144e-11
-1.43375e-09
-3.99573e-10
-5.53118e-10
-1.34073e-11
-5.71328e-10
-7.25283e-10
-2.01373e-11
-2.63582e-10
-3.63716e-10
-4.64817e-10
-2.81118e-10
-1.1428e-09
-5.2714e-10
-1.11462e-10
-2.71082e-10
2.21368e-10
-2.83999e-09
7.70082e-10
-3.02154e-09
4.00552e-10
-3.55252e-10
-1.38701e-10
-6.04361e-10
-2.18016e-10
-4.52014e-10
-1.25226e-09
-2.92998e-11
-6.39014e-12
-3.45691e-10
1.23284e-11
2.08999e-11
-1.40102e-09
-5.96874e-11
-1.45075e-11
-2.26912e-10
-4.67949e-11
6.55554e-12
-1.49431e-09
1.89167e-10
-1.27043e-09
1.51817e-12
3.65492e-12
-3.32343e-10
-3.3512e-12
-8.86148e-13
-4.596e-10
9.15491e-11
-9.45315e-12
-7.8488e-10
5.63375e-11
-1.13198e-10
-5.97057e-10
1.26199e-10
-1.71904e-09
-1.2838e-11
-3.31675e-12
-8.5874e-11
-1.04992e-11
4.91017e-11
-1.38005e-09
-1.32148e-11
1.91808e-12
-7.32438e-10
4.81435e-12
4.94964e-11
-1.61447e-09
3.56206e-10
-7.75285e-10
2.81465e-12
1.52812e-10
-8.84227e-10
-2.6258e-11
5.74133e-12
-2.91283e-10
2.51546e-11
6.68508e-12
-1.19898e-09
6.39012e-11
-1.51873e-11
-2.45145e-10
1.05964e-10
-2.5204e-09
-1.85443e-11
-2.99269e-09
5.30568e-14
-3.8977e-10
3.24989e-11
-6.35094e-10
-1.11748e-10
-2.68858e-10
-8.1911e-10
-2.0872e-10
-3.71489e-11
-9.98224e-11
-8.57916e-11
1.90396e-10
-1.71434e-09
1.24479e-10
6.93563e-11
-5.06539e-10
4.66466e-11
2.56595e-11
-1.44214e-09
7.10449e-10
-2.16347e-09
1.05512e-10
6.84391e-12
-4.81848e-10
1.2692e-10
1.80313e-10
-4.70925e-10
1.03332e-10
-1.02343e-10
-5.89593e-10
6.30886e-12
-1.5213e-10
-3.22244e-10
4.32675e-11
-9.48811e-10
3.22824e-10
4.79432e-10
-8.81286e-10
9.82983e-11
1.39448e-10
-1.11466e-09
1.6706e-10
-1.3857e-10
-7.64973e-10
2.55676e-10
-3.28851e-11
-1.82233e-09
4.12521e-10
-8.53476e-10
-7.35253e-12
5.40131e-10
-9.37574e-10
-1.56764e-10
1.97607e-11
-2.21844e-11
9.09003e-12
1.40461e-10
-1.64386e-09
7.21058e-11
2.3655e-12
-3.43411e-10
7.54017e-11
-2.0338e-09
-8.01877e-10
-1.4288e-09
-3.35548e-11
-1.34091e-09
1.44165e-10
-6.10014e-10
-5.54759e-14
-1.61055e-11
-1.51702e-10
1.72304e-10
8.4865e-11
-3.56991e-10
4.0633e-12
-2.42243e-10
-1.30386e-09
1.77725e-10
1.50053e-10
-8.30253e-10
1.0331e-10
3.33021e-11
-1.40103e-09
-3.31507e-10
-1.14367e-09
5.05402e-12
4.3326e-10
-8.35297e-10
4.76047e-11
8.8687e-11
-8.44406e-10
3.94675e-11
1.40209e-11
-4.45423e-10
4.59754e-11
-3.73915e-11
-2.58059e-10
-2.53761e-10
-6.71341e-10
3.19633e-10
6.98981e-10
-1.46664e-09
3.02658e-11
3.68012e-11
-7.73404e-10
-4.56115e-12
3.90429e-11
-7.55168e-10
6.30052e-11
6.4549e-11
-1.99184e-09
-1.22499e-10
-9.15195e-10
-2.02146e-11
4.0142e-11
-2.5852e-10
-1.82582e-11
4.215e-11
-2.94894e-11
-8.93969e-11
3.78556e-11
-1.57154e-09
1.53243e-11
-1.09105e-11
-3.72673e-10
-3.28305e-10
-1.4891e-09
-4.22465e-11
-1.47803e-09
5.77151e-11
-1.57224e-09
-1.26086e-11
-6.05305e-10
1.995e-11
-6.42061e-11
-6.09412e-10
2.74237e-10
-1.97005e-10
-4.34223e-10
-1.58662e-10
-3.55532e-10
-5.15429e-10
-4.57461e-11
-1.18809e-10
-8.2436e-10
7.99913e-11
-2.64191e-11
-1.50035e-09
2.96703e-12
-5.31094e-10
9.35369e-11
1.03834e-10
-1.22967e-09
1.49177e-12
-8.52493e-11
-1.02264e-09
2.65665e-12
1.8311e-10
-7.48507e-10
2.65891e-12
2.93115e-10
-5.77595e-10
-9.12782e-11
-3.1807e-11
1.16351e-10
8.48309e-11
-1.56399e-09
8.88906e-11
-9.37848e-11
-7.37408e-10
2.55115e-10
1.68066e-10
-9.06348e-10
-1.83594e-10
2.74598e-10
-1.53461e-09
-3.17556e-12
-5.94185e-10
-5.13138e-12
-1.48359e-10
-2.01986e-11
1.16198e-10
1.6081e-10
-4.05413e-10
3.21165e-11
-2.12496e-11
-1.29814e-09
-3.96731e-12
-2.81256e-11
-3.38656e-11
-1.14473e-10
-1.19674e-09
-1.7691e-10
-1.23893e-09
1.56602e-11
-1.82494e-09
7.20498e-12
-8.66583e-10
6.86911e-11
-1.09581e-10
-8.32868e-10
-2.117e-11
-1.55634e-10
-2.57419e-10
-1.5929e-10
-6.90233e-11
-3.08286e-10
-8.59899e-11
1.55535e-11
-9.13213e-10
-3.22182e-10
-2.13874e-10
-1.05028e-09
-1.91277e-10
-4.28257e-10
1.07652e-10
-6.00735e-10
-8.92224e-10
-1.35595e-10
-2.85724e-11
-8.19847e-10
-4.2884e-10
2.30623e-10
-6.70331e-10
-2.68742e-10
1.57154e-10
-1.10872e-09
6.92611e-12
-6.53036e-10
2.32305e-11
-8.64909e-10
-1.32305e-09
-5.17515e-12
-1.60313e-10
-5.77261e-10
1.11656e-11
-1.09191e-10
-5.82875e-10
-3.75384e-12
-6.85854e-12
-1.35568e-09
-1.86074e-10
-3.29314e-11
1.81228e-10
6.64225e-12
-1.07298e-09
9.07339e-11
-5.63949e-11
-4.18837e-10
-4.72937e-11
7.29063e-11
-1.34221e-09
-4.99198e-11
-2.30922e-12
-3.57888e-11
-3.52782e-10
-1.09457e-09
-1.37389e-11
-1.11845e-09
1.33534e-10
-2.10754e-09
-9.36408e-11
-6.34995e-10
-5.45041e-12
-1.05608e-09
-1.8642e-09
1.02752e-10
2.5275e-10
-6.12921e-10
-7.0842e-11
1.86361e-11
-1.53329e-10
1.60666e-10
2.30107e-10
-1.37483e-09
-5.68859e-11
-2.11364e-10
-6.21365e-10
2.92201e-10
-8.36053e-10
-9.06535e-11
3.73878e-11
-5.86208e-10
-1.34343e-10
-8.50552e-11
-6.72467e-10
-1.11331e-10
9.2535e-11
-5.55771e-10
-2.85134e-10
-3.36915e-11
-1.11259e-09
2.84079e-10
-7.1872e-10
-5.83241e-12
-5.24661e-10
-7.55163e-10
2.59599e-12
-5.15823e-12
-6.65586e-10
-3.22651e-10
-1.16476e-10
-4.86167e-11
-2.48205e-10
-1.20154e-10
-1.34367e-09
4.63078e-11
-3.63132e-11
2.99812e-10
8.96374e-10
-2.79382e-09
1.72799e-10
3.91458e-10
-6.8844e-10
-6.59198e-11
-1.05638e-10
-1.11433e-09
7.72772e-11
4.31908e-10
-7.31048e-10
3.89832e-10
-1.25989e-09
7.99019e-10
-1.67882e-09
2.8346e-10
-1.32615e-09
-1.97949e-10
-3.72238e-10
6.1831e-10
-2.12344e-09
-2.47883e-09
2.19689e-11
4.19307e-10
-1.0542e-09
5.20086e-10
1.20211e-10
-7.71657e-10
1.77886e-10
-1.61667e-11
-1.01646e-09
8.43397e-11
1.45224e-10
-6.73043e-10
4.40335e-10
-1.38314e-09
1.57292e-10
3.07358e-10
-6.31552e-10
-8.27503e-11
-2.05341e-12
-3.1016e-10
1.14484e-10
-1.13728e-10
-6.55445e-10
5.84436e-11
5.48246e-11
-9.66152e-10
-2.40886e-12
-2.52724e-11
-8.47934e-11
7.39075e-10
-1.10209e-09
-2.03619e-10
4.06817e-10
-9.55632e-10
2.32336e-11
1.07318e-10
-4.96515e-10
-1.0955e-11
-7.73138e-11
-1.17734e-09
2.58783e-10
-4.6912e-10
-1.57066e-10
-5.83468e-11
-1.83934e-09
-6.25452e-11
3.80078e-10
-7.56222e-10
-1.41143e-10
-5.55202e-11
-8.72892e-10
-1.58438e-10
1.53612e-10
-9.44679e-10
3.55437e-10
-1.06222e-09
3.79165e-11
-9.88248e-10
-1.96296e-10
-3.23093e-10
2.26189e-10
-9.61199e-10
7.67531e-10
-2.73529e-09
-1.54766e-09
4.69082e-10
5.39176e-10
-2.06245e-09
6.45775e-10
3.96518e-10
-1.34487e-09
-2.18543e-10
-1.18941e-10
-3.32029e-11
-1.92085e-10
2.62761e-10
-9.62263e-10
-1.80907e-11
-1.05189e-09
3.29684e-11
2.39525e-10
-3.6487e-10
8.43068e-11
2.01826e-10
-1.66806e-10
9.53511e-11
-1.05799e-11
-7.7485e-10
-5.27914e-12
1.05897e-11
-6.1335e-10
7.54005e-12
-3.89915e-11
3.46217e-11
-3.94283e-11
-8.57756e-10
-1.50828e-10
1.75171e-10
-7.43528e-10
-1.68769e-10
1.27352e-10
-6.16506e-10
-2.15044e-11
1.74045e-10
-1.48806e-09
5.51311e-11
-7.49647e-10
2.0517e-11
4.04963e-12
-1.90333e-09
-9.37103e-11
-2.46603e-11
-4.42163e-10
-1.5923e-11
-7.22435e-11
-7.51084e-10
-5.89824e-12
7.88006e-11
-8.59459e-10
-4.05841e-11
-4.94675e-10
-7.69488e-12
-4.37403e-10
2.72972e-10
-4.13709e-10
3.66387e-10
-9.77503e-10
2.43867e-10
-2.6945e-09
-1.22549e-09
-2.05461e-10
4.16139e-10
-2.27313e-09
1.01746e-10
4.89872e-11
-1.70106e-09
3.0357e-11
5.95012e-11
-2.13156e-11
-1.06204e-10
-1.29625e-11
-8.12739e-10
-2.04675e-12
-2.47604e-09
-1.35912e-11
8.49619e-11
-2.01015e-11
1.47173e-10
1.13338e-10
-3.91921e-10
1.11919e-10
2.42342e-10
-9.22437e-10
-1.66017e-10
-1.23955e-11
-3.35982e-10
3.47719e-10
-1.18177e-09
-3.92063e-11
8.44827e-11
-8.1807e-10
4.42587e-11
4.50225e-11
-7.58677e-10
-7.48503e-11
6.51223e-11
-3.20177e-10
2.9461e-11
2.68322e-10
-1.87309e-09
2.0938e-10
-5.17689e-10
4.40541e-12
-2.87164e-11
-1.79454e-09
1.12897e-10
1.94396e-10
-7.00028e-10
1.15692e-11
4.97382e-11
-6.34372e-10
-1.25245e-11
2.71329e-10
-8.38372e-10
-6.34147e-11
-3.23321e-10
9.60035e-11
-3.89073e-10
2.7823e-10
-4.86372e-10
-6.88144e-11
-3.80879e-10
-8.87986e-10
-1.25477e-09
-9.36619e-10
-1.07206e-09
-1.7938e-10
-1.02169e-09
-3.49188e-10
2.01922e-11
-2.44413e-09
7.64367e-11
1.24761e-11
-4.59417e-10
1.55895e-10
-5.23927e-11
-8.39805e-10
-1.10633e-09
-2.29588e-09
-9.7987e-11
7.70984e-13
-1.02265e-10
-1.89575e-10
1.64137e-10
-4.44278e-10
1.3075e-10
1.48908e-10
-1.37919e-09
1.92116e-10
1.25224e-10
-5.74964e-10
3.10213e-10
-2.97919e-09
2.90741e-12
1.52162e-10
-9.72369e-10
5.3466e-11
1.19373e-10
-7.64471e-10
-7.83066e-11
1.36364e-11
-5.3133e-11
-1.5353e-10
1.12108e-10
-1.78475e-09
6.02769e-12
-5.1179e-10
-4.92285e-10
2.77743e-11
-1.17787e-09
-5.89547e-11
1.14107e-10
-1.12809e-09
6.21879e-11
4.00923e-11
-7.81971e-10
9.96759e-11
9.85998e-11
-8.62352e-10
-4.72769e-12
-5.75185e-11
-2.94065e-11
-3.12056e-11
-3.71466e-12
-2.58204e-10
8.39238e-13
-2.58202e-10
-2.6603e-12
-9.10874e-10
-9.78364e-10
3.20586e-11
1.97777e-12
-1.05572e-09
9.23121e-11
6.55488e-12
-2.51094e-09
2.13726e-11
1.58953e-10
-5.4743e-10
5.31987e-12
1.32152e-10
-9.55904e-10
6.19896e-11
-2.46079e-09
-2.98423e-12
3.4714e-10
-4.44444e-10
2.08292e-10
5.923e-12
-6.54923e-10
2.30609e-10
6.55409e-11
-1.3081e-09
-1.24879e-10
3.82016e-10
-4.6934e-10
2.78448e-10
-3.3297e-09
-2.2109e-11
3.90786e-10
-9.93905e-10
3.59791e-13
4.18572e-11
-8.22874e-10
8.40063e-11
6.48363e-12
-7.77223e-11
-3.79014e-10
-2.18506e-10
-7.21206e-10
1.11931e-11
-3.82964e-10
-1.81271e-10
4.26644e-14
-6.05852e-10
1.6327e-10
5.52219e-11
-1.486e-09
7.39071e-11
-8.27148e-12
-6.77853e-10
-8.44633e-11
7.13568e-11
-9.93845e-10
2.5922e-10
-3.83614e-10
1.35954e-12
-5.2991e-11
1.22238e-11
-2.86094e-10
9.78376e-11
-3.90797e-10
1.18659e-10
-1.13809e-09
-1.13813e-09
3.10059e-10
2.8275e-10
-1.64853e-09
1.67424e-10
-1.4111e-10
-2.22719e-09
-1.55711e-11
2.04289e-11
-3.84864e-10
3.11697e-10
1.69009e-11
-1.30007e-09
9.22398e-10
-3.68785e-09
2.46331e-10
2.79133e-10
-6.87158e-10
2.55486e-10
6.65448e-11
-8.71732e-10
-4.51989e-13
-6.18329e-12
-1.02555e-09
-3.89215e-11
4.43049e-12
-4.184e-10
3.07665e-11
-2.39273e-09
-1.0396e-10
3.26021e-11
-6.43414e-10
-6.88543e-11
1.19356e-10
-9.10792e-10
1.33336e-11
1.21242e-11
-1.78218e-10
-4.09188e-12
1.39522e-12
-7.00745e-10
2.15594e-11
-3.13444e-10
-3.31107e-11
1.68621e-12
-5.41825e-10
7.31456e-12
6.49931e-11
-1.47206e-09
-6.28224e-13
-6.96074e-12
-6.50825e-10
-7.37886e-11
3.22182e-11
-9.51508e-10
8.00238e-11
-4.45232e-10
4.67801e-12
-1.86557e-10
3.52733e-11
-2.73131e-10
9.66744e-11
-4.13537e-10
-4.19906e-11
-9.75881e-10
-1.04116e-09
-1.06131e-10
-5.48272e-10
-9.9413e-10
-4.09419e-10
-5.43987e-10
-1.37992e-09
4.15925e-10
-2.50532e-10
-9.59676e-10
6.52589e-10
-4.1534e-10
-1.1214e-09
-9.051e-10
-1.6046e-09
-1.62212e-11
-4.69606e-10
-7.49602e-10
-2.59964e-10
-3.1218e-10
-8.59795e-10
1.47958e-10
-2.00351e-10
-1.48365e-09
3.69082e-10
-1.70321e-10
-8.84543e-10
-8.72662e-10
-1.87171e-09
7.88514e-11
-2.20425e-10
-9.71447e-10
-1.4504e-10
-1.86805e-10
-8.12275e-10
3.84162e-11
-4.53713e-11
-5.16654e-10
3.56684e-10
-2.99472e-11
-1.15939e-09
-2.83506e-10
-8.79341e-10
1.37004e-10
1.20517e-10
-1.01977e-09
-2.32157e-10
-1.61885e-10
-1.12782e-09
-2.5672e-11
4.59062e-11
-9.48587e-10
4.05728e-10
-1.16871e-10
-1.29598e-09
-1.5284e-10
-7.15835e-10
8.97388e-11
-5.18475e-10
8.5264e-11
-5.18668e-10
8.25402e-11
-4.99261e-10
1.29218e-10
-1.11572e-09
-1.1328e-09
1.11209e-10
-3.415e-11
-1.07119e-09
6.12746e-11
-1.34019e-10
-1.19596e-09
1.17392e-10
-1.23133e-11
-1.00348e-09
1.64742e-10
-5.13114e-11
-1.11743e-09
-8.94332e-11
-1.41535e-09
1.36054e-10
2.7731e-11
-9.47537e-10
2.06294e-10
-6.06261e-11
-1.00343e-09
5.18824e-11
-2.47121e-10
-1.09443e-09
6.16088e-11
2.79176e-11
-9.73498e-10
-3.51483e-10
-1.35026e-09
-3.11242e-11
-1.11103e-11
-9.01481e-10
5.86231e-11
-3.22416e-11
-9.30407e-10
2.00756e-10
-1.13701e-10
-7.92208e-10
9.39888e-11
-1.75113e-11
-1.00719e-09
-1.98335e-10
-9.37525e-10
-3.37583e-11
-2.65093e-12
-9.94473e-10
1.21373e-12
-7.94039e-11
-1.11563e-09
-1.54036e-11
-1.02914e-10
-9.42757e-10
-7.6972e-11
-1.72452e-10
-1.07947e-09
-6.9466e-11
-9.15495e-10
2.31915e-12
-7.31874e-10
1.15703e-10
-7.60035e-10
2.51117e-10
-7.76764e-10
8.48086e-11
-9.67241e-10
-9.65438e-10
2.67218e-11
-6.8631e-11
-1.02928e-09
4.44563e-12
-8.705e-11
-1.08664e-09
7.93097e-11
-5.55111e-11
-1.02283e-09
1.09748e-10
-7.27503e-11
-1.07512e-09
-1.06289e-10
-1.18549e-09
3.2789e-11
-6.08772e-11
-9.88079e-10
2.5985e-11
-6.4384e-11
-1.01929e-09
4.87917e-11
-1.0856e-10
-1.06419e-09
7.47355e-11
-5.25386e-11
-1.01965e-09
-1.84888e-10
-1.15128e-09
1.27011e-11
-3.55501e-11
-9.3951e-10
1.7588e-11
-3.71417e-11
-9.62536e-10
7.68071e-11
-5.21812e-11
-9.07806e-10
7.59463e-11
-3.94517e-11
-1.01942e-09
-1.03507e-10
-9.90509e-10
-5.47999e-13
-6.68699e-12
-1.02279e-09
-3.46916e-11
-6.1246e-11
-1.05738e-09
-4.93489e-12
-3.88593e-11
-9.85835e-10
2.10455e-11
-9.11845e-11
-1.05372e-09
-6.9739e-11
-9.70375e-10
2.45685e-11
-8.51703e-10
5.48159e-11
-8.67521e-10
8.94392e-11
-8.76929e-10
5.66462e-11
-9.66205e-10
-9.61966e-10
1.93986e-11
-3.07255e-11
-1.01795e-09
1.24872e-11
-3.70194e-11
-1.04271e-09
4.04566e-11
-2.74507e-11
-1.02335e-09
4.83515e-11
-3.36551e-11
-1.04936e-09
-4.79678e-11
-1.09096e-09
1.89632e-11
-3.40939e-11
-1.00367e-09
2.22312e-11
-3.94361e-11
-1.02014e-09
2.25622e-11
-6.19838e-11
-1.02999e-09
3.20573e-11
-3.50994e-11
-1.0277e-09
-8.67756e-11
-1.06883e-09
1.25352e-11
-2.02383e-11
-9.659e-10
1.8085e-11
-2.5846e-11
-9.81676e-10
4.55052e-11
-3.45383e-11
-9.62672e-10
3.54244e-11
-3.1425e-11
-1.01301e-09
-5.8697e-11
-1.00516e-09
-3.40351e-12
-2.1929e-11
-1.01769e-09
-1.254e-11
-4.30803e-11
-1.03101e-09
-6.4223e-13
-3.53647e-11
-9.96907e-10
4.54923e-12
-6.21669e-11
-1.02817e-09
-4.80901e-11
-9.914e-10
1.2241e-11
-9.19556e-10
2.91105e-11
-9.27731e-10
4.74381e-11
-9.33346e-10
3.00613e-11
-9.74362e-10
-9.73313e-10
1.08136e-11
-1.66271e-11
-1.01214e-09
1.00097e-11
-1.86525e-11
-1.02325e-09
2.19449e-11
-1.69533e-11
-1.01833e-09
2.28926e-11
-1.83844e-11
-1.03193e-09
-2.51829e-11
-1.04747e-09
9.47128e-12
-2.28618e-11
-1.00691e-09
1.09648e-11
-2.51794e-11
-1.01511e-09
1.46251e-11
-3.39509e-11
-1.01665e-09
1.67946e-11
-2.56806e-11
-1.02258e-09
-4.34584e-11
-1.03468e-09
8.93699e-12
-1.47135e-11
-9.82986e-10
1.20186e-11
-1.80778e-11
-9.91859e-10
2.43875e-11
-2.24752e-11
-9.86517e-10
1.86332e-11
-2.33533e-11
-1.00958e-09
-3.45343e-11
-1.00838e-09
-1.61688e-12
-1.96995e-11
-1.01109e-09
-5.387e-12
-2.90288e-11
-1.01629e-09
1.56141e-12
-2.5737e-11
-1.00059e-09
3.43027e-12
-3.87026e-11
-1.01469e-09
-3.23057e-11
-9.9872e-10
7.62111e-12
-9.56635e-10
1.53689e-11
-9.60916e-10
2.39037e-11
-9.64612e-10
1.66593e-11
-9.83793e-10
-9.84735e-10
6.07219e-12
-9.43723e-12
-1.00877e-09
6.8647e-12
-1.01819e-11
-1.01386e-09
1.21753e-11
-1.02365e-11
-1.01341e-09
1.15026e-11
-1.083e-11
-1.02042e-09
-1.38217e-11
-1.02666e-09
5.03862e-12
-1.50633e-11
-1.00632e-09
6.14062e-12
-1.61155e-11
-1.01028e-09
9.64059e-12
-1.96781e-11
-1.01071e-09
9.08091e-12
-1.73184e-11
-1.01553e-09
-2.33465e-11
-1.01982e-09
5.53892e-12
-1.09075e-11
-9.9268e-10
7.48526e-12
-1.26167e-11
-9.97304e-10
1.31121e-11
-1.51313e-11
-9.9669e-10
1.00488e-11
-1.65582e-11
-1.00728e-09
-2.14796e-11
-1.00794e-09
-4.56474e-13
-1.53646e-11
-1.00618e-09
-1.65347e-12
-1.94534e-11
-1.00826e-09
2.38324e-12
-1.8431e-11
-1.00133e-09
2.96755e-12
-2.43154e-11
-1.00752e-09
-2.15714e-11
-1.00123e-09
4.67767e-12
-9.76462e-10
8.30277e-12
-9.7926e-10
1.21685e-11
-9.81847e-10
9.1207e-12
-9.90771e-10
-9.92306e-10
3.41956e-12
-5.65494e-12
-1.00654e-09
4.43555e-12
-5.98198e-12
-1.0089e-09
6.94191e-12
-6.31378e-12
-1.0096e-09
6.41428e-12
-6.72528e-12
-1.01317e-09
-7.90323e-12
-1.01604e-09
2.87074e-12
-9.91901e-12
-1.00493e-09
3.85058e-12
-1.04149e-11
-1.00682e-09
6.05564e-12
-1.18692e-11
-1.00736e-09
5.52496e-12
-1.13715e-11
-1.01035e-09
-1.33939e-11
-1.01239e-09
3.2034e-12
-8.04302e-12
-9.9776e-10
4.45976e-12
-8.91279e-12
-1.00006e-09
7.07822e-12
-1.04533e-11
-1.00072e-09
5.59472e-12
-1.16216e-11
-1.00555e-09
-1.39608e-11
-1.00652e-09
1.6658e-13
-1.12763e-11
-1.00311e-09
1.23561e-13
-1.3089e-11
-1.00404e-09
2.37847e-12
-1.29273e-11
-1.00111e-09
2.5606e-12
-1.5494e-11
-1.00383e-09
-1.4492e-11
-1.00197e-09
2.61084e-12
-9.87812e-10
4.40448e-12
-9.89396e-10
6.14034e-12
-9.91104e-10
4.94031e-12
-9.95185e-10
-9.96548e-10
1.94774e-12
-3.58593e-12
-1.0049e-09
2.82743e-12
-3.77426e-12
-1.006e-09
4.08571e-12
-4.05405e-12
-1.0068e-09
3.86514e-12
-4.29211e-12
-1.00866e-09
-4.72751e-12
-1.0102e-09
1.71334e-12
-6.54206e-12
-1.00369e-09
2.53287e-12
-6.80153e-12
-1.00461e-09
3.76526e-12
-7.38335e-12
-1.00526e-09
3.50553e-12
-7.42789e-12
-1.00696e-09
-8.15128e-12
-1.00821e-09
1.78642e-12
-5.94734e-12
-1.00014e-09
2.61572e-12
-6.44196e-12
-1.00125e-09
3.87506e-12
-7.36381e-12
-1.002e-09
3.27823e-12
-8.22179e-12
-1.00416e-09
-9.35688e-12
-1.00504e-09
4.51227e-13
-8.07603e-12
-1.00143e-09
6.11863e-13
-8.84138e-12
-1.0018e-09
1.99039e-12
-8.98158e-12
-1.00087e-09
2.06856e-12
-1.00586e-11
-1.00207e-09
-9.8641e-12
-1.002e-09
1.37341e-12
-9.94048e-10
2.30228e-12
-9.94874e-10
3.0615e-12
-9.95892e-10
2.70319e-12
-9.97685e-10
-9.98651e-10
1.13787e-12
-2.39816e-12
-1.00364e-09
1.8226e-12
-2.50322e-12
-1.00418e-09
2.48482e-12
-2.65538e-12
-1.00481e-09
2.45065e-12
-2.79152e-12
-1.00583e-09
-2.9656e-12
-1.00675e-09
1.04224e-12
-4.33703e-12
-1.00279e-09
1.67962e-12
-4.48e-12
-1.00327e-09
2.33712e-12
-4.7425e-12
-1.00383e-09
2.29235e-12
-4.9176e-12
-1.00479e-09
-5.21868e-12
-1.00561e-09
9.92824e-13
-4.44244e-12
-1.00103e-09
1.55591e-12
-4.74457e-12
-1.00155e-09
2.19935e-12
-5.30665e-12
-1.00208e-09
2.06808e-12
-5.87199e-12
-1.00307e-09
-6.38121e-12
-1.00376e-09
4.58724e-13
-5.69941e-12
-1.00063e-09
7.42645e-13
-6.02181e-12
-1.0008e-09
1.48404e-12
-6.20013e-12
-1.00072e-09
1.56534e-12
-6.6895e-12
-1.00133e-09
-6.81878e-12
-1.00173e-09
6.98062e-13
-9.97286e-10
1.19362e-12
-9.97687e-10
1.54543e-12
-9.98216e-10
1.55602e-12
-9.98972e-10
-9.99564e-10
6.88126e-13
-1.63023e-12
-1.0027e-09
1.18229e-12
-1.68445e-12
-1.00299e-09
1.55556e-12
-1.76631e-12
-1.00342e-09
1.59178e-12
-1.85197e-12
-1.00402e-09
-1.93738e-12
-1.00459e-09
6.4126e-13
-2.92059e-12
-1.00214e-09
1.10481e-12
-3.0124e-12
-1.00241e-09
1.4725e-12
-3.16503e-12
-1.0028e-09
1.51407e-12
-3.31831e-12
-1.00336e-09
-3.47511e-12
-1.0039e-09
5.73295e-13
-3.36343e-12
-1.00116e-09
9.72692e-13
-3.55168e-12
-1.00141e-09
1.33192e-12
-3.85758e-12
-1.00175e-09
1.37256e-12
-4.16266e-12
-1.00227e-09
-4.40745e-12
-1.00274e-09
3.68367e-13
-3.99718e-12
-1.00037e-09
6.52773e-13
-4.14854e-12
-1.00049e-09
1.02323e-12
-4.30697e-12
-1.00064e-09
1.12675e-12
-4.59198e-12
-1.00101e-09
-4.77886e-12
-1.00137e-09
3.59501e-13
-9.98823e-10
6.35017e-13
-9.98999e-10
8.43316e-13
-9.99248e-10
9.68181e-13
-9.99577e-10
-9.99923e-10
4.28396e-13
-1.1228e-12
-1.002e-09
7.6473e-13
-1.15403e-12
-1.00217e-09
9.97213e-13
-1.20164e-12
-1.00245e-09
1.05041e-12
-1.25488e-12
-1.00281e-09
-1.30406e-12
-1.00318e-09
4.02207e-13
-2.02742e-12
-1.00164e-09
7.20115e-13
-2.08633e-12
-1.0018e-09
9.46988e-13
-2.17841e-12
-1.00205e-09
1.00501e-12
-2.28076e-12
-1.00239e-09
-2.3751e-12
-1.00274e-09
3.53431e-13
-2.52718e-12
-1.00101e-09
6.33941e-13
-2.62666e-12
-1.00115e-09
8.5015e-13
-2.77501e-12
-1.00137e-09
9.16191e-13
-2.93941e-12
-1.00167e-09
-3.08045e-12
-1.00199e-09
2.63723e-13
-2.83487e-12
-1.00033e-09
4.86299e-13
-2.92595e-12
-1.00041e-09
6.88382e-13
-3.05603e-12
-1.00056e-09
7.76726e-13
-3.24012e-12
-1.0008e-09
-3.38967e-12
-1.00105e-09
2.03618e-13
-9.99472e-10
3.79531e-13
-9.99548e-10
5.24942e-13
-9.99673e-10
6.32346e-13
-9.99846e-10
-1.00006e-09
2.73269e-13
-7.86573e-13
-1.00149e-09
4.98057e-13
-8.05213e-13
-1.00159e-09
6.51868e-13
-8.33572e-13
-1.00177e-09
7.03348e-13
-8.6657e-13
-1.002e-09
-8.9728e-13
-1.00223e-09
2.57853e-13
-1.4375e-12
-1.00124e-09
4.71401e-13
-1.47332e-12
-1.00134e-09
6.20778e-13
-1.52849e-12
-1.00151e-09
6.74598e-13
-1.5928e-12
-1.00172e-09
-1.65269e-12
-1.00195e-09
2.27784e-13
-1.85755e-12
-1.00082e-09
4.18756e-13
-1.91093e-12
-1.0009e-09
5.59059e-13
-1.99234e-12
-1.00105e-09
6.16933e-13
-2.08824e-12
-1.00124e-09
-2.17617e-12
-1.00144e-09
1.81115e-13
-2.05985e-12
-1.0003e-09
3.39134e-13
-2.11885e-12
-1.00037e-09
4.655e-13
-2.20877e-12
-1.00047e-09
5.30545e-13
-2.32421e-12
-1.00062e-09
-2.42821e-12
-1.0008e-09
1.32681e-13
-9.99738e-10
2.54254e-13
-9.99779e-10
3.555e-13
-9.99856e-10
4.28147e-13
-9.99965e-10
-1.0001e-09
1.77862e-13
-5.58761e-13
-1.00111e-09
3.28315e-13
-5.70068e-13
-1.00117e-09
4.33103e-13
-5.87209e-13
-1.00129e-09
4.76702e-13
-6.07808e-13
-1.00143e-09
-6.27637e-13
-1.00159e-09
1.68633e-13
-1.03155e-12
-1.00094e-09
3.12139e-13
-1.05326e-12
-1.001e-09
4.13615e-13
-1.08663e-12
-1.00111e-09
4.57968e-13
-1.12672e-12
-1.00125e-09
-1.16554e-12
-1.0014e-09
1.50532e-13
-1.35782e-12
-1.00064e-09
2.80018e-13
-1.38902e-12
-1.0007e-09
3.74806e-13
-1.43699e-12
-1.00079e-09
4.20185e-13
-1.49514e-12
-1.00091e-09
-1.55144e-12
-1.00105e-09
1.23996e-13
-1.51772e-12
-1.00027e-09
2.3347e-13
-1.55451e-12
-1.00031e-09
3.18188e-13
-1.61138e-12
-1.00038e-09
3.65075e-13
-1.68273e-12
-1.00048e-09
-1.7517e-12
-1.0006e-09
9.28007e-14
-9.99861e-10
1.78261e-13
-9.99889e-10
2.48571e-13
-9.99941e-10
2.96666e-13
-1.00001e-09
-1.00011e-09
1.17732e-13
-4.01123e-13
-1.00083e-09
2.19238e-13
-4.0805e-13
-1.00087e-09
2.91658e-13
-4.18584e-13
-1.00094e-09
3.26236e-13
-4.3157e-13
-1.00104e-09
-4.44567e-13
-1.00114e-09
1.12183e-13
-7.46113e-13
-1.00071e-09
2.09267e-13
-7.59486e-13
-1.00075e-09
2.79328e-13
-7.79937e-13
-1.00082e-09
3.1389e-13
-8.05086e-13
-1.00091e-09
-8.30445e-13
-1.00101e-09
1.01197e-13
-9.93826e-13
-1.0005e-09
1.89478e-13
-1.01279e-12
-1.00053e-09
2.54852e-13
-1.04186e-12
-1.00059e-09
2.89094e-13
-1.07791e-12
-1.00068e-09
-1.11433e-12
-1.00077e-09
8.54879e-14
-1.12302e-12
-1.00022e-09
1.61521e-13
-1.14576e-12
-1.00025e-09
2.19995e-13
-1.18088e-12
-1.0003e-09
2.53602e-13
-1.22509e-12
-1.00037e-09
-1.26985e-12
-1.00045e-09
6.62602e-14
-9.99925e-10
1.26854e-13
-9.99945e-10
1.76097e-13
-9.99981e-10
2.08837e-13
-1.00003e-09
-1.00009e-09
7.90868e-14
-2.90161e-13
-1.00061e-09
1.48173e-13
-2.94484e-13
-1.00064e-09
1.98598e-13
-3.01064e-13
-1.00069e-09
2.24985e-13
-3.09287e-13
-1.00075e-09
-3.17862e-13
-1.00083e-09
7.57028e-14
-5.42739e-13
-1.00053e-09
1.41934e-13
-5.51146e-13
-1.00056e-09
1.90778e-13
-5.6379e-13
-1.0006e-09
2.16822e-13
-5.79696e-13
-1.00066e-09
-5.9624e-13
-1.00073e-09
6.89264e-14
-7.29077e-13
-1.00038e-09
1.2966e-13
-7.40851e-13
-1.0004e-09
1.75259e-13
-7.58741e-13
-1.00044e-09
2.00627e-13
-7.81367e-13
-1.0005e-09
-8.04971e-13
-1.00056e-09
5.93318e-14
-8.31674e-13
-1.00018e-09
1.12225e-13
-8.45782e-13
-1.0002e-09
1.53055e-13
-8.67533e-13
-1.00023e-09
1.773e-13
-8.95163e-13
-1.00028e-09
-9.24035e-13
-1.00033e-09
4.7674e-14
-9.9996e-10
9.08305e-14
-9.99974e-10
1.25711e-13
-1e-09
1.48548e-13
-1.00004e-09
-1.00008e-09
5.38058e-14
-2.11051e-13
-1.00046e-09
1.01194e-13
-2.13827e-13
-1.00047e-09
1.36503e-13
-2.17948e-13
-1.00051e-09
1.56085e-13
-2.2319e-13
-1.00055e-09
-2.28828e-13
-1.0006e-09
5.16814e-14
-3.96466e-13
-1.0004e-09
9.72887e-14
-4.01804e-13
-1.00041e-09
1.31521e-13
-4.09695e-13
-1.00045e-09
1.50739e-13
-4.1981e-13
-1.00049e-09
-4.30555e-13
-1.00053e-09
4.74818e-14
-5.3588e-13
-1.00029e-09
8.96426e-14
-5.43306e-13
-1.0003e-09
1.21711e-13
-5.54468e-13
-1.00033e-09
1.40391e-13
-5.6877e-13
-1.00037e-09
-5.8403e-13
-1.00041e-09
4.15596e-14
-6.15813e-13
-1.00014e-09
7.86681e-14
-6.24723e-13
-1.00016e-09
1.07496e-13
-6.38281e-13
-1.00018e-09
1.25002e-13
-6.55607e-13
-1.00021e-09
-6.74194e-13
-1.00025e-09
3.43779e-14
-9.99979e-10
6.53131e-14
-9.99989e-10
9.03272e-14
-1.00001e-09
1.06484e-13
-1.00003e-09
-1.00006e-09
3.69659e-14
-1.54158e-13
-1.00034e-09
6.97467e-14
-1.55957e-13
-1.00035e-09
9.45681e-14
-1.58539e-13
-1.00037e-09
1.08848e-13
-1.61916e-13
-1.0004e-09
-1.65573e-13
-1.00044e-09
3.56254e-14
-2.90498e-13
-1.0003e-09
6.7316e-14
-2.93911e-13
-1.00031e-09
9.1382e-14
-2.98909e-13
-1.00033e-09
1.05424e-13
-3.05361e-13
-1.00036e-09
-3.12334e-13
-1.00039e-09
3.30231e-14
-3.94415e-13
-1.00022e-09
6.24988e-14
-3.992e-13
-1.00023e-09
8.51016e-14
-4.0622e-13
-1.00025e-09
9.85924e-14
-4.15254e-13
-1.00027e-09
-4.25118e-13
-1.0003e-09
2.92924e-14
-4.55813e-13
-1.00011e-09
5.55195e-14
-4.61569e-13
-1.00012e-09
7.60478e-14
-4.7001e-13
-1.00014e-09
8.86954e-14
-4.80876e-13
-1.00016e-09
-4.92912e-13
-1.00018e-09
2.47664e-14
-9.99989e-10
4.71888e-14
-9.99997e-10
6.52536e-14
-1.00001e-09
7.66957e-14
-1.00003e-09
-1.00005e-09
2.5593e-14
-1.12961e-13
-1.00025e-09
4.8473e-14
-1.14109e-13
-1.00026e-09
6.59531e-14
-1.15761e-13
-1.00028e-09
7.63172e-14
-1.17933e-13
-1.0003e-09
-1.20275e-13
-1.00032e-09
2.47786e-14
-2.13299e-13
-1.00022e-09
4.69534e-14
-2.15536e-13
-1.00023e-09
6.39572e-14
-2.18719e-13
-1.00024e-09
7.41778e-14
-2.22812e-13
-1.00026e-09
-2.27355e-13
-1.00028e-09
2.31078e-14
-2.90578e-13
-1.00016e-09
4.37935e-14
-2.93706e-13
-1.00017e-09
5.98165e-14
-2.98117e-13
-1.00018e-09
6.96169e-14
-3.03834e-13
-1.0002e-09
-3.1028e-13
-1.00022e-09
2.07401e-14
-3.37271e-13
-1.00008e-09
3.94303e-14
-3.40996e-13
-1.00009e-09
5.41126e-14
-3.46228e-13
-1.0001e-09
6.3202e-14
-3.53138e-13
-1.00012e-09
-3.61006e-13
-1.00014e-09
1.78954e-14
-9.99995e-10
3.42617e-14
-1e-09
4.72331e-14
-1.00001e-09
5.53527e-14
-1.00002e-09
-1.00004e-09
1.78539e-14
-8.29363e-14
-1.00019e-09
3.39159e-14
-8.36923e-14
-1.00019e-09
4.62662e-14
-8.47689e-14
-1.0002e-09
5.37958e-14
-8.61433e-14
-1.00022e-09
-8.76244e-14
-1.00023e-09
1.73366e-14
-1.5684e-13
-1.00016e-09
3.28693e-14
-1.58325e-13
-1.00017e-09
4.4898e-14
-1.60332e-13
-1.00018e-09
5.23502e-14
-1.62919e-13
-1.00019e-09
-1.65866e-13
-1.00021e-09
1.62579e-14
-2.14203e-13
-1.00012e-09
3.08755e-14
-2.16228e-13
-1.00013e-09
4.23032e-14
-2.18981e-13
-1.00014e-09
4.94064e-14
-2.22651e-13
-1.00015e-09
-2.26872e-13
-1.00016e-09
1.47786e-14
-2.49389e-13
-1.00006e-09
2.81544e-14
-2.51774e-13
-1.00007e-09
3.8645e-14
-2.55065e-13
-1.00008e-09
4.52002e-14
-2.59556e-13
-1.00009e-09
-2.64625e-13
-1.0001e-09
1.3031e-14
-9.99997e-10
2.49042e-14
-1e-09
3.41713e-14
-1.00001e-09
4.01307e-14
-1.00002e-09
-1.00003e-09
1.25229e-14
-6.09522e-14
-1.00014e-09
2.3758e-14
-6.14723e-14
-1.00014e-09
3.24831e-14
-6.21747e-14
-1.00015e-09
3.79788e-14
-6.30321e-14
-1.00016e-09
-6.39564e-14
-1.00017e-09
1.21757e-14
-1.15433e-13
-1.00012e-09
2.30902e-14
-1.16408e-13
-1.00013e-09
3.16732e-14
-1.17653e-13
-1.00013e-09
3.70992e-14
-1.19301e-13
-1.00014e-09
-1.21224e-13
-1.00015e-09
1.1492e-14
-1.57926e-13
-1.00009e-09
2.18591e-14
-1.59226e-13
-1.00009e-09
3.00311e-14
-1.60973e-13
-1.0001e-09
3.51755e-14
-1.63368e-13
-1.00011e-09
-1.66115e-13
-1.00012e-09
1.05871e-14
-1.84255e-13
-1.00005e-09
2.01333e-14
-1.85821e-13
-1.00005e-09
2.76458e-14
-1.87968e-13
-1.00006e-09
3.24309e-14
-1.909e-13
-1.00007e-09
-1.94113e-13
-1.00007e-09
9.48332e-15
-9.99999e-10
1.80114e-14
-1e-09
2.4724e-14
-1.00001e-09
2.92111e-14
-1.00001e-09
-1.00002e-09
8.82291e-15
-4.48209e-14
-1.0001e-09
1.66829e-14
-4.51997e-14
-1.00011e-09
2.29158e-14
-4.56461e-14
-1.00011e-09
2.69278e-14
-4.61637e-14
-1.00012e-09
-4.67795e-14
-1.00013e-09
8.56955e-15
-8.5017e-14
-1.00009e-09
1.62669e-14
-8.5655e-14
-1.00009e-09
2.24361e-14
-8.64218e-14
-1.0001e-09
2.63526e-14
-8.74935e-14
-1.0001e-09
-8.87793e-14
-1.00011e-09
8.14052e-15
-1.16466e-13
-1.00007e-09
1.55104e-14
-1.17323e-13
-1.00007e-09
2.13682e-14
-1.18453e-13
-1.00007e-09
2.50719e-14
-1.20014e-13
-1.00008e-09
-1.21789e-13
-1.00009e-09
7.57109e-15
-1.36144e-13
-1.00004e-09
1.43954e-14
-1.37195e-13
-1.00004e-09
1.98165e-14
-1.38598e-13
-1.00004e-09
2.33011e-14
-1.40461e-13
-1.00005e-09
-1.42503e-13
-1.00005e-09
6.85362e-15
-1e-09
1.3005e-14
-1e-09
1.7954e-14
-1.00001e-09
2.12543e-14
-1.00001e-09
-1.00002e-09
6.22571e-15
-3.29874e-14
-1.00008e-09
1.17415e-14
-3.3269e-14
-1.00008e-09
1.62383e-14
-3.35233e-14
-1.00008e-09
1.91328e-14
-3.38536e-14
-1.00009e-09
-3.43246e-14
-1.00009e-09
6.03479e-15
-6.26698e-14
-1.00007e-09
1.15104e-14
-6.30805e-14
-1.00007e-09
1.59347e-14
-6.35579e-14
-1.00007e-09
1.86969e-14
-6.42704e-14
-1.00008e-09
-6.51333e-14
-1.00008e-09
5.77516e-15
-8.59465e-14
-1.00005e-09
1.10407e-14
-8.65168e-14
-1.00005e-09
1.52242e-14
-8.72331e-14
-1.00005e-09
1.78418e-14
-8.82253e-14
-1.00006e-09
-8.93423e-14
-1.00006e-09
5.41399e-15
-1.00649e-13
-1.00003e-09
1.03362e-14
-1.01308e-13
-1.00003e-09
1.42392e-14
-1.0217e-13
-1.00003e-09
1.67351e-14
-1.033e-13
-1.00004e-09
-1.046e-13
-1.00004e-09
4.99789e-15
-1e-09
9.47921e-15
-1e-09
1.31004e-14
-1e-09
1.54188e-14
-1.00001e-09
-1.00001e-09
4.39109e-15
-2.43118e-14
-1.00006e-09
8.32118e-15
-2.44876e-14
-1.00006e-09
1.15381e-14
-2.46245e-14
-1.00006e-09
1.35353e-14
-2.48761e-14
-1.00006e-09
-2.52409e-14
-1.00007e-09
4.28095e-15
-4.62121e-14
-1.00005e-09
8.20165e-15
-4.64684e-14
-1.00005e-09
1.1306e-14
-4.6783e-14
-1.00005e-09
1.31964e-14
-4.72616e-14
-1.00006e-09
-4.78049e-14
-1.00006e-09
4.1342e-15
-6.34251e-14
-1.00004e-09
7.89357e-15
-6.37956e-14
-1.00004e-09
1.08294e-14
-6.42483e-14
-1.00004e-09
1.26574e-14
-6.48666e-14
-1.00004e-09
-6.55541e-14
-1.00005e-09
3.91616e-15
-7.43359e-14
-1.00002e-09
7.45072e-15
-7.47422e-14
-1.00002e-09
1.02161e-14
-7.526e-14
-1.00002e-09
1.19783e-14
-7.59538e-14
-1.00003e-09
-7.68342e-14
-1.00003e-09
3.6875e-15
-1e-09
6.93772e-15
-1e-09
9.50973e-15
-1e-09
1.10678e-14
-1.00001e-09
-1.00001e-09
3.12331e-15
-1.79157e-14
-1.00004e-09
5.96285e-15
-1.79948e-14
-1.00004e-09
8.19677e-15
-1.80971e-14
-1.00004e-09
9.53658e-15
-1.83006e-14
-1.00005e-09
-1.85259e-14
-1.00005e-09
3.09219e-15
-3.40377e-14
-1.00004e-09
5.87443e-15
-3.42123e-14
-1.00004e-09
8.00721e-15
-3.44408e-14
-1.00004e-09
9.33026e-15
-3.47508e-14
-1.00004e-09
-3.50583e-14
-1.00004e-09
2.99833e-15
-4.67492e-14
-1.00003e-09
5.65102e-15
-4.70087e-14
-1.00003e-09
7.69901e-15
-4.73127e-14
-1.00003e-09
9.02578e-15
-4.76914e-14
-1.00003e-09
-4.81285e-14
-1.00003e-09
2.85196e-15
-5.48033e-14
-1.00001e-09
5.35506e-15
-5.51116e-14
-1.00002e-09
7.32219e-15
-5.54425e-14
-1.00002e-09
8.59967e-15
-5.58886e-14
-1.00002e-09
-5.65049e-14
-1.00002e-09
2.6725e-15
-1e-09
5.02625e-15
-1e-09
6.86278e-15
-1e-09
7.96258e-15
-1e-09
-1.00001e-09
2.26483e-15
-1.31697e-14
-1.00003e-09
4.3033e-15
-1.32139e-14
-1.00003e-09
5.84574e-15
-1.33115e-14
-1.00003e-09
6.81642e-15
-1.34499e-14
-1.00003e-09
-1.35479e-14
-1.00004e-09
2.25806e-15
-2.50326e-14
-1.00003e-09
4.21656e-15
-2.51729e-14
-1.00003e-09
5.71732e-15
-2.53455e-14
-1.00003e-09
6.73405e-15
-2.55278e-14
-1.00003e-09
-2.56997e-14
-1.00003e-09
2.17754e-15
-3.44157e-14
-1.00002e-09
4.04769e-15
-3.46223e-14
-1.00002e-09
5.53557e-15
-3.48258e-14
-1.00002e-09
6.56627e-15
-3.50491e-14
-1.00002e-09
-3.53331e-14
-1.00003e-09
2.05541e-15
-4.03807e-14
-1.00001e-09
3.85045e-15
-4.0626e-14
-1.00001e-09
5.31174e-15
-4.08416e-14
-1.00001e-09
6.29887e-15
-4.11073e-14
-1.00001e-09
-4.14552e-14
-1.00002e-09
1.90354e-15
-1e-09
3.63262e-15
-1e-09
5.03101e-15
-1e-09
5.9555e-15
-1e-09
-1e-09
1.65526e-15
-9.67051e-15
-1.00002e-09
3.11816e-15
-9.71548e-15
-1.00002e-09
4.2376e-15
-9.79301e-15
-1.00002e-09
5.01566e-15
-9.86435e-15
-1.00003e-09
-9.91705e-15
-1.00003e-09
1.6393e-15
-1.83935e-14
-1.00002e-09
3.04948e-15
-1.85065e-14
-1.00002e-09
4.17401e-15
-1.86272e-14
-1.00002e-09
4.97695e-15
-1.87396e-14
-1.00002e-09
-1.888e-14
-1.00002e-09
1.57018e-15
-2.53101e-14
-1.00001e-09
2.93116e-15
-2.54617e-14
-1.00002e-09
4.06017e-15
-2.55953e-14
-1.00002e-09
4.8413e-15
-2.57479e-14
-1.00002e-09
-2.59524e-14
-1.00002e-09
1.48091e-15
-2.97116e-14
-1.00001e-09
2.80268e-15
-2.98805e-14
-1.00001e-09
3.90726e-15
-3.00362e-14
-1.00001e-09
4.65145e-15
-3.02049e-14
-1.00001e-09
-3.03575e-14
-1.00001e-09
1.37939e-15
-1e-09
2.64337e-15
-1e-09
3.72314e-15
-1e-09
4.47577e-15
-1e-09
-1e-09
1.20487e-15
-7.10644e-15
-1.00002e-09
2.28761e-15
-7.14012e-15
-1.00002e-09
3.14267e-15
-7.18765e-15
-1.00002e-09
3.74466e-15
-7.22376e-15
-1.00002e-09
-7.29464e-15
-1.00002e-09
1.19227e-15
-1.34981e-14
-1.00001e-09
2.24712e-15
-1.35778e-14
-1.00002e-09
3.11232e-15
-1.36556e-14
-1.00002e-09
3.6864e-15
-1.37523e-14
-1.00002e-09
-1.39046e-14
-1.00002e-09
1.1443e-15
-1.8574e-14
-1.00001e-09
2.17065e-15
-1.86687e-14
-1.00001e-09
3.01194e-15
-1.87734e-14
-1.00001e-09
3.53827e-15
-1.89079e-14
-1.00001e-09
-1.90789e-14
-1.00001e-09
1.09499e-15
-2.17876e-14
-1.00001e-09
2.07173e-15
-2.19116e-14
-1.00001e-09
2.87765e-15
-2.20468e-14
-1.00001e-09
3.3828e-15
-2.21909e-14
-1.00001e-09
-2.22882e-14
-1.00001e-09
1.0189e-15
-1e-09
1.93123e-15
-1e-09
2.71362e-15
-1e-09
3.26753e-15
-1e-09
-1e-09
8.8968e-16
-5.2138e-15
-1.00001e-09
1.7058e-15
-5.23616e-15
-1.00001e-09
2.36226e-15
-5.25665e-15
-1.00001e-09
2.77199e-15
-5.2859e-15
-1.00001e-09
-5.35964e-15
-1.00001e-09
8.82329e-16
-9.89625e-15
-1.00001e-09
1.69116e-15
-9.9427e-15
-1.00001e-09
2.33693e-15
-9.99358e-15
-1.00001e-09
2.70804e-15
-1.00726e-14
-1.00001e-09
-1.01828e-14
-1.00001e-09
8.5862e-16
-1.36091e-14
-1.00001e-09
1.64157e-15
-1.36725e-14
-1.00001e-09
2.25288e-15
-1.3754e-14
-1.00001e-09
2.60423e-15
-1.38509e-14
-1.00001e-09
-1.3951e-14
-1.00001e-09
8.28922e-16
-1.59802e-14
-1e-09
1.56724e-15
-1.60723e-14
-1e-09
2.15586e-15
-1.61668e-14
-1.00001e-09
2.5221e-15
-1.62717e-14
-1.00001e-09
-1.63008e-14
-1.00001e-09
7.70273e-16
-1e-09
1.46659e-15
-1e-09
2.016e-15
-1e-09
2.43438e-15
-1e-09
-1e-09
6.62339e-16
-3.83041e-15
-1.00001e-09
1.28795e-15
-3.84432e-15
-1.00001e-09
1.78584e-15
-3.84175e-15
-1.00001e-09
2.04765e-15
-3.86077e-15
-1.00001e-09
-3.89158e-15
-1.00001e-09
6.59957e-16
-7.26461e-15
-1.00001e-09
1.2944e-15
-7.28456e-15
-1.00001e-09
1.76939e-15
-7.31353e-15
-1.00001e-09
2.02451e-15
-7.35178e-15
-1.00001e-09
-7.37909e-15
-1.00001e-09
6.57974e-16
-9.98674e-15
-1.00001e-09
1.26673e-15
-1.00324e-14
-1.00001e-09
1.72746e-15
-1.00779e-14
-1.00001e-09
2.00365e-15
-1.01279e-14
-1.00001e-09
-1.01544e-14
-1.00001e-09
6.37503e-16
-1.17684e-14
-1e-09
1.22738e-15
-1.18155e-14
-1e-09
1.67753e-15
-1.18636e-14
-1e-09
1.98348e-15
-1.1925e-14
-1e-09
-1.18928e-14
-1e-09
6.15863e-16
-1e-09
1.17391e-15
-1e-09
1.58359e-15
-1e-09
1.90453e-15
-1e-09
-1e-09
4.84447e-16
-2.83705e-15
-1.00001e-09
9.90127e-16
-2.83168e-15
-1.00001e-09
1.36899e-15
-2.81584e-15
-1.00001e-09
1.56035e-15
-2.81919e-15
-1.00001e-09
-2.81814e-15
-1.00001e-09
4.98337e-16
-5.33978e-15
-1.00001e-09
1.00703e-15
-5.34525e-15
-1.00001e-09
1.36767e-15
-5.36036e-15
-1.00001e-09
1.56709e-15
-5.38205e-15
-1.00001e-09
-5.39245e-15
-1.00001e-09
5.08536e-16
-7.34199e-15
-1e-09
9.92944e-16
-7.37312e-15
-1e-09
1.34389e-15
-7.40875e-15
-1e-09
1.55952e-15
-7.45706e-15
-1.00001e-09
-7.49284e-15
-1.00001e-09
4.96944e-16
-8.66055e-15
-1e-09
9.60568e-16
-8.69475e-15
-1e-09
1.2952e-15
-8.74687e-15
-1e-09
1.51787e-15
-8.8089e-15
-1e-09
-8.79326e-15
-1e-09
4.84281e-16
-1e-09
9.05432e-16
-1e-09
1.21049e-15
-1e-09
1.39848e-15
-1e-09
-1e-09
3.56555e-16
-2.10798e-15
-1e-09
7.6914e-16
-2.092e-15
-1.00001e-09
1.0569e-15
-2.07955e-15
-1.00001e-09
1.2087e-15
-2.08694e-15
-1.00001e-09
-2.10375e-15
-1.00001e-09
3.79591e-16
-3.92776e-15
-1e-09
7.8161e-16
-3.93225e-15
-1e-09
1.05108e-15
-3.95515e-15
-1e-09
1.19468e-15
-3.99406e-15
-1e-09
-4.04716e-15
-1.00001e-09
3.8894e-16
-5.40269e-15
-1e-09
7.5927e-16
-5.43359e-15
-1e-09
1.01014e-15
-5.48087e-15
-1e-09
1.14452e-15
-5.5338e-15
-1e-09
-5.59309e-15
-1e-09
3.7243e-16
-6.36263e-15
-1e-09
7.13585e-16
-6.41516e-15
-1e-09
9.56117e-16
-6.47052e-15
-1e-09
1.0855e-15
-6.51786e-15
-1e-09
-6.49169e-15
-1e-09
3.36913e-16
-1e-09
6.5623e-16
-1e-09
8.90127e-16
-1e-09
1.00223e-15
-1e-09
-1e-09
2.71017e-16
-1.56113e-15
-1e-09
5.81139e-16
-1.55504e-15
-1e-09
7.86415e-16
-1.55987e-15
-1e-09
8.88691e-16
-1.58161e-15
-1e-09
-1.60996e-15
-1e-09
2.83172e-16
-2.90513e-15
-1e-09
5.76552e-16
-2.91856e-15
-1e-09
7.65541e-16
-2.95028e-15
-1e-09
8.59769e-16
-2.98309e-15
-1e-09
-3.03487e-15
-1e-09
2.79762e-16
-4.00362e-15
-1e-09
5.45182e-16
-4.03321e-15
-1e-09
7.30848e-16
-4.05582e-15
-1e-09
8.11557e-16
-4.06598e-15
-1e-09
-4.08003e-15
-1e-09
2.59752e-16
-4.72353e-15
-1e-09
5.24199e-16
-4.75025e-15
-1e-09
7.19296e-16
-4.74835e-15
-1e-09
8.01661e-16
-4.73938e-15
-1e-09
-4.67131e-15
-1e-09
2.45922e-16
-1e-09
5.24718e-16
-1e-09
7.08649e-16
-1e-09
7.96519e-16
-1e-09
-1e-09
2.05689e-16
-1.1586e-15
-1e-09
4.12658e-16
-1.167e-15
-1e-09
5.51838e-16
-1.18417e-15
-1e-09
6.26429e-16
-1.1931e-15
-1e-09
-1.194e-15
-1e-09
2.01682e-16
-2.17875e-15
-1e-09
3.96402e-16
-2.19683e-15
-1e-09
5.43202e-16
-2.20467e-15
-1e-09
6.24827e-16
-2.19645e-15
-1e-09
-2.20561e-15
-1e-09
1.89719e-16
-3.00903e-15
-1e-09
3.89097e-16
-3.01004e-15
-1e-09
5.49693e-16
-2.98014e-15
-1e-09
6.16588e-16
-2.95546e-15
-1e-09
-2.94483e-15
-1e-09
1.95429e-16
-3.55694e-15
-1e-09
4.2093e-16
-3.52267e-15
-1e-09
5.73538e-16
-3.47538e-15
-1e-09
6.26156e-16
-3.46668e-15
-1e-09
-3.44464e-15
-1e-09
2.41076e-16
-1e-09
4.67888e-16
-1e-09
5.65123e-16
-1e-09
5.95099e-16
-1e-09
-1e-09
1.54603e-16
-8.69159e-16
-1e-09
2.80618e-16
-8.84689e-16
-1e-09
3.89929e-16
-8.90397e-16
-1e-09
4.66562e-16
-8.7011e-16
-1e-09
-8.56064e-16
-1e-09
1.42151e-16
-1.66374e-15
-1e-09
2.75996e-16
-1.66804e-15
-1e-09
4.10403e-16
-1.63695e-15
-1e-09
4.78435e-16
-1.60658e-15
-1e-09
-1.60279e-15
-1e-09
1.41911e-16
-2.28773e-15
-1e-09
3.07487e-16
-2.25641e-15
-1e-09
4.38255e-16
-2.21371e-15
-1e-09
4.85027e-16
-2.20912e-15
-1e-09
-2.23201e-15
-1e-09
1.79489e-16
-2.69975e-15
-1e-09
3.53524e-16
-2.65568e-15
-1e-09
4.42711e-16
-2.63851e-15
-1e-09
4.60848e-16
-2.67478e-15
-1e-09
-2.7176e-15
-1e-09
2.31519e-16
-1e-09
3.64618e-16
-1e-09
3.72156e-16
-1e-09
3.70447e-16
-1e-09
-1e-09
1.16343e-16
-6.67364e-16
-1e-09
1.98295e-16
-6.803e-16
-1e-09
2.94602e-16
-6.61507e-16
-1e-09
3.39032e-16
-6.36654e-16
-1e-09
-6.37229e-16
-1e-09
1.0581e-16
-1.29129e-15
-1e-09
2.1702e-16
-1.27425e-15
-1e-09
3.19998e-16
-1.23557e-15
-1e-09
3.37189e-16
-1.22083e-15
-1e-09
-1.22114e-15
-1e-09
1.27184e-16
-1.75888e-15
-1e-09
2.55652e-16
-1.73086e-15
-1e-09
3.30875e-16
-1.72251e-15
-1e-09
3.40248e-16
-1.74e-15
-1e-09
-1.76904e-15
-1e-09
1.60485e-16
-2.08695e-15
-1e-09
2.69084e-16
-2.08644e-15
-1e-09
3.12792e-16
-2.11203e-15
-1e-09
3.22923e-16
-2.13063e-15
-1e-09
-2.09178e-15
-1e-09
1.6596e-16
-1e-09
2.32112e-16
-1e-09
2.33762e-16
-1e-09
3.05565e-16
-1e-09
-1e-09
8.75359e-17
-5.33129e-16
-1e-09
1.60471e-16
-5.32479e-16
-1e-09
2.30783e-16
-5.06663e-16
-1e-09
2.229e-16
-5.0306e-16
-1e-09
-5.09064e-16
-1e-09
9.02375e-17
-1.02012e-15
-1e-09
1.86309e-16
-9.98752e-16
-1e-09
2.35666e-16
-9.90532e-16
-1e-09
2.15368e-16
-9.98443e-16
-1e-09
-1.00076e-15
-1e-09
1.15355e-16
-1.39112e-15
-1e-09
1.94608e-16
-1.39303e-15
-1e-09
2.22742e-16
-1.41646e-15
-1e-09
2.17153e-16
-1.42612e-15
-1e-09
-1.42956e-15
-1e-09
1.17469e-16
-1.67109e-15
-1e-09
1.75485e-16
-1.70061e-15
-1e-09
2.10692e-16
-1.72591e-15
-1e-09
2.32375e-16
-1.69144e-15
-1e-09
-1.58975e-15
-1e-09
9.32839e-17
-1e-09
1.39253e-16
-1e-09
1.86549e-16
-1e-09
3.11207e-16
-1e-09
-1e-09
7.91665e-17
-4.3733e-16
-1e-09
1.51782e-16
-4.26413e-16
-1e-09
1.91419e-16
-4.19088e-16
-1e-09
1.85514e-16
-4.34902e-16
-1e-09
-4.54841e-16
-1e-09
9.18638e-17
-8.31505e-16
-1e-09
1.59696e-16
-8.29782e-16
-1e-09
1.76908e-16
-8.5673e-16
-1e-09
1.64974e-16
-8.82171e-16
-1e-09
-9.08716e-16
-1e-09
9.61897e-17
-1.15303e-15
-1e-09
1.32665e-16
-1.1788e-15
-1e-09
1.48205e-16
-1.21316e-15
-1e-09
1.43507e-16
-1.21933e-15
-1e-09
-1.22559e-15
-1e-09
7.32855e-17
-1.37653e-15
-1e-09
9.96485e-17
-1.41449e-15
-1e-09
1.38229e-16
-1.43377e-15
-1e-09
1.48446e-16
-1.40058e-15
-1e-09
-1.3164e-15
-1e-09
4.15949e-17
-1e-09
7.70966e-17
-1e-09
1.39611e-16
-1e-09
2.49397e-16
-1e-09
-1e-09
8.80816e-17
-3.77529e-16
1.50279e-16
-3.73578e-16
1.79152e-16
-3.88475e-16
2.13688e-16
-4.12681e-16
-4.69741e-16
9.40533e-17
-7.37746e-16
1.35823e-16
-7.59294e-16
1.56084e-16
-7.98336e-16
1.61161e-16
-8.34283e-16
-8.86465e-16
7.52839e-17
-1.03698e-15
9.61438e-17
-1.06955e-15
1.17433e-16
-1.10415e-15
1.16554e-16
-1.12243e-15
-1.15613e-15
4.4749e-17
-1.21227e-15
6.06769e-17
-1.26178e-15
9.54523e-17
-1.28223e-15
8.4526e-17
-1.28922e-15
-1.29198e-15
1.61381e-18
3.93701e-17
7.66371e-17
9.32202e-17
)
;

boundaryField
{
    inlet
    {
        type            calculated;
        value           nonuniform List<scalar> 
25
(
-1e-09
-1e-09
-1e-09
-1e-09
-1e-09
-1e-09
-1e-09
-1e-09
-1e-09
-1e-09
-1e-09
-1e-09
-1e-09
-1e-09
-1e-09
-1e-09
-1e-09
-1e-09
-1e-09
-1e-09
-1e-09
-1e-09
-1e-09
-1e-09
-1e-09
)
;
    }
    outlet
    {
        type            calculated;
        value           nonuniform List<scalar> 
25
(
9.99997e-10
9.99997e-10
9.99998e-10
9.99998e-10
9.99998e-10
9.99997e-10
9.99998e-10
9.99998e-10
9.99998e-10
9.99998e-10
9.99998e-10
9.99998e-10
9.99998e-10
9.99998e-10
9.99998e-10
9.99998e-10
9.99998e-10
9.99998e-10
9.99998e-10
9.99999e-10
9.99998e-10
9.99998e-10
9.99998e-10
9.99999e-10
9.99999e-10
)
;
    }
    repeat_boundary
    {
        type            calculated;
        value           uniform 0;
    }
    procBoundary0to1
    {
        type            processor;
        value           nonuniform List<scalar> 
450
(
-1.78786e-16
-1.89421e-16
-1.94552e-16
-2.05878e-16
-2.26011e-16
-5.11656e-16
-5.31699e-16
-5.3528e-16
-5.56871e-16
-6.63385e-16
-9.16508e-16
-9.28425e-16
-9.21522e-16
-8.98343e-16
-9.41132e-16
-1.4031e-15
-1.40573e-15
-1.40039e-15
-1.37244e-15
-1.35725e-15
-2.01145e-15
-2.00736e-15
-2.00928e-15
-1.9927e-15
-2.01043e-15
-2.8182e-15
-2.81677e-15
-2.82509e-15
-2.7975e-15
-2.72099e-15
-3.93127e-15
-3.94699e-15
-3.96956e-15
-3.94465e-15
-3.79753e-15
-5.46881e-15
-5.50549e-15
-5.546e-15
-5.56028e-15
-5.46572e-15
-7.56396e-15
-7.60479e-15
-7.63849e-15
-7.68426e-15
-7.72402e-15
-1.03985e-14
-1.04278e-14
-1.0429e-14
-1.04362e-14
-1.04927e-14
-1.42289e-14
-1.42538e-14
-1.42392e-14
-1.42041e-14
-1.41735e-14
-1.9417e-14
-1.94522e-14
-1.94412e-14
-1.94268e-14
-1.94125e-14
-2.64783e-14
-2.65247e-14
-2.64922e-14
-2.6464e-14
-2.64446e-14
-3.61132e-14
-3.61656e-14
-3.6083e-14
-3.59744e-14
-3.58464e-14
-4.92401e-14
-4.92915e-14
-4.91539e-14
-4.89783e-14
-4.87828e-14
-6.71064e-14
-6.71412e-14
-6.692e-14
-6.6665e-14
-6.64598e-14
-9.146e-14
-9.1472e-14
-9.11203e-14
-9.06901e-14
-9.03064e-14
-1.24713e-13
-1.24708e-13
-1.2419e-13
-1.23514e-13
-1.22823e-13
-1.70155e-13
-1.70108e-13
-1.69331e-13
-1.68291e-13
-1.67162e-13
-2.32277e-13
-2.32133e-13
-2.30918e-13
-2.29254e-13
-2.27301e-13
-3.17196e-13
-3.16903e-13
-3.15056e-13
-3.12491e-13
-3.09321e-13
-4.33297e-13
-4.32766e-13
-4.30012e-13
-4.2619e-13
-4.21482e-13
-5.92174e-13
-5.9121e-13
-5.87052e-13
-5.81289e-13
-5.74341e-13
-8.0976e-13
-8.08056e-13
-8.01712e-13
-7.92944e-13
-7.8252e-13
-1.10778e-12
-1.10493e-12
-1.09528e-12
-1.08197e-12
-1.06621e-12
-1.51587e-12
-1.5113e-12
-1.49682e-12
-1.47675e-12
-1.45297e-12
-2.07449e-12
-2.0673e-12
-2.04584e-12
-2.01598e-12
-1.98044e-12
-2.83828e-12
-2.82716e-12
-2.79588e-12
-2.7522e-12
-2.70023e-12
-3.8794e-12
-3.8627e-12
-3.81864e-12
-3.75659e-12
-3.68408e-12
-5.28819e-12
-5.26414e-12
-5.20735e-12
-5.12302e-12
-5.03249e-12
-7.16163e-12
-7.12825e-12
-7.07617e-12
-6.96768e-12
-6.89174e-12
-9.53939e-12
-9.48345e-12
-9.54359e-12
-9.39898e-12
-9.4926e-12
-1.23227e-11
-1.21623e-11
-1.26924e-11
-1.2334e-11
-1.32478e-11
-1.5271e-11
-1.48763e-11
-1.66898e-11
-1.54794e-11
-1.9011e-11
-1.75436e-11
-1.70888e-11
-2.18758e-11
-1.86875e-11
-2.86897e-11
-1.66463e-11
-1.74782e-11
-2.95891e-11
-2.10735e-11
-4.74858e-11
-2.97296e-12
-1.44553e-11
-3.90182e-11
-2.35263e-11
-9.63294e-11
2.50831e-12
2.61943e-11
-4.15736e-11
3.21549e-11
-8.03557e-11
2.44647e-10
-2.66946e-11
-4.04005e-11
-3.81367e-11
-5.44944e-10
-1.06203e-10
4.36367e-10
-7.12249e-11
5.34729e-10
2.38251e-10
2.9581e-11
-8.98239e-11
-3.02503e-12
-5.44133e-12
-2.38451e-10
2.29246e-10
-9.67412e-11
-3.53866e-11
-7.73806e-11
-2.66771e-10
-5.84989e-10
-3.09241e-10
-6.53754e-12
-3.23565e-10
1.16067e-10
-5.35547e-10
-5.4263e-10
-5.92707e-10
-1.85035e-10
1.91988e-10
-2.33742e-10
1.54285e-10
-3.72007e-10
1.46195e-11
1.25571e-11
5.87085e-11
-2.11328e-10
-7.05165e-12
-1.00921e-10
7.88582e-10
1.91087e-10
-1.9226e-10
1.60659e-10
-4.52762e-10
1.54441e-10
-5.05239e-10
-1.71914e-11
2.1143e-10
-4.77731e-10
-7.72873e-12
1.31999e-09
6.26999e-10
-6.41582e-11
8.89155e-11
-4.63644e-10
1.08207e-09
5.72988e-10
1.44756e-10
-1.55371e-10
8.0673e-12
1.08241e-10
9.16962e-12
-2.40585e-10
-6.39465e-12
1.77629e-10
6.16363e-10
-8.42582e-11
-6.4404e-11
-7.06352e-11
-7.01058e-11
-5.25569e-10
-1.84376e-10
3.33425e-10
5.45665e-10
1.66276e-10
6.49303e-11
-1.97788e-10
-9.75984e-13
-6.17995e-12
-4.75522e-11
-1.38284e-11
-4.56507e-11
4.75492e-11
4.21571e-11
2.88693e-11
1.79486e-12
-1.1582e-11
2.19985e-11
1.49665e-11
1.99788e-11
4.58104e-12
9.19552e-13
1.29263e-11
8.52229e-12
1.35814e-11
4.5168e-12
3.74511e-12
7.73857e-12
5.56494e-12
8.21942e-12
3.69585e-12
3.58734e-12
4.74624e-12
3.83294e-12
4.68367e-12
2.75825e-12
2.74485e-12
3.00564e-12
2.60828e-12
2.62819e-12
1.96546e-12
1.94559e-12
1.94836e-12
1.72883e-12
1.52839e-12
1.36517e-12
1.33888e-12
1.28561e-12
1.14087e-12
9.51816e-13
9.43527e-13
9.18954e-13
8.65794e-13
7.67496e-13
6.31882e-13
6.57246e-13
6.3755e-13
5.9566e-13
5.28057e-13
4.35627e-13
4.59801e-13
4.45118e-13
4.14538e-13
3.68568e-13
3.05969e-13
3.22066e-13
3.11606e-13
2.90169e-13
2.58419e-13
2.16982e-13
2.25907e-13
2.1865e-13
2.04037e-13
1.82337e-13
1.5503e-13
1.5878e-13
1.53829e-13
1.44216e-13
1.29358e-13
1.11405e-13
1.11869e-13
1.08576e-13
1.01812e-13
9.21349e-14
8.03207e-14
7.90362e-14
7.69129e-14
7.22701e-14
6.58895e-14
5.81596e-14
5.59441e-14
5.44321e-14
5.14587e-14
4.72797e-14
4.22645e-14
3.96568e-14
3.86865e-14
3.67262e-14
3.40067e-14
3.0774e-14
2.81868e-14
2.75449e-14
2.62523e-14
2.44888e-14
2.24349e-14
2.0035e-14
1.96105e-14
1.87681e-14
1.76012e-14
1.62291e-14
1.42417e-14
1.39698e-14
1.34384e-14
1.26737e-14
1.17364e-14
1.01399e-14
9.9754e-15
9.64889e-15
9.17444e-15
8.62411e-15
7.25728e-15
7.15685e-15
6.93957e-15
6.62012e-15
6.27204e-15
5.24675e-15
5.18305e-15
5.02741e-15
4.77589e-15
4.50174e-15
3.83008e-15
3.78729e-15
3.6832e-15
3.50864e-15
3.29893e-15
2.80929e-15
2.77308e-15
2.69372e-15
2.56531e-15
2.49793e-15
2.0749e-15
2.0442e-15
1.97577e-15
1.8565e-15
1.87465e-15
1.55496e-15
1.54009e-15
1.49395e-15
1.40912e-15
1.45356e-15
1.18413e-15
1.18249e-15
1.15904e-15
1.10307e-15
1.1054e-15
9.09389e-16
9.0518e-16
8.74871e-16
8.21536e-16
8.06098e-16
6.85639e-16
6.70297e-16
6.25985e-16
5.46456e-16
5.48719e-16
4.85524e-16
4.6363e-16
4.27624e-16
3.61064e-16
4.19309e-16
3.17366e-16
2.98049e-16
2.89466e-16
2.53364e-16
3.82936e-16
2.05746e-16
1.95339e-16
2.07126e-16
1.55524e-16
2.6651e-16
1.48333e-16
1.48321e-16
1.73626e-16
1.01931e-16
2.20136e-16
1.35792e-16
1.44611e-16
1.62173e-16
1.00527e-16
2.43725e-16
)
;
    }
    procBoundary0to2
    {
        type            processor;
        value           nonuniform List<scalar> 
450
(
-1.68368e-16
-1.7241e-16
-1.75643e-16
-1.84256e-16
-2.01619e-16
-4.73151e-16
-4.79363e-16
-4.80085e-16
-4.97548e-16
-5.89321e-16
-8.36825e-16
-8.39777e-16
-8.27009e-16
-7.95307e-16
-8.33366e-16
-1.28073e-15
-1.27959e-15
-1.26188e-15
-1.21596e-15
-1.19282e-15
-1.83729e-15
-1.82989e-15
-1.8121e-15
-1.77244e-15
-1.79217e-15
-2.56358e-15
-2.55559e-15
-2.54173e-15
-2.49445e-15
-2.42465e-15
-3.54385e-15
-3.54805e-15
-3.55127e-15
-3.51473e-15
-3.36939e-15
-4.88396e-15
-4.90383e-15
-4.92957e-15
-4.9373e-15
-4.83879e-15
-6.72084e-15
-6.74211e-15
-6.76699e-15
-6.80821e-15
-6.84178e-15
-9.2443e-15
-9.2568e-15
-9.25469e-15
-9.25625e-15
-9.30942e-15
-1.27002e-14
-1.27119e-14
-1.26918e-14
-1.26445e-14
-1.26084e-14
-1.74068e-14
-1.74229e-14
-1.73947e-14
-1.73557e-14
-1.73282e-14
-2.38081e-14
-2.38217e-14
-2.37635e-14
-2.37074e-14
-2.36731e-14
-3.2529e-14
-3.25429e-14
-3.24449e-14
-3.23234e-14
-3.219e-14
-4.44198e-14
-4.44442e-14
-4.43174e-14
-4.41522e-14
-4.39676e-14
-6.06409e-14
-6.06638e-14
-6.0474e-14
-6.02407e-14
-6.00478e-14
-8.27852e-14
-8.27826e-14
-8.24592e-14
-8.20404e-14
-8.16514e-14
-1.13016e-13
-1.12974e-13
-1.12462e-13
-1.11774e-13
-1.11054e-13
-1.54293e-13
-1.54186e-13
-1.53392e-13
-1.52319e-13
-1.51148e-13
-2.10716e-13
-2.10487e-13
-2.0924e-13
-2.07528e-13
-2.05537e-13
-2.87899e-13
-2.87476e-13
-2.85565e-13
-2.82925e-13
-2.79709e-13
-3.93524e-13
-3.92786e-13
-3.89889e-13
-3.85921e-13
-3.81112e-13
-5.38189e-13
-5.36917e-13
-5.32478e-13
-5.26419e-13
-5.19266e-13
-7.36534e-13
-7.34359e-13
-7.275e-13
-7.18162e-13
-7.07381e-13
-1.00874e-12
-1.00503e-12
-9.9438e-13
-9.79984e-13
-9.63624e-13
-1.38264e-12
-1.37637e-12
-1.35978e-12
-1.33761e-12
-1.31264e-12
-1.89659e-12
-1.88607e-12
-1.8602e-12
-1.82611e-12
-1.78797e-12
-2.60351e-12
-2.58586e-12
-2.54542e-12
-2.49306e-12
-2.43507e-12
-3.57579e-12
-3.54604e-12
-3.48288e-12
-3.40295e-12
-3.31586e-12
-4.90844e-12
-4.85912e-12
-4.76192e-12
-4.64204e-12
-4.51256e-12
-6.70584e-12
-6.63309e-12
-6.49297e-12
-6.32377e-12
-6.13029e-12
-9.0047e-12
-8.93113e-12
-8.77581e-12
-8.59268e-12
-8.28699e-12
-1.17527e-11
-1.16983e-11
-1.15858e-11
-1.16248e-11
-1.10448e-11
-1.50179e-11
-1.50593e-11
-1.47614e-11
-1.57792e-11
-1.41451e-11
-1.87046e-11
-1.95962e-11
-1.7896e-11
-2.25838e-11
-1.65241e-11
-2.18259e-11
-2.64614e-11
-1.92971e-11
-3.64295e-11
-1.60559e-11
-2.0367e-11
-3.61457e-11
-1.15045e-11
-6.83503e-11
-1.46823e-11
-2.40005e-11
-7.73759e-11
-2.35389e-11
-8.89384e-11
4.03192e-11
1.01735e-10
-5.93074e-11
1.58372e-10
-3.83351e-10
-4.22486e-11
8.22291e-12
-3.42089e-10
-1.3784e-10
7.89067e-12
5.53499e-10
1.42502e-10
2.16617e-11
4.97174e-12
-5.40962e-11
-2.00482e-10
-2.21883e-10
2.0258e-10
-6.23375e-11
-1.06167e-10
-3.25291e-10
1.31621e-10
1.73515e-10
1.0347e-10
4.63149e-12
3.32876e-11
-2.10549e-10
2.20943e-10
2.48484e-10
-4.42372e-11
-1.43139e-11
-1.00097e-10
7.89284e-11
6.84926e-11
8.55997e-10
6.60542e-10
6.57724e-10
1.25632e-10
1.13015e-10
6.83007e-10
8.34193e-10
-7.86833e-10
-3.8877e-10
1.10955e-10
2.24121e-10
3.73574e-11
-5.39101e-10
-2.14711e-10
-1.49355e-10
1.60535e-10
-1.11162e-10
-1.7305e-10
8.4832e-11
-1.99842e-10
-3.49236e-10
-7.76628e-10
-3.00687e-10
-1.39752e-10
-8.71382e-11
-2.41792e-10
2.62905e-11
2.04686e-11
7.22474e-11
3.87095e-11
2.77748e-10
3.60013e-10
1.30575e-10
2.14356e-11
-4.56219e-11
8.67771e-12
1.11746e-11
3.62697e-10
8.81275e-11
1.34354e-10
-2.37104e-11
-9.826e-11
2.08429e-10
4.85787e-11
3.91758e-11
-1.54622e-10
-1.04467e-10
8.85728e-11
1.59927e-11
2.66815e-11
-5.94282e-11
-4.54347e-11
3.36827e-11
2.60224e-13
2.72565e-12
-3.66335e-11
-2.66616e-11
9.75894e-12
-3.5919e-12
-3.00606e-12
-2.20275e-11
-1.78063e-11
-2.15528e-13
-4.73487e-12
-5.06198e-12
-1.42899e-11
-1.30992e-11
-2.53726e-12
-4.74682e-12
-5.40613e-12
-9.88021e-12
-9.99382e-12
-3.21271e-12
-4.29165e-12
-4.95235e-12
-7.19967e-12
-7.68682e-12
-3.15983e-12
-3.70433e-12
-4.22828e-12
-5.41322e-12
-5.87856e-12
-2.81933e-12
-3.11194e-12
-3.48272e-12
-4.11239e-12
-4.40377e-12
-2.38918e-12
-2.55249e-12
-2.77715e-12
-3.07901e-12
-3.25411e-12
-1.9272e-12
-2.00934e-12
-2.1273e-12
-2.27845e-12
-2.39297e-12
-1.48704e-12
-1.53041e-12
-1.59673e-12
-1.6809e-12
-1.75685e-12
-1.12527e-12
-1.15054e-12
-1.1899e-12
-1.23981e-12
-1.28946e-12
-8.44684e-13
-8.6013e-13
-8.84e-13
-9.14488e-13
-9.46511e-13
-6.31184e-13
-6.40892e-13
-6.55593e-13
-6.74517e-13
-6.94999e-13
-4.70216e-13
-4.76384e-13
-4.85546e-13
-4.97486e-13
-5.10619e-13
-3.49555e-13
-3.53487e-13
-3.59218e-13
-3.66804e-13
-3.75228e-13
-2.59423e-13
-2.61972e-13
-2.65573e-13
-2.70375e-13
-2.75745e-13
-1.9224e-13
-1.93933e-13
-1.96213e-13
-1.99243e-13
-2.02631e-13
-1.42281e-13
-1.4341e-13
-1.44856e-13
-1.46769e-13
-1.48863e-13
-1.05214e-13
-1.05965e-13
-1.06879e-13
-1.08108e-13
-1.0944e-13
-7.77548e-14
-7.82488e-14
-7.88065e-14
-7.95862e-14
-8.04688e-14
-5.7432e-14
-5.77536e-14
-5.80787e-14
-5.855e-14
-5.90544e-14
-4.23844e-14
-4.25975e-14
-4.28034e-14
-4.31303e-14
-4.34198e-14
-3.12291e-14
-3.13715e-14
-3.15186e-14
-3.17774e-14
-3.20354e-14
-2.29768e-14
-2.30727e-14
-2.31766e-14
-2.33534e-14
-2.35114e-14
-1.68981e-14
-1.69712e-14
-1.70565e-14
-1.71839e-14
-1.72693e-14
-1.24232e-14
-1.24825e-14
-1.25652e-14
-1.26826e-14
-1.28356e-14
-9.1264e-15
-9.16522e-15
-9.22742e-15
-9.30559e-15
-9.49003e-15
-6.70463e-15
-6.72522e-15
-6.7568e-15
-6.78829e-15
-6.84906e-15
-4.93794e-15
-4.95795e-15
-4.97965e-15
-5.0031e-15
-5.00284e-15
-3.67167e-15
-3.70081e-15
-3.72452e-15
-3.77526e-15
-3.84336e-15
-2.7915e-15
-2.82412e-15
-2.83764e-15
-2.89855e-15
-2.98708e-15
-2.188e-15
-2.21369e-15
-2.20991e-15
-2.24928e-15
-2.29097e-15
-1.76588e-15
-1.78101e-15
-1.76285e-15
-1.80969e-15
-1.79057e-15
-1.47335e-15
-1.47837e-15
-1.45014e-15
-1.5122e-15
-1.45659e-15
-1.31242e-15
-1.31158e-15
-1.29068e-15
-1.34097e-15
-1.23962e-15
)
;
    }
}


// ************************************************************************* //
