/*--------------------------------*- C++ -*----------------------------------*\
| =========                 |                                                 |
| \\      /  F ield         | OpenFOAM: The Open Source CFD Toolbox           |
|  \\    /   O peration     | Version:  5.x                                   |
|   \\  /    A nd           | Web:      www.OpenFOAM.org                      |
|    \\/     M anipulation  |                                                 |
\*---------------------------------------------------------------------------*/
FoamFile
{
    version     2.0;
    format      ascii;
    class       surfaceScalarField;
    location    "40000";
    object      phi;
}
// * * * * * * * * * * * * * * * * * * * * * * * * * * * * * * * * * * * * * //

dimensions      [0 3 -1 0 0 0 0];

internalField   nonuniform List<scalar> 
5825
(
-1.68807e-06
0.000162445
-999.998
-5.44469e-05
0.000167462
-999.998
-7.72649e-05
0.000164924
-999.999
-9.20461e-05
0.000170308
-999.999
0.000199403
-999.999
-9.86699e-06
0.000149888
-999.998
-5.12643e-05
0.00015314
-999.998
-7.24516e-05
0.000151698
-999.998
-8.07416e-05
0.000157448
-999.998
0.000167277
-999.998
-7.85935e-06
0.000112118
-999.998
-4.82342e-05
0.000115983
-999.998
-6.65857e-05
0.000115389
-999.998
-6.97764e-05
0.000119419
-999.998
0.000136404
-999.998
-8.92978e-06
6.10075e-05
-999.998
-4.73166e-05
5.81724e-05
-999.998
-6.41411e-05
5.83896e-05
-999.998
-6.21329e-05
6.05903e-05
-999.998
7.20691e-05
-999.998
-8.61069e-06
-999.997
-4.59964e-05
-999.998
-6.03686e-05
-999.998
-5.68042e-05
-999.998
-999.998
-3.78268e-05
0.000466658
-999.998
-0.00015685
0.000467552
-999.999
-0.000206836
0.000469109
-999.999
-0.000189044
0.000478324
-999.999
0.000513007
-999.999
-4.53416e-05
0.00042778
-999.998
-0.000144541
0.000435291
-999.998
-0.000194507
0.00043495
-999.998
-0.000195707
0.000436795
-999.998
0.000460934
-999.998
-4.91055e-05
0.000324674
-999.998
-0.000140424
0.000326905
-999.998
-0.000185014
0.000325604
-999.998
-0.000191592
0.000329401
-999.998
0.00035631
-999.998
-4.18273e-05
0.000168053
-999.998
-0.000136683
0.000157911
-999.998
-0.000184424
0.000156681
-999.998
-0.000189095
0.000157001
-999.998
0.000168022
-999.998
-5.08968e-05
-999.997
-0.000134836
-999.997
-0.00017821
-999.998
-0.000197111
-999.998
-999.998
-0.000109397
0.000839047
-999.999
-0.000255725
0.00083988
-999.999
-0.00032428
0.000853285
-999.999
-0.000249722
0.000843669
-999.999
0.000826193
-999.999
-0.000123948
0.000757678
-999.998
-0.000242312
0.000763659
-999.998
-0.000298174
0.000765784
-999.998
-0.000306482
0.000753957
-999.998
0.000739452
-999.998
-0.000110016
0.000570082
-999.998
-0.000230564
0.000571554
-999.998
-0.000298562
0.000566128
-999.998
-0.000329387
0.000559863
-999.998
0.000549997
-999.998
-0.000108883
0.000290202
-999.997
-0.000231515
0.000277595
-999.997
-0.000307556
0.000274488
-999.997
-0.000349475
0.000271854
-999.998
0.000260701
-999.998
-0.00012162
-999.997
-0.000231454
-999.997
-0.000307223
-999.997
-0.000361397
-999.997
-999.998
-0.000201415
0.0013523
-999.999
-0.000350636
0.00135883
-999.999
-0.00041381
0.00137311
-999.999
-0.000354616
0.00134965
-999.999
0.0012656
-999.999
-0.000194166
0.0011806
-999.998
-0.000318361
0.00119188
-999.998
-0.000390565
0.0011883
-999.998
-0.000416296
0.00116405
-999.998
0.00113521
-999.998
-0.000185181
0.000881995
-999.997
-0.000316766
0.000881655
-999.997
-0.000413062
0.000870384
-999.997
-0.000469102
0.000849839
-999.998
0.000811914
-999.998
-0.000185245
0.000455266
-999.997
-0.000326558
0.000446722
-999.997
-0.000435989
0.000441678
-999.997
-0.000511491
0.000431358
-999.997
0.000408057
-999.997
-0.000192106
-999.997
-0.000329683
-999.997
-0.000444795
-999.997
-0.000534077
-999.997
-999.997
-0.00026673
0.00205909
-999.998
-0.000416888
0.00207208
-999.998
-0.000525137
0.00207515
-999.998
-0.000506343
0.00203755
-999.999
0.00196052
-999.999
-0.000257093
0.00175099
-999.997
-0.00040181
0.00175951
-999.997
-0.000514858
0.00174544
-999.997
-0.000565262
0.0017052
-999.998
0.00167614
-999.998
-0.000250858
0.0012923
-999.997
-0.000415907
0.00128988
-999.997
-0.000552824
0.00126952
-999.997
-0.000641935
0.0012328
-999.997
0.00118777
-999.997
-0.000254277
0.000678209
-999.996
-0.000436518
0.000677935
-999.996
-0.00059059
0.000665854
-999.996
-0.000703675
0.000643078
-999.996
0.000606104
-999.997
-0.000254149
-999.996
-0.000447225
-999.996
-0.000610444
-999.996
-0.000741087
-999.996
-999.997
-0.000310337
0.00297039
-999.998
-0.000514105
0.00298075
-999.998
-0.000697718
0.00296662
-999.998
-0.000762
0.00291983
-999.998
0.0028231
-999.999
-0.000314824
0.00249608
-999.996
-0.000538675
0.0024977
-999.997
-0.000721343
0.00246398
-999.997
-0.000836094
0.00240096
-999.997
0.00236063
-999.998
-0.000314211
0.00182271
-999.995
-0.000566341
0.00181588
-999.996
-0.000774496
0.00178269
-999.996
-0.000929074
0.0017302
-999.996
0.00166938
-999.997
-0.000324513
0.000961871
-999.995
-0.000602049
0.000961085
-999.995
-0.000827961
0.000940382
-999.995
-0.000991629
0.000906102
-999.996
0.000856362
-999.996
-0.000325102
-999.994
-0.000623833
-999.995
-0.000860645
-999.995
-0.00103927
-999.995
-999.996
-0.000379234
0.00409318
-999.997
-0.000723513
0.00409813
-999.997
-0.00100166
0.00407664
-999.997
-0.00123156
0.00403178
-999.998
0.00397051
-999.998
-0.000396914
0.00345322
-999.995
-0.000781921
0.00344763
-999.995
-0.00107802
0.00339706
-999.996
-0.00128876
0.00331721
-999.996
0.0032649
-999.997
-0.000405117
0.00249942
-999.994
-0.000819319
0.00248592
-999.994
-0.00113677
0.00244341
-999.995
-0.0013638
0.00238371
-999.995
0.00232152
-999.996
-0.000426667
0.00131177
-999.993
-0.000866843
0.00130439
-999.993
-0.0012001
0.00127732
-999.994
-0.00142528
0.00124103
-999.994
0.00119251
-999.995
-0.000436723
-999.993
-0.0008931
-999.993
-0.00123378
-999.993
-0.00146748
-999.994
-999.994
-0.000526948
0.00553847
-999.996
-0.00110574
0.00554027
-999.996
-0.00152802
0.00549709
-999.997
-0.00190977
0.00546669
-999.998
0.00547127
-999.998
-0.000542569
0.00469084
-999.994
-0.00115626
0.00468201
-999.994
-0.00160246
0.00463309
-999.995
-0.00192508
0.00457717
-999.996
0.00452351
-999.996
-0.00056274
0.00337871
-999.992
-0.00120031
0.0033607
-999.993
-0.00165766
0.00331986
-999.993
-0.00195772
0.00327297
-999.994
0.00322547
-999.995
-0.000590294
0.00175535
-999.991
-0.00124189
0.001738
-999.991
-0.00170995
0.00171819
-999.992
-0.00200264
0.00169659
-999.993
0.00166714
-999.993
-0.000610281
-999.991
-0.00125949
-999.991
-0.00172773
-999.991
-0.0020167
-999.992
-999.993
-0.000779012
0.00744745
-999.995
-0.00164518
0.00745551
-999.996
-0.00226203
0.00743273
-999.996
-0.00265319
0.00739495
-999.997
0.00736948
-999.998
-0.00078808
0.00633194
-999.992
-0.0016643
0.00632732
-999.993
-0.00227836
0.0062965
-999.993
-0.00267498
0.00625786
-999.994
0.00624752
-999.995
-0.000808025
0.00455931
-999.99
-0.00169686
0.0045463
-999.991
-0.00232036
0.00452398
-999.991
-0.00269792
0.0045002
-999.992
0.00449061
-999.993
-0.000831391
0.00235646
-999.989
-0.00171842
0.00233695
-999.989
-0.00234415
0.0023334
-999.989
-0.00270794
0.00233613
-999.99
0.00235126
-999.991
-0.000855184
-999.988
-0.0017181
-999.988
-0.0023361
-999.989
-0.00268428
-999.989
-999.99
-0.00113894
0.0100603
-999.994
-0.00230039
0.0100817
-999.994
-0.00313525
0.0100786
-999.995
-0.00358323
0.010047
-999.996
0.00996883
-999.998
-0.00113746
0.00857116
-999.99
-0.00229331
0.00858052
-999.991
-0.00311966
0.00857317
-999.992
-0.00361826
0.00856028
-999.993
0.00859995
-999.994
-0.00114822
0.0061911
-999.987
-0.00230517
0.00619344
-999.988
-0.00313649
0.00619511
-999.988
-0.00362323
0.00620445
-999.989
0.00625325
-999.991
-0.00115949
0.00320701
-999.985
-0.00230255
0.00319403
-999.985
-0.00312338
0.00320807
-999.986
-0.00358218
0.00323806
-999.987
0.00329554
-999.988
-0.00117783
-999.984
-0.00228325
-999.984
-0.00308605
-999.985
-0.00351751
-999.986
-999.987
-0.00158864
0.0137051
-999.992
-0.00306566
0.0137389
-999.993
-0.00420185
0.0137399
-999.994
-0.00486936
0.0137359
-999.995
0.0137278
-999.997
-0.00158576
0.0116745
-999.987
-0.00306036
0.0117
-999.988
-0.00417517
0.0117108
-999.989
-0.00484038
0.0117329
-999.99
0.0118288
-999.992
-0.00158623
0.00846128
-999.983
-0.00305339
0.00848166
-999.983
-0.00415435
0.00850213
-999.984
-0.00479958
0.00854458
-999.986
0.00864567
-999.987
-0.00158486
0.00440835
-999.98
-0.00303264
0.0044081
-999.98
-0.00410797
0.00443407
-999.981
-0.00470974
0.00448368
-999.982
0.00456549
-999.984
-0.00159213
-999.978
-0.00300032
-999.978
-0.00404877
-999.979
-0.00462131
-999.981
-999.982
-0.002126
0.0187574
-999.989
-0.00400542
0.0187896
-999.99
-0.00551424
0.0187732
-999.991
-0.00643801
0.0187703
-999.993
0.0188012
-999.995
-0.00213791
0.0159543
-999.982
-0.00402315
0.0159904
-999.983
-0.00550711
0.0160061
-999.984
-0.00640159
0.0160491
-999.986
0.0161336
-999.988
-0.00213815
0.0115857
-999.976
-0.00400959
0.0116195
-999.977
-0.00546537
0.0116447
-999.978
-0.00633571
0.0116996
-999.98
0.0118001
-999.982
-0.00213107
0.00606995
-999.972
-0.0039848
0.00608468
-999.973
-0.00540855
0.0061116
-999.974
-0.00623976
0.0061615
-999.976
0.00622713
-999.978
-0.00212606
-999.97
-0.00394954
-999.971
-0.00534625
-999.972
-0.00616238
-999.974
-999.976
-0.00280522
0.0256437
-999.985
-0.00526004
0.0256672
-999.986
-0.00722132
0.0256268
-999.988
-0.00833795
0.0255774
-999.99
0.025479
-999.993
-0.00284182
0.0217909
-999.976
-0.00530272
0.0218337
-999.977
-0.00726773
0.0218416
-999.978
-0.00844128
0.021869
-999.981
0.0218784
-999.984
-0.00285014
0.0158382
-999.968
-0.00529755
0.0158791
-999.969
-0.00724183
0.0158943
-999.97
-0.00843539
0.0159335
-999.973
0.0159811
-999.976
-0.00284634
0.00832944
-999.962
-0.00528294
0.00835721
-999.963
-0.00720112
0.00837541
-999.965
-0.00838662
0.00840653
-999.967
0.00842659
-999.97
-0.00283185
-999.959
-0.00525343
-999.96
-0.00715335
-999.961
-0.00834765
-999.964
-999.967
-0.00374441
0.0349625
-999.979
-0.0070414
0.0349963
-999.981
-0.00963668
0.034946
-999.983
-0.0110638
0.034841
-999.987
0.034609
-999.991
-0.00379126
0.0297177
-999.966
-0.00709143
0.0297723
-999.968
-0.00973332
0.0297697
-999.97
-0.0113087
0.0297705
-999.974
0.0297046
-999.978
-0.00380731
0.0216083
-999.955
-0.00709796
0.0216545
-999.957
-0.00973339
0.021657
-999.959
-0.0113845
0.0216721
-999.963
0.0216561
-999.967
-0.00381163
0.0113849
-999.947
-0.00709586
0.011424
-999.949
-0.00971528
0.0114316
-999.951
-0.0114007
0.0114377
-999.955
0.0114126
-999.959
-0.00379042
-999.943
-0.00707265
-999.945
-0.00968615
-999.947
-0.0113998
-999.951
-999.955
-0.00507104
0.0476242
-999.972
-0.00957234
0.047698
-999.973
-0.013122
0.0476566
-999.977
-0.0151651
0.0475478
-999.982
0.0473355
-999.988
-0.00510811
0.0405086
-999.954
-0.00961368
0.040586
-999.956
-0.0132205
0.0405813
-999.959
-0.0153951
0.0405757
-999.964
0.0404825
-999.97
-0.00512639
0.0294571
-999.939
-0.00962199
0.0295158
-999.941
-0.0132246
0.029513
-999.944
-0.0155049
0.0295105
-999.949
0.0294505
-999.955
-0.00513564
0.0155284
-999.928
-0.00962537
0.0155795
-999.93
-0.0132233
0.0155767
-999.933
-0.015569
0.0155597
-999.938
0.0155062
-999.944
-0.00510837
-999.922
-0.00960656
-999.924
-0.0132083
-999.928
-0.0155877
-999.933
-999.939
-0.00689812
0.0649079
-999.961
-0.0130634
0.0650317
-999.964
-0.0179636
0.0649961
-999.969
-0.0209372
0.064916
-999.975
0.0647936
-999.983
-0.00692673
0.0552364
-999.937
-0.0131042
0.0553463
-999.94
-0.0180405
0.0553409
-999.945
-0.0210677
0.0553314
-999.951
0.0552261
-999.959
-0.00694525
0.0401641
-999.917
-0.0131124
0.0402456
-999.919
-0.0180475
0.0402338
-999.924
-0.0211843
0.0402083
-999.931
0.0401149
-999.939
-0.00695565
0.0211697
-999.902
-0.0131257
0.0212279
-999.904
-0.0180702
0.0212084
-999.909
-0.0212806
0.0211696
-999.916
0.0210977
-999.924
-0.00692915
-999.894
-0.0131156
-999.897
-0.0180654
-999.901
-0.0213039
-999.908
-999.916
-0.00937202
0.0885023
-999.947
-0.017801
0.0886664
-999.951
-0.0245061
0.0886103
-999.957
-0.0286836
0.0885189
-999.966
0.0884078
-999.977
-0.00941521
0.0753382
-999.915
-0.0178684
0.0754849
-999.918
-0.0246046
0.0754576
-999.925
-0.0288016
0.0754077
-999.934
0.0752566
-999.945
-0.00944204
0.0547793
-999.887
-0.0178993
0.054883
-999.89
-0.0246533
0.0548413
-999.897
-0.0289549
0.054773
-999.906
0.0546361
-999.917
-0.00946343
0.0288571
-999.866
-0.0179438
0.0289126
-999.87
-0.02472
0.0288704
-999.877
-0.0290898
0.0288085
-999.886
0.0287176
-999.897
-0.00945142
-999.856
-0.0179457
-999.859
-0.0247231
-999.866
-0.0291117
-999.875
-999.886
-0.0127398
0.120655
-999.928
-0.02424
0.120858
-999.933
-0.0333418
0.120753
-999.942
-0.0390849
0.120578
-999.954
0.120365
-999.969
-0.0128176
0.102745
-999.884
-0.0243597
0.102926
-999.889
-0.0335281
0.102843
-999.898
-0.0393047
0.102707
-999.91
0.102466
-999.925
-0.0128724
0.0747132
-999.846
-0.0244493
0.0748314
-999.85
-0.0336649
0.0747401
-999.86
-0.0395419
0.074609
-999.872
0.0744124
-999.887
-0.0129253
0.0393344
-999.818
-0.0245445
0.0393888
-999.823
-0.0337947
0.0393234
-999.832
-0.0397332
0.0392317
-999.845
0.0391209
-999.859
-0.0129309
-999.803
-0.0245549
-999.808
-0.0338068
-999.817
-0.0397503
-999.83
-999.845
-0.017355
0.164458
-999.903
-0.0330084
0.164717
-999.909
-0.0453364
0.164533
-999.921
-0.0531624
0.164217
-999.938
0.163838
-999.958
-0.0174771
0.140103
-999.842
-0.0332096
0.140317
-999.848
-0.0456624
0.140146
-999.861
-0.0535466
0.139883
-999.878
0.139508
-999.897
-0.0175848
0.101903
-999.79
-0.0333907
0.10204
-999.797
-0.0459276
0.101884
-999.809
-0.0539188
0.101663
-999.826
0.101384
-999.846
-0.0176819
0.0536409
-999.752
-0.0335519
0.0537083
-999.759
-0.0461469
0.0536093
-999.771
-0.0541919
0.0534693
-999.789
0.0533267
-999.809
-0.0176965
-999.732
-0.0335762
-999.739
-0.0461797
-999.751
-0.0542098
-999.769
-999.789
-0.023662
0.224196
-999.868
-0.0449277
0.224526
-999.877
-0.0616327
0.224209
-999.894
-0.0722166
0.223688
-999.916
0.223049
-999.943
-0.0238497
0.191078
-999.785
-0.045266
0.191333
-999.794
-0.0621648
0.191031
-999.811
-0.072862
0.190574
-999.834
0.189975
-999.861
-0.0240341
0.139044
-999.714
-0.045583
0.139211
-999.723
-0.062626
0.138952
-999.74
-0.0734583
0.138585
-999.763
0.13816
-999.791
-0.0241864
0.0732158
-999.662
-0.0458495
0.0732975
-999.671
-0.0629919
0.0731348
-999.688
-0.0738763
0.0729145
-999.712
0.0726874
-999.74
-0.0242163
-999.635
-0.0459115
-999.644
-0.0630698
-999.661
-0.0739364
-999.685
-999.713
-0.0322476
0.305745
-999.821
-0.0611348
0.306147
-999.833
-0.0838174
0.305604
-999.856
-0.0980979
0.304765
-999.887
0.303697
-999.923
-0.0325508
0.260737
-999.707
-0.0617038
0.26104
-999.72
-0.0846691
0.26052
-999.743
-0.0991761
0.259753
-999.774
0.258795
-999.811
-0.0328494
0.189856
-999.61
-0.0622455
0.190046
-999.623
-0.0854437
0.189607
-999.646
-0.100135
0.189001
-999.678
0.188305
-999.715
-0.0330949
0.10002
-999.539
-0.062696
0.100101
-999.552
-0.0860511
0.0998368
-999.575
-0.100827
0.0994856
-999.608
0.0990829
-999.646
-0.0331675
-999.502
-0.0628254
-999.514
-0.0862125
-999.538
-0.101004
-999.571
-999.609
-0.0439355
0.417135
-999.757
-0.0832293
0.417595
-999.774
-0.114105
0.416699
-999.805
-0.133476
0.415388
-999.847
0.413757
-999.896
-0.0444355
0.356053
-999.602
-0.0841612
0.356378
-999.619
-0.115428
0.355494
-999.65
-0.13512
0.354251
-999.693
0.352744
-999.743
-0.0449297
0.259468
-999.469
-0.0850775
0.259649
-999.486
-0.116689
0.258914
-999.518
-0.136639
0.257918
-999.562
0.25675
-999.613
-0.0453438
0.136765
-999.371
-0.0858312
0.136832
-999.388
-0.117691
0.136411
-999.421
-0.137809
0.135837
-999.466
0.135158
-999.518
-0.0454876
-999.319
-0.0860739
-999.337
-0.118011
-999.37
-0.138186
-999.415
-999.467
-0.0598621
0.569381
-999.671
-0.113368
0.569864
-999.693
-0.155385
0.568417
-999.736
-0.181627
0.566394
-999.793
0.563946
-999.86
-0.0606872
0.48665
-999.458
-0.114866
0.48693
-999.481
-0.157428
0.485444
-999.525
-0.184099
0.483422
-999.583
0.481007
-999.652
-0.0615281
0.355022
-999.275
-0.116404
0.355137
-999.299
-0.159482
0.353905
-999.343
-0.186542
0.352237
-999.403
0.350285
-999.473
-0.0622291
0.187269
-999.141
-0.117668
0.187299
-999.165
-0.161166
0.186593
-999.21
-0.18851
0.185637
-999.272
0.184532
-999.343
-0.0624919
-999.07
-0.118136
-999.094
-0.161782
-999.139
-0.189212
-999.201
-999.274
-0.0815857
0.777678
-999.555
-0.154441
0.778099
-999.586
-0.211472
0.775742
-999.643
-0.246826
0.772522
-999.721
0.768662
-999.812
-0.0829484
0.665938
-999.264
-0.156873
0.666031
-999.295
-0.214728
0.663517
-999.354
-0.250735
0.660143
-999.435
0.656179
-999.528
-0.0843913
0.486577
-999.012
-0.159471
0.486498
-999.044
-0.218162
0.484384
-999.105
-0.254762
0.481548
-999.188
0.478274
-999.284
-0.0855916
0.256945
-998.826
-0.161642
0.256852
-998.859
-0.221038
0.25563
-998.922
-0.258077
0.254
-999.007
0.252146
-999.105
-0.0860902
-998.726
-0.162547
-998.76
-0.222215
-998.824
-0.2594
-998.91
-999.01
-0.111271
1.06304
-999.4
-0.210433
1.06321
-999.442
-0.287633
1.0593
-999.52
-0.335167
1.05403
-999.626
1.04789
-999.748
-0.113534
0.912731
-999
-0.21446
0.912355
-999.044
-0.292982
0.908048
-999.125
-0.341403
0.902315
-999.235
0.895697
-999.361
-0.116019
0.668415
-998.651
-0.218904
0.667858
-998.697
-0.298829
0.66417
-998.781
-0.348154
0.659277
-998.896
0.653699
-999.027
-0.118119
0.353522
-998.393
-0.222692
0.35313
-998.44
-0.303807
0.350979
-998.528
-0.353827
0.348116
-998.646
0.34489
-998.781
-0.119076
-998.254
-0.224426
-998.302
-0.306075
-998.391
-0.356359
-998.512
-998.65
-0.151904
1.45464
-999.193
-0.286801
1.45416
-999.251
-0.390937
1.44757
-999.358
-0.45444
1.43876
-999.501
1.42879
-999.665
-0.155713
1.25368
-998.643
-0.293581
1.25225
-998.704
-0.399894
1.24475
-998.816
-0.464592
1.23483
-998.966
1.22355
-999.137
-0.160046
0.921084
-998.159
-0.301315
0.919464
-998.223
-0.410036
0.912923
-998.341
-0.476141
0.904308
-998.499
0.894632
-998.679
-0.163795
0.488242
-997.796
-0.308035
0.487189
-997.863
-0.418826
0.483331
-997.987
-0.486024
0.478248
-998.153
0.472567
-998.34
-0.165632
-997.6
-0.311352
-997.669
-0.423145
-997.796
-0.490822
-997.966
-998.158
-0.207543
1.99316
-998.922
-0.390893
1.99113
-999.001
-0.530714
1.97979
-999.147
-0.614544
1.96481
-999.341
1.94808
-999.56
-0.214113
1.72708
-998.163
-0.402544
1.72333
-998.248
-0.545974
1.70999
-998.403
-0.631646
1.6925
-998.608
1.67298
-998.839
-0.221853
1.27474
-997.484
-0.416289
1.27085
-997.576
-0.563894
1.25901
-997.743
-0.651709
1.24358
-997.962
1.22657
-998.21
-0.228699
0.677808
-996.97
-0.428449
0.675345
-997.068
-0.57967
0.668344
-997.245
-0.669159
0.659247
-997.479
0.649233
-997.74
-0.23226
-996.69
-0.434768
-996.791
-0.587807
-996.975
-0.678091
-997.217
-997.486
-0.283743
2.7357
-998.571
-0.532585
2.73023
-998.681
-0.719169
2.71025
-998.88
-0.828417
2.68437
-999.139
2.65599
-999.429
-0.295406
2.38898
-997.521
-0.553079
2.38025
-997.64
-0.745594
2.356
-997.856
-0.857553
2.32465
-998.136
2.29059
-998.448
-0.309634
1.77481
-996.561
-0.578036
1.76607
-996.693
-0.777751
1.74429
-996.931
-0.892713
1.71627
-997.239
1.68619
-997.578
-0.322463
0.947763
-995.821
-0.600421
0.942339
-995.967
-0.806454
0.929492
-996.225
-0.923712
0.912936
-996.559
0.895297
-996.922
-0.329426
-995.413
-0.612448
-995.566
-0.821835
-995.836
-0.940105
-996.186
-996.563
-0.388072
3.76328
-998.134
-0.725296
3.75034
-998.283
-0.971395
3.71444
-998.556
-1.11147
3.66874
-998.897
3.62049
-999.275
-0.409358
3.32348
-996.672
-0.762048
3.30403
-996.841
-1.01809
3.25922
-997.145
-1.1613
3.20196
-997.527
3.14227
-997.941
-0.436326
2.49182
-995.293
-0.808186
2.47269
-995.49
-1.07683
2.43208
-995.836
-1.22328
2.38018
-996.271
2.32723
-996.733
-0.461093
1.33844
-994.207
-0.850012
1.32671
-994.432
-1.12998
1.30289
-994.816
-1.27816
1.27215
-995.303
1.24134
-995.805
-0.474912
-993.599
-0.872921
-993.841
-1.15928
-994.247
-1.30771
-994.765
-995.291
-0.53032
5.19201
-997.618
-0.987649
5.16298
-997.819
-1.30409
5.09768
-998.198
-1.4805
5.01442
-998.632
4.93286
-999.114
-0.570299
4.66093
-995.571
-1.05442
4.61805
-995.813
-1.38893
4.53443
-996.248
-1.56562
4.42691
-996.763
4.32306
-997.301
-0.623181
3.53945
-993.548
-1.14075
3.49728
-993.852
-1.4989
3.42104
-994.364
-1.67456
3.32183
-994.991
3.23051
-995.606
-0.672785
1.91568
-991.91
-1.21979
1.89
-992.278
-1.60002
1.84612
-992.861
-1.77005
1.78722
-993.598
1.735
-994.274
-0.700906
-990.983
-1.26294
-991.39
-1.65676
-992.008
-1.82146
-992.813
-993.519
-0.721026
7.19115
-997.094
-1.34759
7.12708
-997.344
-1.72924
7.00863
-997.903
-1.95093
6.84967
-998.397
6.71672
-998.989
-0.798445
6.61198
-994.193
-1.46915
6.51596
-994.531
-1.8901
6.36097
-995.179
-2.09289
6.14996
-995.86
5.97538
-996.518
-0.906405
5.10881
-991.139
-1.63104
5.01259
-991.625
-2.10352
4.87142
-992.403
-2.27951
4.67046
-993.335
4.52269
-994.093
-1.01056
2.79093
-988.582
-1.78025
2.73201
-989.228
-2.30494
2.65532
-990.121
-2.4364
2.53457
-991.331
2.45402
-992.132
-1.06999
-987.122
-1.85746
-987.871
-2.4195
-988.79
-2.51794
-990.181
-990.982
-0.959833
10.0167
-996.828
-1.85675
9.87387
-997.037
-2.22393
9.66911
-998.022
-2.52665
9.33793
-998.343
9.14741
-999.001
-1.11612
9.53568
-992.596
-2.07328
9.3112
-993.011
-2.5569
9.03711
-994.064
-2.74379
8.59053
-994.926
8.32857
-995.563
-1.34923
7.53691
-987.791
-2.37121
7.30265
-988.594
-2.99509
7.05982
-989.802
-3.03955
6.60584
-991.306
6.41671
-991.961
-1.58134
4.15948
-983.624
-2.64126
4.01206
-984.878
-3.42723
3.90389
-986.179
-3.26218
3.62102
-988.511
3.53656
-988.956
-1.71319
-981.25
-2.7541
-982.818
-3.67448
-983.966
-3.36836
-986.866
-987.099
-1.2029
14.1014
-997.71
-2.63508
13.7634
-997.408
-2.6418
13.4803
-999.752
-3.16118
12.6653
-998.899
12.5242
-999.354
-1.51457
14.0848
-991.065
-2.99735
13.5191
-991.284
-3.41724
13.1103
-993.274
-3.42549
12.0466
-994.299
11.7975
-994.221
-2.06164
11.4495
-983.094
-3.51285
10.8222
-984.446
-4.38423
10.5151
-986.335
-3.85195
9.30815
-989.1
9.30924
-988.56
-2.61567
6.37563
-975.934
-3.93874
5.95275
-978.686
-5.3795
5.95133
-980.174
-4.11281
5.1569
-985.627
5.25607
-983.736
-2.92425
-971.95
-4.05501
-975.734
-5.93258
-976.137
-4.22218
-983.419
-980.522
-1.42617
20.2594
-1001.87
-3.92291
19.4141
-999.681
-2.65968
19.318
-1006.16
-3.57025
16.9743
-1001.29
17.5328
-1000.26
-1.9288
21.5315
-990.409
-4.50538
19.9596
-989.253
-4.50224
19.6982
-993.657
-3.98946
16.869
-994.706
17.1868
-991.826
-3.22394
18.0748
-976.413
-5.28373
16.2103
-978.637
-6.64289
16.3788
-981.656
-4.59077
12.7192
-987.002
13.9643
-982.472
-4.62515
10.1048
-963.339
-6.00785
8.76122
-969.854
-8.94964
9.60431
-970.458
-4.86209
7.16661
-984.162
8.16242
-974.54
-5.32992
-956.516
-6.13802
-966.165
-10.1185
-962.552
-4.94399
-981.427
-968.716
-1.69103
29.4733
-1012.94
-6.16461
27.6096
-1005.88
-1.57989
28.3976
-1023.3
-2.67881
22.0923
-1008.26
25.6028
-1001.06
-2.21556
34.4437
-993.164
-7.06325
29.8823
-986.678
-5.97546
31.0927
-997.44
-4.67946
23.5411
-997.451
25.954
-987.259
-5.08327
29.9625
-966.849
-8.12238
24.2682
-969.983
-9.9977
27.0653
-975.753
-5.24647
15.9544
-984.167
21.7125
-971.212
-8.63228
16.5918
-941.336
-9.98809
12.408
-956.637
-15.4059
16.5206
-954.495
-5.3394
9.43392
-987.708
13.2637
-958.264
-10.1177
-929.806
-9.89624
-953.978
-17.7235
-938.204
-5.29852
-984.418
-947.62
-2.00132
42.089
-1036.82
-10.5982
38.9904
-1018.16
3.34309
41.7667
-1064.35
0.595983
26.9819
-1022.51
38.8131
-998.601
-1.48041
58.7148
-1008.31
-11.4283
45.6865
-983.426
-7.27193
51.8741
-1011.7
-6.11882
33.4069
-1005.03
40.6626
-977.634
-7.58473
53.006
-953.555
-13.2142
36.2189
-954.886
-13.8408
47.649
-970.901
-5.48777
17.1214
-976.234
34.8151
-949.797
-16.8926
28.0517
-899.489
-18.6019
16.4658
-935.175
-27.4373
30.3665
-928.377
-5.01553
10.7185
-1003.73
22.2797
-929.48
-19.9546
-881.799
-16.9362
-940.53
-31.7773
-892.997
-4.77827
-1000.7
-911.358
-1.71865
54.9312
-1082.2
-20.1012
53.3029
-1035.42
19.5152
59.8719
-1158.67
15.4931
28.39
-1050.53
60.5559
-976.133
7.00492
108.847
-1069.23
-16.9404
73.6222
-979.8
-5.59314
91.3441
-1054.52
-11.5282
48.3144
-1019.02
64.8253
-950.019
-9.36472
101.257
-936.6
-23.2551
52.9312
-920.305
-16.1372
88.0129
-974.688
-4.6337
11.7676
-951.19
55.8223
-907.233
-34.3823
48.3134
-812.163
-37.3672
18.9994
-898.258
-50.2404
58.2276
-885.718
-1.27916
3.67792
-1044.6
36.2544
-875.841
-40.0842
-793.402
-30.5436
-931.072
-60.2599
-805.053
1.85608
-1059.14
-852.451
-30.6263
67.0071
-1113.8
-57.9818
68.9486
-1067.38
60.8524
83.5797
-1383.82
23.4233
29.3673
-1043.26
81.5312
-914.126
-8.86973
138.1
-1131.45
-58.4356
82.7243
-944.01
-10.4454
146.515
-1165.45
-28.5765
56.022
-1027.54
94.371
-958.622
-33.2643
116.338
-881.573
-47.2291
49.062
-872.678
-8.97065
143.718
-1010.15
-21.9031
-8.01066
-874.225
83.0925
-880.378
-52.0046
54.1406
-697.961
-70.8106
-1.11146
-829.279
-84.6911
84.8466
-812.967
-3.07004
14.481
-1148.71
49.9947
-809.068
-59.8698
-679.391
-30.8344
-961.218
-63.6153
-687.425
-11.0594
-1097.21
-793.6
40.2867
19.6593
-1368.05
-102.552
134.525
-1042.06
200.191
102.579
-2020.83
210.184
-25.9122
-1314.18
232.757
-587.563
193.627
568.26
-1873.68
7.21481
305.722
-928.795
103.642
392.48
-1551.78
-61.369
165.764
-1054.21
165.633
-524.957
23.443
584.769
-921.524
-84.5742
138.431
-597.369
46.4208
426.128
-1174.79
104.643
-127.791
-638.892
193.641
-638.13
-214.222
265.548
-164.518
-196.946
9.76482
-717.888
-160.331
333.751
-757.204
128.013
-175.717
-1389.13
218.183
-508.081
-236.163
-177.68
-164.499
-1023.12
-273.763
-244.41
242.476
-1789.17
-350.553
-280.736
94.9033
-1080.52
-205.538
52.4763
-1220.57
262.218
111.838
-2767.91
81.5688
56.016
-1019.46
75.5436
-290.632
-184.148
28.2428
-1622.87
-272.819
32.5747
-820.223
-171.373
279.735
-1821.12
-99.3294
-77.8355
-992.398
121.581
-1039.18
-223.095
-82.6552
-587.531
-103.633
-66.8277
-617.429
-31.1151
249.88
-1217.46
-156.79
-145.864
-445.188
41.9661
-730.091
-15.2855
-103.144
-128.745
-179.156
-201.421
-419.425
-302.333
27.9293
-412.076
3.12526
224.838
-2065.29
-363.075
-244.572
-64.3912
-216.432
107.29
-1396.22
-94.806
-14.3837
-398.432
-1260.71
-1323.38
-8.6418
-29.9903
-1060.31
-215.05
11.5644
-1016.01
-44.8957
-18.7078
-3078.98
-6.79563
22.3084
-1115.81
31.1952
-131.89
68.9241
17.9049
-1739.69
-52.6299
3.1465
-690.251
32.7831
147.488
-2072.73
-283.516
16.6896
-670.48
2.01365
-841.339
4.53416
4.58548
-578.746
-20.7319
-6.06281
-582.953
-22.1936
46.5582
-1115.06
-7.92221
-103.009
-339.761
-8.34118
-712.885
-1.20503
2.84894
-125.803
0.316888
-8.49813
-418.511
20.3294
-0.111737
-385.418
58.094
-122.453
-2083.61
125.504
-257.384
-0.861827
-212.721
10.7801
-1416.36
-0.168212
-3.5473
211.147
-1594.47
-1095.59
531.597
259.394
-2012.54
181.599
-172.869
-452.389
-618.861
113.7
-2027.75
-491.504
-137.472
-1265.07
36.2711
-963.918
33.2896
149.747
-1663.33
556.76
41.2206
-1427.81
160.062
-255.389
-1306.94
21.4237
-54.397
-614.917
-41.2336
-10.787
174.058
67.454
-670.511
69.0375
-63.2518
-373.461
-63.8915
-278.358
-959.166
-13.4242
-166.879
-277.747
-26.4419
-703.005
-52.6333
-0.301151
-5.41456
39.8106
356.675
-930.882
33.9723
-6.39974
-651.538
48.5709
35.1695
-2300.26
5.67777
-416.04
207.769
-420.792
51.4235
-903.338
49.3084
-7.83203
134.139
-1644.13
-961.687
209.99
37.0458
-2398.93
20.5049
1.73142
-266.508
-26.1719
5.9683
-2030.05
-93.4715
-41.4863
-1150.14
-15.5305
-1294.95
335.936
-116.278
-1845.95
497.882
-35.3064
-1552.72
-114.33
-103.701
-585.059
-34.5655
20.4602
-756.628
-87.2147
-196.169
65.7038
2.53388
-855.026
185.952
-14.598
-514.417
42.5495
-269.532
-649.933
-100.371
-97.231
-17.1348
-67.9981
-1077.66
-43.1922
49.7237
-9.41217
80.7003
231.984
-1301.36
-234.92
-2.38177
-603.068
-13.1497
163.855
-2783.11
-353.516
-310.053
137.687
-508.755
-2.54899
-531.119
-0.701748
-12.0611
-497.44
-983.54
-1589.76
-895.311
152.636
-1114.92
12.0672
62.6592
-1366.26
211.09
247.642
-2717.08
-175.081
186.357
-735.484
131.008
-2376.09
69.9432
-343.64
-1419.61
-87.4878
-55.7757
-1276.85
-14.7773
95.2756
-505.403
34.7079
-72.066
-547.69
84.7852
-345.072
-27.6677
-20.7502
-1150.25
144.133
13.341
-755.334
-86.9101
-54.1095
-269.505
-166.112
392.213
-402.211
48.799
-781.074
81.562
11.8419
-123.566
114.983
-195.726
-1125.71
9.61677
-68.2835
-483.528
-16.3652
7.09537
-2372.01
-188.352
-18.5351
-89.6117
-407.301
-6.08254
-810.374
42.6828
-129.11
-287.122
-646.64
-1202.81
-187.962
-1.49291
-1026
-146.233
-189.453
-1553.27
-381.914
158.283
-2001.94
-513.838
43.9905
-649.183
-651.983
-2720.02
-35.9432
-22.4928
-1362.67
-205.226
-452.772
-844.251
67.6114
20.9611
-640.919
-61.1719
24.1673
-399.083
1.42586
-1001.13
-104.226
-126.224
-942.291
72.1593
57.2918
-1441.78
-17.4132
-2.54097
-156.431
-13.6958
415.099
-796.86
0.0344281
-763.427
83.0913
14.855
-347.737
-19.8403
-141.08
-824.407
312.833
-50.3605
-768.381
19.9714
137.908
-1801.96
103.767
-104.727
-154.19
-238.256
-428.238
-677.406
104.879
-712.587
-199.973
-203.881
-449.761
-196.12
-55.7941
-886.556
112.925
33.7805
-1937.03
-55.2786
-358.146
-1009.84
571.361
-36.9604
-1447.65
-486.473
-951.551
90.932
-339.42
-1169.98
-114.917
-437.108
-167.514
20.0342
-86.8092
-1047.21
110.826
-7.33855
-519.497
-366.572
-1193.97
-171.31
-198.517
-911.885
27.416
-248.859
-1828.76
55.3694
-168.908
-102.285
-99.08
-147.366
-502.383
-230.668
-732.963
-66.0781
31.6154
-511.791
-21.8711
114.256
-1231.73
56.7076
-144.043
-871.824
-17.1287
4.20729
-1879.7
33.5129
-403.515
-7.3226
-199.318
-122.573
-447.899
106.406
-1085.61
36.3745
-129.642
-153.307
512.853
169.286
-1768.95
460.78
211.508
-1788.68
-78.5901
-211.55
-417.577
-226.433
70.212
-989.608
248.335
-1389.31
-284.734
-222.792
-493.164
10.6295
-68.6668
-182.702
29.8056
-239.196
-1038.74
38.3792
-77.8718
-379.987
98.4623
-637.699
-370.682
-196.893
-567.102
-53.0963
379.104
-2594.11
3.34118
15.9397
-413.859
13.2118
-18.1594
-571.966
-92.2774
-22.4915
-230.226
-179.284
-299.174
-321.271
90.5825
-852.164
-115.653
-21.7102
-1039.79
-270.302
-79.9976
-1663.21
127.309
-1122.3
14.3473
-392.949
-79.9137
-263.056
0.190979
-1187.42
44.7737
-254.222
-251.771
1039.1
-430.995
-3439.02
-15.6486
-38.4745
-463.229
-23.4855
-113.756
-81.6493
-133.605
1.21161
-999.972
93.0046
-1283.26
60.9474
0.923919
-986.03
77.5499
289.794
-527.574
-27.8383
-483.092
-564.012
-1.2669
23.7079
-429.055
0.0593475
-596.793
578.888
8.15364
-1153.22
222.147
436.161
-2383.74
114.365
-15.8335
-773.335
83.9552
245.863
-763.712
-211.591
-25.9264
-81.3003
-163.84
-45.8805
-56.7369
-5.91636
-434.65
101.822
-240.869
-973.314
-440.077
-125.945
-749.505
-142.532
-1674.86
76.6228
-633.411
-164.072
-28.2777
-82.9074
-1509.46
-158.368
-304.707
-955.913
-331.178
-281.734
-2957.78
67.0319
75.613
-1122.37
61.9523
2.68137
-35.3926
451.679
118.114
-2303.16
-144.096
-45.8244
109.798
-235.127
-1142.43
128.047
390.203
-860.413
-63.1759
-10.7421
-359.366
114.718
206.012
-694.846
-78.9012
-939.354
1148.58
-502.319
-2034.61
-179.905
-229.046
-436.006
-54.9693
74.3835
-983.396
-51.2819
6.75812
-568.146
-154.579
-44.0404
107.38
175.572
-831.152
189.713
-49.9937
-696.036
-49.9301
103.811
-763.098
-293.238
27.0159
-526.454
-193.956
-1894.43
27.3431
-485.182
300.174
-351.102
91.147
-1196.62
-77.2721
-109.272
-1361.35
-716.175
-68.402
-2230.57
58.3453
-195.131
-2182.82
85.5992
-25.8991
-56.9839
-77.1405
-427.235
-1570.35
-32.2444
-25.0644
-107.973
-104.166
-998.699
40.5234
-56.7447
-1147.29
18.6231
-73.4769
-289.887
313.11
-98.5132
-1318.05
-183.582
-491.466
-253.374
-806.645
-1078.75
29.8042
45.0243
-820.954
-15.9712
-37.9944
-973.103
1.62951
12.9073
-697.167
270.008
-529.716
-32.3294
-626.755
-978.713
105.373
-79.4274
-709.287
51.9343
-212.867
-534.787
117.174
-88.3872
-490.399
89.1102
-1283.36
-41.743
-1070.19
-128.801
-343.472
-22.6942
-1515.59
182.596
-402.949
-1014.78
-706.349
-279.138
-923.635
-94.8456
-58.048
-2793.75
-3.50556
-5.27011
-207.898
0.601187
-4.06038
-1685.24
1.24802
-409.872
99.5944
-203.578
-1173.85
52.2783
-3.09189
-1154.94
-16.8167
-106.916
-119.146
53.8729
-8.88389
-1383.92
-70.7316
-319.221
53.934
10.857
-1347.12
117.653
91.0627
-978.828
-98.9041
-138.963
-724.499
-42.9864
-53.2208
-708.747
-24.5338
-658.233
-23.85
-302.419
-641.587
-38.9699
-30.139
-572.966
31.3109
-313.718
-430.313
52.7947
-240.214
-324.89
-139.075
-954.947
-100.657
-1271.96
-151.397
-322.871
2.34585
-1983.05
130.467
-771.284
-1091.72
-134.637
-47.1412
-556.577
-257.888
99.7162
-2458.64
-90.203
-8.19518
-406.82
271.741
35.1396
-2349.12
-111.279
-761.89
-19.8434
-283.731
-917.42
3.50058
-21.2843
-1057.28
-1.64504
9.82882
-132.025
-111.699
80.3418
-1319.07
54.0752
-577.181
264.812
-77.3085
-1818.36
40.0602
-83.9262
-691.434
-1.96295
-35.5223
-637.125
4.33027
-32.0038
-602.695
-87.3484
-517.085
22.3423
203.097
-944.336
61.7669
-26.011
-670.306
42.68
267.266
-714.015
31.5806
-28.3033
-317.491
-16.5046
-1175.85
-111.595
-957.263
136.795
-597.272
-56.1495
-1522.84
-144.163
-711.573
-1215.75
302.868
65.4533
-1147.54
0.355115
-290.369
-1660.95
270.104
0.453793
-699.347
-54.8929
-424.665
-1141.88
-75.8358
-784.563
-37.7268
232.831
-1047.07
-95.42
-293.952
-996.002
101.66
73.9817
-402.633
28.2353
-431.465
-1238.84
18.2763
-729.834
-390.474
-104.802
-1090.25
-211.1
-106.777
-1057.98
-19.216
210.778
-965.805
30.5905
-88.8195
-995.147
257.45
-889.25
-135.986
-150.383
-762.768
-66.6362
-63.6117
-782.82
35.9885
234.107
-839.969
219.851
-9.85601
-580.318
137.522
-997.923
0.26077
-1107.91
73.5981
-734.221
12.9812
-1228.12
165.803
-874.251
-1038.89
-19.5713
-6.62806
-1011.79
-155.6
-99.07
-1246.74
-2.42544
-53.1155
-873.035
61.705
-86.2953
-1184.76
-84.6912
-937.604
-43.4752
-45.3895
-964.835
-40.0322
-107.977
-990.538
149.752
117.608
-763.141
46.2707
-146.307
-1075.35
41.5465
-892.504
-14.1949
-69.4512
-1051.99
-29.1105
-153.188
-997.857
-0.298077
56.5192
-933.528
-5.1889
-186.984
-949.579
31.9943
-919.084
13.569
57.7168
-903.505
9.14114
-52.6555
-878.925
26.7778
109.997
-911.084
122.786
-21.0191
-842.291
35.8389
-986.878
-45.5179
-1004.67
52.7478
-885.142
-0.713858
-1064.66
11.1384
-907.123
-1020.06
17.279
-3.76418
-1010.21
-30.6911
-54.9538
-1089.72
41.3731
-22.7419
-939.849
20.8561
-73.8778
-1080.92
-38.7536
-969.709
-3.32078
-7.72474
-957.553
-6.93939
-57.4015
-984.471
66.7955
27.8846
-887.502
24.9148
-87.5361
-1019.81
-2.67682
-944.783
-21.6052
-30.2966
-1007.82
-22.2854
-63.0347
-991.544
7.87073
23.4889
-959.289
13.16
-66.1976
-976.207
15.417
-960.702
0.275721
7.75614
-941.834
8.60826
-19.2502
-931.042
22.5557
43.8513
-945.394
54.4671
-14.3583
-926.041
18.4264
-980.742
-12.2943
-984.622
20.718
-937.405
5.70256
-1005.79
25.66
-941.438
-998.203
6.96832
-11.0677
-998.251
-6.87178
-28.4982
-1029.12
28.9072
-16.6336
-969.242
15.3491
-41.3146
-1032.77
-25.2412
-985.197
4.93616
-6.97372
-966.584
3.54875
-27.1751
-984.407
37.5425
4.51094
-942.641
18.2429
-40.5776
-1001.25
-8.37809
-971.452
-5.28801
-16.8998
-992.602
-4.17626
-32.2134
-987.618
11.2354
3.66665
-973.856
11.7837
-34.0082
-983.325
-1.11905
-978.535
2.41815
0.854085
-962.006
7.76763
-9.80484
-958.8
15.9956
13.6673
-963.623
27.524
-10.3017
-961.277
4.04446
-981.856
-3.52108
-980.247
11.3157
-962.047
6.91905
-987.73
18.7659
-963.587
-990.138
5.58785
-9.55771
-993.125
2.35999
-16.0884
-1005.96
20.1871
-12.6269
-981.854
12.5729
-23.2222
-1009.88
-17.8454
-992.355
5.8652
-5.62809
-976.378
5.00512
-13.953
-985.683
22.3156
-3.27758
-969.301
13.4614
-20.6942
-994.923
-9.90305
-985.015
0.0181207
-10.3829
-987.866
2.10203
-16.6745
-986.98
10.1759
-3.54762
-981.66
10.386
-17.4593
-986.77
-6.92614
-986.127
2.77298
-1.14192
-974.02
6.09439
-5.26849
-973.528
11.4835
2.56913
-975.129
16.0765
-6.26759
-977.061
-1.3077
-985.385
0.250873
-981.64
7.59572
-974.661
6.7837
-984.349
13.5474
-976.619
-988.462
4.55465
-7.48033
-991.723
3.96771
-9.95229
-996.945
14.1491
-9.49122
-988.493
10.6375
-13.8049
-1000.1
-13.0449
-995.93
4.5845
-4.66633
-983.777
4.94831
-7.99345
-988.005
13.771
-4.72561
-982.889
10.2417
-11.8137
-993.385
-9.30208
-991.678
1.82978
-6.76498
-987.597
3.5702
-8.97495
-987.74
8.5625
-5.28168
-986.096
8.83457
-9.6289
-989.227
-6.99467
-990.276
2.44315
-1.4693
-981.759
4.94393
-3.06269
-981.942
8.3664
-0.972451
-982.861
10.4943
-3.88157
-984.937
-2.56647
-988.769
1.18703
-984.296
5.59598
-982.133
5.96696
-985.693
9.7397
-984.273
-989.281
3.53181
-5.57232
-991.94
4.44097
-6.54986
-993.947
9.96743
-6.91419
-992.156
8.95247
-8.82686
-996.904
-9.55511
-997.561
3.24871
-3.89966
-988.698
4.36151
-5.24717
-990.421
8.91008
-4.74726
-989.605
8.05228
-7.58333
-993.771
-7.72862
-994.788
2.07081
-4.48375
-989.084
3.70529
-5.17448
-989.447
6.76077
-4.46143
-989.438
7.29631
-5.89097
-991.455
-5.67492
-992.942
2.01201
-1.4725
-986.783
4.0303
-2.0459
-987.089
6.17962
-1.59333
-987.879
7.39461
-2.64138
-989.401
-2.59299
-991.512
1.47096
-987.24
4.15895
-986.866
5.121
-988.248
7.05016
-988.843
-991.137
2.62793
-4.06402
-993.051
4.14388
-4.53407
-993.93
7.04251
-5.04821
-994.342
7.32673
-6.10115
-996.645
-6.99544
-998.238
2.28808
-3.32086
-991.73
3.69648
-3.89926
-992.465
6.12537
-4.15165
-992.931
6.43742
-5.29711
-994.887
-5.89817
-996.311
1.80097
-3.04082
-991.166
3.29675
-3.308
-991.535
5.13971
-3.36165
-992.071
5.79693
-3.98771
-993.422
-4.28268
-994.765
1.64009
-1.32229
-990.141
3.226
-1.53683
-990.446
4.66107
-1.54685
-991.128
5.48242
-1.96029
-992.25
-2.14598
-993.641
1.42632
-989.989
3.1534
-990.13
4.2564
-990.898
5.22963
-991.777
-993.146
1.92894
-3.05222
-994.475
3.45353
-3.33502
-995.006
5.07646
-3.77775
-995.777
5.6911
-4.44286
-997.205
-5.13958
-998.627
1.67309
-2.71441
-993.741
3.02453
-2.97638
-994.175
4.43412
-3.28824
-994.83
4.9964
-3.86007
-996.032
-4.37464
-997.249
1.43645
-2.18083
-993.136
2.70956
-2.32955
-993.454
3.88959
-2.50185
-994.037
4.47661
-2.8595
-995.01
-3.17461
-996.086
1.31198
-1.09481
-992.539
2.53823
-1.18817
-992.813
3.56266
-1.27269
-993.382
4.15979
-1.47365
-994.233
-1.64065
-995.245
1.22218
-992.306
2.43849
-992.535
3.36334
-993.095
3.97396
-993.861
-994.83
1.42509
-2.37305
-995.775
2.66523
-2.55548
-996.153
3.72211
-2.86937
-996.826
4.27912
-3.30469
-997.828
-3.79176
-998.937
1.25399
-2.12436
-995.243
2.35449
-2.27331
-995.558
3.29212
-2.5094
-996.127
3.79308
-2.85796
-996.98
-3.23067
-997.93
1.11557
-1.62596
-994.749
2.1192
-1.72144
-995.01
2.95074
-1.87091
-995.507
3.42154
-2.10123
-996.237
-2.34551
-997.072
1.02943
-0.854622
-994.34
1.97114
-0.905858
-994.57
2.72862
-0.980602
-995.029
3.17915
-1.1003
-995.684
-1.22506
-996.45
0.979626
-994.14
1.8905
-994.351
2.60482
-994.79
3.04564
-995.402
-996.13
1.05483
-1.8593
-996.82
1.99406
-1.97814
-997.099
2.74605
-2.18788
-997.621
3.18576
-2.47414
-998.352
-2.80267
-999.188
0.942962
-1.64381
-996.402
1.78567
-1.73862
-996.64
2.46152
-1.90175
-997.089
2.85801
-2.12894
-997.721
-2.38607
-998.446
0.854534
-1.23238
-996.015
1.62375
-1.29611
-996.221
2.23698
-1.40491
-996.617
2.60239
-1.55885
-997.172
-1.73255
-997.813
0.795883
-0.654214
-995.714
1.51614
-0.686962
-995.899
2.0858
-0.741791
-996.262
2.43028
-0.820317
-996.767
-0.908417
-997.354
0.763596
-995.557
1.45769
-995.732
2.00307
-996.077
2.33629
-996.555
-997.114
0.779886
-1.4503
-997.625
1.47826
-1.52803
-997.833
2.02836
-1.66594
-998.224
2.36282
-1.85403
-998.764
-2.07244
-999.387
0.706959
-1.26665
-997.292
1.34103
-1.32901
-997.473
1.84098
-1.43862
-997.816
2.1449
-1.58908
-998.29
-1.76295
-998.838
0.648911
-0.93917
-996.991
1.23223
-0.982012
-997.151
1.69166
-1.05699
-997.457
1.97202
-1.16056
-997.88
-1.28003
-998.371
0.609333
-0.498659
-996.763
1.15797
-0.520551
-996.909
1.58921
-0.558625
-997.191
1.85347
-0.611391
-997.58
-0.672135
-998.032
0.587559
-996.643
1.11722
-996.782
1.53288
-997.051
1.78836
-997.422
-997.853
0.575627
-1.12328
-998.235
1.09209
-1.17423
-998.388
1.49763
-1.26448
-998.679
1.74887
-1.3878
-999.078
-1.532
-999.541
0.528125
-0.972374
-997.971
1.00219
-1.01369
-998.107
1.37462
-1.0865
-998.366
1.60496
-1.18624
-998.722
-1.3025
-999.135
0.489851
-0.716067
-997.737
0.92984
-0.744833
-997.86
1.27542
-0.795419
-998.094
1.48926
-0.86485
-998.415
-0.945665
-998.789
0.46334
-0.379474
-997.563
0.87964
-0.394232
-997.676
1.20649
-0.420063
-997.893
1.40893
-0.455551
-998.191
-0.496824
-998.538
0.448576
-997.471
0.851747
-997.579
1.16817
-997.788
1.36429
-998.074
-998.406
0.424318
-0.863923
-998.692
0.805425
-0.897351
-998.805
1.10489
-0.956257
-999.02
1.2925
-1.03696
-999.315
-1.13175
-999.659
0.393395
-0.743414
-998.485
0.746705
-0.770786
-998.587
1.02433
-0.818879
-998.781
1.19787
-0.884771
-999.047
-0.96191
-999.358
0.368214
-0.545019
-998.304
0.698866
-0.56429
-998.397
0.958711
-0.598038
-998.575
1.12103
-0.644291
-998.818
-0.698371
-999.102
0.350546
-0.288276
-998.17
0.665318
-0.29819
-998.257
0.912682
-0.315504
-998.423
1.06719
-0.339262
-998.651
-0.367031
-998.916
0.340588
-998.1
0.646423
-998.183
0.88673
-998.343
1.03684
-998.563
-998.819
0.312551
-0.660252
-999.032
0.593426
-0.682217
-999.116
0.814513
-0.72063
-999.275
0.953968
-0.773359
-999.492
-0.835399
-999.747
0.292424
-0.565958
-998.871
0.555114
-0.584105
-998.948
0.761852
-0.615736
-999.093
0.89201
-0.659082
-999.292
-0.709981
-999.524
0.275872
-0.41372
-998.732
0.523624
-0.426582
-998.802
0.71864
-0.448924
-998.936
0.841277
-0.479565
-999.12
-0.515467
-999.335
0.26417
-0.218489
-998.63
0.501385
-0.225135
-998.696
0.688098
-0.236658
-998.822
0.805498
-0.252474
-998.996
-0.271013
-999.198
0.257475
-998.576
0.488661
-998.64
0.670609
-998.762
0.785
-998.93
-999.126
0.230082
-0.50189
-999.285
0.436962
-0.516342
-999.347
0.60009
-0.541397
-999.464
0.703386
-0.575801
-999.625
-0.616218
-999.812
0.216985
-0.429138
-999.161
0.411967
-0.441156
-999.218
0.565721
-0.461875
-999.326
0.663005
-0.490325
-999.475
-0.523781
-999.648
0.206132
-0.313101
-999.054
0.391326
-0.321653
-999.107
0.537338
-0.336379
-999.208
0.629637
-0.356592
-999.347
-0.380298
-999.508
0.19843
-0.165169
-998.976
0.376654
-0.169624
-999.026
0.517169
-0.177243
-999.122
0.605988
-0.187704
-999.253
-0.199988
-999.407
0.19393
-998.935
0.368126
-998.984
0.505444
-999.077
0.592228
-999.205
-999.354
0.16927
-0.379803
-999.473
0.321595
-0.389314
-999.518
0.441892
-0.405623
-999.605
0.518282
-0.42804
-999.723
-0.454326
-999.862
0.160758
-0.324209
-999.378
0.305321
-0.332136
-999.42
0.419493
-0.345681
-999.5
0.492016
-0.364323
-999.611
-0.38624
-999.74
0.153688
-0.236228
-999.296
0.291822
-0.241912
-999.336
0.400887
-0.251583
-999.412
0.470144
-0.264865
-999.515
-0.280471
-999.637
0.148628
-0.124536
-999.237
0.282178
-0.127508
-999.275
0.387624
-0.132514
-999.347
0.454559
-0.139393
-999.446
-0.147478
-999.562
0.145615
-999.206
0.27649
-999.243
0.379799
-999.313
0.445366
-999.41
-999.523
0.124504
-0.286267
-999.612
0.236594
-0.292535
-999.645
0.325193
-0.303128
-999.709
0.381573
-0.317676
-999.796
-0.334705
-999.898
0.118972
-0.24409
-999.539
0.226022
-0.249328
-999.571
0.310647
-0.258169
-999.63
0.364559
-0.270328
-999.712
-0.28461
-999.808
0.114367
-0.177709
-999.477
0.217209
-0.18148
-999.507
0.298509
-0.187801
-999.563
0.350305
-0.196497
-999.641
-0.206748
-999.732
0.11105
-0.0936448
-999.432
0.210902
-0.0956139
-999.461
0.289818
-0.0988931
-999.515
0.340062
-0.1034
-999.59
-0.108703
-999.677
0.109046
-999.409
0.207115
-999.436
0.284608
-999.489
0.333932
-999.562
-999.648
0.091577
-0.214983
-999.714
0.174015
-0.219138
-999.739
0.239167
-0.226014
-999.785
0.280724
-0.23539
-999.849
-0.246352
-999.925
0.0879675
-0.183184
-999.659
0.167154
-0.18666
-999.682
0.229786
-0.192408
-999.727
0.26977
-0.200294
-999.787
-0.209567
-999.859
0.0849558
-0.133309
-999.612
0.161422
-0.1358
-999.634
0.221911
-0.139921
-999.677
0.260522
-0.145599
-999.734
-0.152323
-999.802
0.0827972
-0.0702173
-999.578
0.157307
-0.0715218
-999.599
0.216232
-0.0736688
-999.64
0.253801
-0.0766177
-999.696
-0.0800959
-999.762
0.0814668
-999.56
0.154784
-999.581
0.21276
-999.621
0.24971
-999.676
-999.74
0.0673385
-0.160959
-999.789
0.127967
-0.163715
-999.807
0.175917
-0.168159
-999.842
0.20663
-0.174202
-999.889
-0.181319
-999.944
0.0649855
-0.137094
-999.748
0.123535
-0.139394
-999.765
0.16987
-0.143123
-999.798
0.199516
-0.148238
-999.843
-0.154294
-999.895
0.0630242
-0.0997314
-999.713
0.119817
-0.101381
-999.729
0.164761
-0.10407
-999.76
0.193477
-0.107778
-999.804
-0.112194
-999.854
0.0616204
-0.0525119
-999.687
0.117132
-0.0533763
-999.703
0.161049
-0.0547803
-999.733
0.18906
-0.0567168
-999.775
-0.0590038
-999.824
0.0607389
-999.673
0.11545
-999.689
0.158725
-999.719
0.18632
-999.76
-999.808
0.0494928
-0.120217
-999.845
0.0940992
-0.12202
-999.858
0.129485
-0.124868
-999.883
0.152227
-0.128815
-999.918
-0.133526
-999.959
0.0479853
-0.10236
-999.814
0.0912605
-0.103882
-999.826
0.125539
-0.106301
-999.85
0.147514
-0.10964
-999.884
-0.11364
-999.923
0.0467133
-0.0744431
-999.787
0.0888505
-0.0755428
-999.799
0.122203
-0.0772984
-999.823
0.14352
-0.0797289
-999.855
-0.0826398
-999.892
0.0457969
-0.0391847
-999.768
0.0870979
-0.0397527
-999.78
0.119768
-0.040673
-999.802
0.140605
-0.0419553
-999.834
-0.0434721
-999.87
0.0452176
-999.758
0.0859718
-999.769
0.118199
-999.792
0.138753
-999.823
-999.859
0.0363865
-0.0896093
-999.885
0.0692026
-0.0907823
-999.895
0.0953153
-0.0926076
-999.914
0.112089
-0.0952183
-999.939
-0.0983594
-999.969
0.0354315
-0.076293
-999.862
0.067383
-0.0773066
-999.871
0.0927072
-0.0788758
-999.889
0.108948
-0.0810651
-999.914
-0.0837167
-999.943
0.0346052
-0.0554783
-999.842
0.0658222
-0.0562132
-999.851
0.0905188
-0.0573613
-999.869
0.106292
-0.0589587
-999.893
-0.060875
-999.921
0.0340066
-0.0291902
-999.828
0.0646759
-0.0295619
-999.837
0.0889178
-0.0301701
-999.854
0.104369
-0.0310239
-999.877
-0.0320345
-999.904
0.0336264
-999.82
0.0639157
-999.829
0.0878536
-999.846
0.10311
-999.869
-999.896
0.0267737
-0.0667053
-999.915
0.0508797
-0.0674827
-999.923
0.0700638
-0.0686674
-999.936
0.0823529
-0.0703864
-999.955
-0.0724533
-999.978
0.0261569
-0.0568001
-999.898
0.0496975
-0.0574765
-999.905
0.0683448
-0.0584916
-999.918
0.0802911
-0.0599153
-999.937
-0.0616489
-999.958
0.025622
-0.0412969
-999.883
0.0486889
-0.0417866
-999.89
0.0669222
-0.0425345
-999.903
0.0785508
-0.0435743
-999.921
-0.0448159
-999.942
0.0252324
-0.0217178
-999.873
0.0479416
-0.021963
-999.879
0.0658806
-0.0223651
-999.892
0.077301
-0.0229263
-999.909
-0.0235846
-999.93
0.0249807
-999.867
0.0474273
-999.873
0.065164
-999.886
0.0764574
-999.903
-999.923
0.019693
-0.0496147
-999.938
0.0373577
-0.0501361
-999.943
0.051374
-0.0509089
-999.953
0.060321
-0.0520029
-999.967
-0.0532927
-999.984
0.0192913
-0.0422423
-999.925
0.0365867
-0.0426861
-999.93
0.0502762
-0.0433323
-999.94
0.0590389
-0.0442294
-999.953
-0.0453197
-999.969
0.0189528
-0.0307004
-999.914
0.0359448
-0.0310197
-999.919
0.0493796
-0.0314961
-999.928
0.0579509
-0.0321535
-999.942
-0.0329298
-999.957
0.0187065
-0.0161381
-999.906
0.0354679
-0.0163032
-999.911
0.0487199
-0.0165636
-999.92
0.0571705
-0.0169193
-999.933
-0.0173253
-999.948
0.0185368
-999.902
0.0351243
-999.906
0.048248
-999.916
0.0566281
-999.928
-999.943
0.0144552
-0.036853
-999.955
0.0273781
-0.0371925
-999.958
0.0376032
-0.0376829
-999.966
0.0441424
-0.0383396
-999.976
-0.039089
-999.988
0.0142061
-0.0313567
-999.945
0.026891
-0.0316356
-999.949
0.0369427
-0.0320341
-999.956
0.0433992
-0.0325791
-999.966
-0.0332286
-999.977
0.0140038
-0.0227738
-999.937
0.0264949
-0.0229739
-999.94
0.0363977
-0.0232672
-999.947
0.0427549
-0.023669
-999.957
-0.0241298
-999.968
0.0138568
-0.011973
-999.931
0.0262007
-0.0120901
-999.934
0.0359929
-0.0122527
-999.941
0.0422917
-0.0124678
-999.951
-0.012698
-999.962
0.0137365
-999.927
0.0259769
-999.931
0.035692
-999.938
0.0419612
-999.947
-999.958
0.010591
-0.0273072
-999.967
0.0200516
-0.0275162
-999.97
0.0275466
-0.0278096
-999.975
0.032363
-0.0281816
-999.983
-0.028599
-999.991
0.0104486
-0.0232118
-999.96
0.0197597
-0.0233808
-999.962
0.0271676
-0.0236229
-999.968
0.031954
-0.0239544
-999.975
-0.0243234
-999.984
0.0103351
-0.0168477
-999.954
0.0195202
-0.0169721
-999.956
0.0268379
-0.0171486
-999.961
0.0315907
-0.01739
-999.969
-0.0176451
-999.977
0.0102499
-0.00887124
-999.949
0.0193434
-0.00895919
-999.952
0.0265949
-0.00905713
-999.957
0.031332
-0.00918098
-999.964
-0.00929695
-999.972
0.0101588
-999.947
0.0192011
-999.949
0.0264085
-999.954
0.03114
-999.961
-999.97
0.00775538
-0.0201867
-999.976
0.0147066
-0.0203119
-999.978
0.0202354
-0.02048
-999.982
0.0238043
-0.0206984
-999.987
-0.0209412
-999.994
0.00767734
-0.0171417
-999.971
0.0145357
-0.0172487
-999.973
0.0200166
-0.0174008
-999.977
0.0235561
-0.0176139
-999.982
-0.0178061
-999.988
0.00761161
-0.0124418
-999.966
0.0143858
-0.0125227
-999.968
0.0198072
-0.01263
-999.972
0.023357
-0.0127766
-999.977
-0.012906
-999.983
0.00755953
-0.00656959
-999.963
0.014279
-0.00663531
-999.965
0.0196609
-0.00669371
-999.969
0.0232254
-0.00676417
-999.974
-0.00682115
-999.98
0.00749095
-999.961
0.0141882
-999.963
0.0195439
-999.967
0.0231118
-999.972
-999.978
0.00567862
-0.014914
-999.983
0.010805
-0.0149967
-999.984
0.0148834
-0.0151007
-999.987
0.0174725
-0.0152484
-999.991
-0.0153951
-999.996
0.00563328
-0.0126564
-999.979
0.0107029
-0.0127335
-999.98
0.0147577
-0.0128355
-999.983
0.0173258
-0.012979
-999.987
-0.0130671
-999.992
0.00558673
-0.00919215
-999.975
0.0105989
-0.00924889
-999.977
0.014612
-0.00931921
-999.98
0.0172253
-0.00941481
-999.984
-0.00948762
-999.988
0.00555154
-0.0048646
-999.973
0.0105291
-0.00491032
-999.974
0.0145165
-0.00494878
-999.977
0.0171557
-0.00499643
-999.981
-0.00504003
-999.986
0.00550413
-999.972
0.0104663
-999.973
0.0144337
-999.976
0.0170725
-999.98
-999.984
0.00416377
-0.0110418
-999.987
0.00794075
-0.011109
-999.989
0.0109077
-0.0111836
-999.991
0.0127701
-0.0112997
-999.994
-0.011392
-999.997
0.0041315
-0.00936852
-999.985
0.00787822
-0.00943202
-999.986
0.0108595
-0.00950795
-999.988
0.0127002
-0.009613
-999.991
-0.0096466
-999.994
0.00408942
-0.00680872
-999.982
0.00779362
-0.00685384
-999.983
0.0107449
-0.00691005
-999.985
0.0126303
-0.00698877
-999.988
-0.00705564
-999.992
0.00406001
-0.00360322
-999.98
0.007737
-0.00363346
-999.981
0.0106682
-0.00366538
-999.984
0.0125683
-0.0037081
-999.986
-0.00375551
-999.99
0.00402855
-999.979
0.00768707
-999.98
0.0105996
-999.983
0.0124927
-999.985
-999.989
0.00307294
-0.00821264
-999.991
0.00584617
-0.0082743
-999.992
0.0079899
-0.00833587
-999.993
0.00929943
-0.0084083
-999.995
-0.0084544
-999.998
0.00303972
-0.00696261
-999.989
0.00579578
-0.00702071
-999.99
0.00796912
-0.00709116
-999.991
0.00929647
-0.00718429
-999.993
-0.00723473
-999.996
0.00299505
-0.00506203
-999.987
0.00571635
-0.0051046
-999.988
0.00787128
-0.00516071
-999.989
0.00921638
-0.00523823
-999.991
-0.00531495
-999.994
0.002962
-0.00267333
-999.986
0.00565902
-0.00269425
-999.986
0.00779708
-0.00272299
-999.988
0.00914226
-0.00276096
-999.99
-0.00280056
-999.993
0.00294008
-999.985
0.00561734
-999.986
0.00774171
-999.987
0.00908033
-999.989
-999.992
0.00229256
-0.00612968
-999.994
0.00434378
-0.00618888
-999.994
0.0059283
-0.00625899
-999.995
0.00686162
-0.00631722
-999.997
-0.00636858
-999.998
0.00225356
-0.00518625
-999.992
0.00427474
-0.00524321
-999.993
0.00586476
-0.00532017
-999.994
0.00683121
-0.00541253
-999.995
-0.00550537
-999.997
0.00220306
-0.00377283
-999.991
0.00419377
-0.00381522
-999.991
0.00577262
-0.00387178
-999.992
0.00674402
-0.00393953
-999.994
-0.00400774
-999.996
0.00216623
-0.00198773
-999.99
0.00413741
-0.00200235
-999.99
0.00570655
-0.00202413
-999.991
0.00667487
-0.00204628
-999.993
-0.00206308
-999.994
0.00215083
-999.989
0.0041074
-999.99
0.00567194
-999.991
0.00664089
-999.992
-999.994
0.00171736
-0.00455687
-999.996
0.00325471
-0.00461139
-999.996
0.00445115
-0.00469206
-999.997
0.00520549
-0.0047713
-999.998
-0.00489971
-999.999
0.00167777
-0.00385113
-999.994
0.00317094
-0.00390277
-999.995
0.00435453
-0.00397693
-999.996
0.00509766
-0.00405539
-999.997
-0.00415327
-999.998
0.00163053
-0.00280451
-999.993
0.00309419
-0.00284019
-999.994
0.00427376
-0.00288547
-999.994
0.00500894
-0.00292572
-999.996
-0.00297175
-999.997
0.00160058
-0.00147561
-999.992
0.0030531
-0.001485
-999.993
0.00423371
-0.0014954
-999.994
0.00497208
-0.00149458
-999.995
-0.00149553
-999.996
0.00159107
-999.992
0.00303718
-999.992
0.00421972
-999.993
0.00496781
-999.994
-999.995
0.00126739
-0.00333446
-999.997
0.00241664
-0.00338266
-999.997
0.00336695
-0.00346584
-999.998
0.00398735
-0.00355333
-999.999
-0.00363628
-1000
0.00124999
-0.00283289
-999.996
0.00236418
-0.00286409
-999.996
0.00327457
-0.00290912
-999.997
0.00383821
-0.00293406
-999.998
-0.00300895
-999.999
0.00121467
-0.00206505
-999.995
0.00230422
-0.00208591
-999.995
0.00321423
-0.00211313
-999.996
0.00381029
-0.00211315
-999.997
-0.00214087
-999.998
0.00120112
-0.00108955
-999.995
0.00229016
-0.00109427
-999.995
0.00320092
-0.00109245
-999.995
0.00380335
-0.00107749
-999.996
-0.00108202
-999.997
0.00119228
-999.994
0.0022831
-999.995
0.00320029
-999.995
0.00379376
-999.996
-999.997
0.000911978
-0.0024045
-999.998
0.00177836
-0.00241501
-999.998
0.00252501
-0.00245376
-999.999
0.00307668
-0.00250439
-999.999
-0.00255863
-1000
0.000922976
-0.00206382
-999.997
0.00177497
-0.00207048
-999.997
0.00248497
-0.0020784
-999.998
0.00293881
-0.0020531
-999.998
-0.0021043
-999.999
0.000908393
-0.00151018
-999.997
0.00174358
-0.00151752
-999.997
0.00244995
-0.00152046
-999.997
0.0029489
-0.00150838
-999.998
-0.00153199
-999.998
0.000907636
-0.000801282
-999.996
0.00174788
-0.00080721
-999.996
0.00246128
-0.000800467
-999.997
0.00294208
-0.000788094
-999.997
-0.000803765
-999.998
0.000904701
-999.996
0.00174922
-999.996
0.00246156
-999.997
0.0029226
-999.997
-999.998
0.000664973
-0.00173373
-999.998
0.00132566
-0.00171666
-999.998
0.00187719
-0.00170498
-999.999
0.00239649
-0.00172383
-999.999
-0.00176905
-1000
0.000686164
-0.00152635
-999.998
0.00135151
-0.00152368
-999.998
0.00189316
-0.00150943
-999.998
0.00231178
-0.00148954
-999.999
-0.00148997
-999.999
0.000691546
-0.00113057
-999.998
0.0013451
-0.00113514
-999.998
0.00189443
-0.00112493
-999.998
0.00230757
-0.00112492
-999.998
-0.00114351
-999.999
0.000694772
-0.000611419
-999.997
0.00135548
-0.000615266
-999.998
0.00191067
-0.00060586
-999.998
0.00228374
-0.000607241
-999.998
-0.000626747
-999.999
0.000688091
-999.997
0.00135986
-999.997
0.00190932
-999.998
0.00224983
-999.998
-999.999
0.000521456
-0.0013506
-999.999
0.00101494
-0.00133083
-999.999
0.00143845
-0.00129882
-999.999
0.00185714
-0.00128927
-999.999
-0.00133911
-1000
0.000533443
-0.00121442
-999.999
0.00104824
-0.0012167
-999.999
0.00148683
-0.00119211
-999.999
0.00182767
-0.00118432
-999.999
-0.00115916
-1000
0.000537164
-0.000918176
-999.998
0.00106146
-0.000924186
-999.999
0.00149727
-0.000906132
-999.999
0.00181474
-0.000910181
-999.999
-0.000923894
-999.999
0.000535098
-0.000501729
-999.998
0.00107357
-0.000501725
-999.998
0.00151013
-0.000489102
-999.999
0.00178832
-0.000498487
-999.999
-0.000521621
-999.999
0.000535114
-999.998
0.00107948
-999.998
0.0015083
-999.999
0.00175945
-999.999
-999.999
0.000434142
-0.00120653
-999.999
0.000792932
-0.00121113
-999.999
0.00112524
-0.00116418
-999.999
0.0013702
-0.00108671
-1000
-0.00104448
-1000
0.000432041
-0.00108453
-999.999
0.000829096
-0.00108704
-999.999
0.00118138
-0.00104963
-999.999
0.00147311
-0.00102234
-1000
-0.00099159
-1000
0.000430601
-0.000822909
-999.999
0.000860823
-0.000826921
-999.999
0.00122518
-0.000797618
-999.999
0.00147071
-0.000796582
-1000
-0.000805397
-1000
0.00043114
-0.000446236
-999.999
0.000881625
-0.000434943
-999.999
0.00123996
-0.000419014
-999.999
0.00145035
-0.000431981
-999.999
-0.000452876
-1000
0.00043904
-999.999
0.000890493
-999.999
0.00124094
-999.999
0.00142252
-999.999
-1000
0.000367369
-0.001212
0.000673679
-0.00120461
0.000937073
-0.00113394
0.00103157
-0.00100219
-0.000863478
0.000363949
-0.00104487
0.000713932
-0.0010363
0.00101393
-0.000981285
0.00123817
-0.00092788
-0.000930878
0.000372179
-0.000783541
0.000762762
-0.000772531
0.00108032
-0.000735159
0.00129456
-0.000734245
-0.00075063
0.000386596
-0.000408157
0.000789966
-0.000379985
0.00110585
-0.000365296
0.00127528
-0.00038363
-0.000404752
0.000410382
0.000799111
0.00110247
0.00124582
)
;

boundaryField
{
    inlet
    {
        type            calculated;
        value           nonuniform List<scalar> 
25
(
-1000
-1000
-1000
-1000
-1000
-1000
-1000
-1000
-1000
-1000
-1000
-1000
-1000
-1000
-1000
-1000
-1000
-1000
-1000
-1000
-1000
-1000
-1000
-1000
-1000
)
;
    }
    outlet
    {
        type            calculated;
        value           nonuniform List<scalar> 
25
(
999.998
999.998
999.998
999.998
999.997
999.998
999.998
999.998
999.998
999.997
999.998
999.998
999.998
999.998
999.998
999.999
999.998
999.998
999.998
999.998
999.999
999.998
999.998
999.998
999.998
)
;
    }
    repeat_boundary
    {
        type            calculated;
        value           uniform 0;
    }
    procBoundary2to0
    {
        type            processor;
        value           nonuniform List<scalar> 
450
(
-0.000188885
-0.000190544
-0.000185746
-0.000191806
-0.00017969
-0.00055992
-0.000567868
-0.000553327
-0.000574032
-0.000540993
-0.000996196
-0.00100407
-0.000989826
-0.00102493
-0.000987032
-0.00151849
-0.00152067
-0.00150578
-0.0015481
-0.00159311
-0.00218068
-0.00216668
-0.00214497
-0.00218226
-0.00213538
-0.00305335
-0.0030415
-0.00301288
-0.00299068
-0.00287964
-0.00422085
-0.00422025
-0.00420133
-0.00410571
-0.00390923
-0.00579207
-0.00581218
-0.00580013
-0.00571508
-0.00544492
-0.00790958
-0.00794884
-0.0079356
-0.00791437
-0.00770368
-0.0107619
-0.010809
-0.0107883
-0.0108291
-0.0107551
-0.0146116
-0.0146548
-0.0146342
-0.0146825
-0.0146965
-0.019834
-0.01987
-0.0198584
-0.0199046
-0.0199635
-0.0269545
-0.0269913
-0.0269911
-0.0270528
-0.0272928
-0.036692
-0.0367411
-0.0367442
-0.0368291
-0.0372195
-0.0500093
-0.0500809
-0.0500703
-0.0501431
-0.0505831
-0.0681885
-0.0682953
-0.0682585
-0.0682761
-0.0686449
-0.0929598
-0.0931204
-0.0930542
-0.0930176
-0.0932601
-0.126693
-0.126924
-0.126815
-0.126734
-0.126867
-0.172646
-0.172952
-0.172762
-0.172596
-0.172607
-0.235271
-0.235648
-0.235334
-0.234995
-0.23481
-0.320639
-0.321088
-0.320615
-0.320005
-0.319535
-0.437022
-0.43757
-0.43687
-0.435876
-0.435033
-0.595705
-0.596391
-0.595319
-0.593749
-0.592358
-0.812083
-0.812931
-0.811231
-0.808772
-0.806437
-1.10713
-1.1081
-1.1054
-1.10164
-1.09775
-1.50931
-1.51026
-1.50598
-1.50032
-1.49407
-2.05709
-2.05776
-2.05095
-2.04221
-2.03236
-2.80221
-2.80203
-2.79115
-2.77725
-2.7619
-3.81325
-3.81079
-3.79302
-3.77065
-3.74722
-5.17765
-5.16977
-5.13958
-5.10325
-5.0692
-6.99459
-6.97528
-6.92184
-6.86229
-6.82238
-9.32279
-9.28449
-9.18333
-9.0896
-9.09789
-12.017
-11.9599
-11.7435
-11.5898
-11.9412
-14.678
-14.6441
-14.1702
-13.6695
-15.4533
-16.7075
-16.9405
-15.84
-14.0211
-20.3256
-16.2047
-18.1119
-14.6665
-9.98947
-28.6159
-7.83203
-17.6572
-5.16141
3.65286
-44.1291
-4.77925
-9.63611
22.7359
0.788549
-99.9601
194.301
-17.0004
231.687
286.838
-185.204
-101.7
50.8292
167.483
-170.08
-319.655
18.4226
-9.71525
159.622
35.9429
-196.188
161.239
-40.7512
-364.462
159.375
240.741
139.358
1.87289
42.9999
-6.14898
30.0673
-541.338
129.72
240.366
-214.84
760.851
100.533
334.724
-637.733
1.63245
964.779
112.473
40.9425
-465.76
208.788
-401.75
200.256
-307.792
158.662
-380.411
-36.5162
1061.97
-232.228
-214.335
119.272
74.5387
131.678
185.32
-43.8586
795.347
-11.2653
57.3658
481.058
20.2367
-142.836
-101.882
-321.453
57.4776
64.8445
114.839
240.78
-185.279
-311.579
39.4321
266.802
297.141
222.637
-204.805
22.3253
-457.584
-55.9627
-109.55
-179.115
73.6302
65.0521
143.096
-15.0912
-54.0947
17.4922
-9.45471
29.1686
-7.86127
-18.2564
10.2476
6.72963
20.2785
-1.15551
-3.84645
7.4121
7.94334
14.6879
1.5229
1.52282
5.94892
7.53384
11.6006
2.25747
2.64219
5.05013
6.6487
9.11993
2.5479
3.00093
4.33533
5.55729
7.00922
2.54648
2.88608
3.59046
4.38844
5.29005
2.24773
2.46258
2.86088
3.36967
3.95235
1.84986
1.9857
2.23125
2.55862
2.93814
1.47614
1.56322
1.71939
1.93097
2.17802
1.1574
1.21374
1.31407
1.45112
1.61145
0.89659
0.933286
0.998067
1.08695
1.19079
0.68842
0.712345
0.754247
0.811902
0.879213
0.524831
0.540481
0.567558
0.604843
0.648515
0.397785
0.408088
0.425595
0.449629
0.47789
0.30016
0.306917
0.318252
0.333799
0.352067
0.225683
0.230064
0.237388
0.247509
0.259357
0.169116
0.171965
0.176689
0.183256
0.190905
0.126355
0.128239
0.131313
0.135532
0.140414
0.0941903
0.0954489
0.0974686
0.100165
0.103281
0.0700793
0.0709176
0.0722347
0.0739551
0.0759396
0.0520414
0.0525973
0.0534339
0.0545319
0.0557547
0.0385725
0.0389393
0.0394589
0.0401649
0.0409134
0.0285431
0.0287847
0.0291184
0.0296045
0.0300925
0.0211016
0.0212618
0.0214966
0.0218805
0.0223372
0.015605
0.0157134
0.0158828
0.0161725
0.0166714
0.0115657
0.0116439
0.0117605
0.0119163
0.0123506
0.0086009
0.00866175
0.00874276
0.0088282
0.00913962
0.0064117
0.00645432
0.00650601
0.00656937
0.00679698
0.00477973
0.00480082
0.00482073
0.00484751
0.00492407
0.00355477
0.00355928
0.00355522
0.00352579
0.00345917
0.00263835
0.00262982
0.0026078
0.00256605
0.00242799
0.00196742
0.00196513
0.00197727
0.0019172
0.00181937
0.0015112
0.00150837
0.00153182
0.0014643
0.00144082
0.00122738
0.00121932
0.00123132
0.00121812
0.00119526
0.00109624
0.00108344
0.00109174
0.00113461
0.001101
)
;
    }
    procBoundary2to3
    {
        type            processor;
        value           nonuniform List<scalar> 
450
(
-9.18289e-05
-7.35807e-05
-8.00968e-05
-8.82693e-05
-9.15478e-05
-0.000232716
-0.000211125
-0.000209183
-0.000234146
-0.000242445
-0.000312105
-0.00031976
-0.000342181
-0.000378714
-0.000393822
-0.000435742
-0.000502011
-0.000501238
-0.000547891
-0.000571639
-0.000616319
-0.000726501
-0.000736853
-0.00077685
-0.000802281
-0.000869875
-0.00102074
-0.00107301
-0.00109607
-0.00111349
-0.00130818
-0.00143838
-0.00151591
-0.0015197
-0.00152123
-0.00186265
-0.00198187
-0.00206313
-0.00206033
-0.0020446
-0.00265511
-0.00274824
-0.00275135
-0.00274474
-0.0027131
-0.00367147
-0.00371899
-0.00364736
-0.00363315
-0.00359336
-0.00502356
-0.00493239
-0.00485065
-0.0048284
-0.00479118
-0.00677521
-0.00655465
-0.00650188
-0.00648062
-0.00645562
-0.00921221
-0.00885964
-0.00879862
-0.00878584
-0.00877725
-0.0124855
-0.0120751
-0.011995
-0.0119934
-0.0119959
-0.0168382
-0.0164742
-0.0163984
-0.0164132
-0.0164173
-0.0226615
-0.0224207
-0.0223986
-0.0224427
-0.0224446
-0.0306153
-0.0304741
-0.0305404
-0.0306304
-0.0306337
-0.0415049
-0.0414323
-0.0416004
-0.0417565
-0.0417655
-0.0563123
-0.0563361
-0.0566451
-0.0569087
-0.056928
-0.0763438
-0.0765972
-0.0771278
-0.0775719
-0.0776208
-0.103542
-0.104166
-0.105041
-0.105776
-0.10591
-0.140559
-0.141693
-0.143118
-0.144323
-0.144661
-0.190785
-0.192737
-0.195096
-0.197093
-0.19784
-0.258607
-0.262053
-0.266038
-0.269432
-0.270884
-0.350033
-0.35604
-0.362836
-0.368714
-0.37136
-0.472968
-0.483207
-0.494895
-0.505158
-0.510008
-0.637114
-0.654554
-0.67492
-0.692864
-0.701862
-0.854434
-0.884275
-0.920098
-0.951523
-0.967964
-1.13893
-1.19044
-1.25385
-1.30911
-1.33866
-1.50545
-1.59592
-1.70918
-1.80636
-1.85877
-1.97055
-2.13445
-2.33976
-2.50972
-2.60098
-2.56458
-2.88012
-3.26031
-3.5572
-3.71443
-3.39294
-4.04057
-4.7644
-5.28015
-5.54318
-4.74752
-6.03777
-7.45589
-8.25566
-8.58775
-7.15625
-9.59793
-12.2658
-13.1671
-13.1308
-12.0565
-17.5923
-21.055
-21.2634
-18.7601
-23.4018
-43.4127
-38.1951
-35.3501
-20.7967
-20.154
-32.8135
-37.4789
-36.7448
-19.9152
-163.931
-427.911
-165.612
-197.516
17.6123
28.7488
368.86
14.7856
144.657
211.324
-0.54435
-452.181
-14.7731
-62.9383
108.854
63.5115
-731.623
-38.0956
175.107
5.91567
223.02
222.501
255.069
166.381
-222.888
14.2018
229.833
-426.714
-70.7323
-862.425
-482.702
-58.522
-29.9519
2.43048
-849.249
-308.884
183.768
-265.448
17.478
-226.567
-0.494308
-368.023
-506.52
228.895
270.547
-407.195
50.772
299.041
43.4244
403.242
-630.398
392.084
42.5096
-34.2885
134.209
36.226
16.5598
33.715
-313.004
-74.8658
143.381
-46.3929
39.3319
-161.072
68.3369
437.897
-19.0937
4.60527
181.637
-36.6399
99.5762
86.776
163.582
161.854
126.466
156.34
82.7023
34.1972
107.896
28.1507
62.5456
41.1161
36.6834
45.3219
22.2255
35.8006
28.0491
22.3564
23.4743
14.7457
22.8893
19.0817
15.0017
13.9865
10.5639
15.6564
13.1613
10.676
9.45008
7.99092
11.0207
9.33581
7.90839
7.05542
6.31302
7.99062
6.86394
6.00452
5.47418
5.09229
5.93
5.16858
4.59722
4.23023
4.01687
4.42752
3.91344
3.52261
3.26398
3.12121
3.30257
2.95821
2.69116
2.51088
2.41263
2.45708
2.22825
2.04757
1.92371
1.85569
1.82322
1.67226
1.55117
1.46715
1.42046
1.35008
1.251
1.17039
1.11395
1.08221
0.998165
0.933295
0.879962
0.842289
0.820886
0.73689
0.694524
0.659496
0.634532
0.62016
0.543316
0.515734
0.492855
0.476466
0.46682
0.400389
0.38242
0.36745
0.356751
0.350273
0.294994
0.283281
0.273441
0.266438
0.262088
0.217182
0.20959
0.203139
0.198533
0.195622
0.159761
0.15486
0.150663
0.14763
0.145691
0.117458
0.114286
0.111569
0.109578
0.108289
0.0862462
0.0842463
0.0824942
0.0811957
0.0803398
0.0632112
0.0620178
0.0609036
0.0600724
0.0595142
0.046309
0.0455873
0.0449025
0.0443968
0.0440521
0.0340612
0.0335029
0.0330892
0.0328037
0.0326075
0.025207
0.0247012
0.0244202
0.0242558
0.024145
0.018785
0.0182751
0.0180683
0.0179539
0.0178767
0.0138959
0.0134905
0.0133751
0.0132856
0.0132175
0.0102352
0.00997078
0.00988127
0.0098168
0.00975434
0.00752042
0.00738413
0.00730642
0.00725704
0.00720092
0.0054517
0.00546378
0.00543321
0.00538938
0.00534041
0.00395922
0.00404849
0.00406393
0.004019
0.00398422
0.00295443
0.00302804
0.00308433
0.00304177
0.00302542
0.00231709
0.00229697
0.00235845
0.00232958
0.00232244
0.00186836
0.00178094
0.00184419
0.00182524
0.00181782
0.00152895
0.00147391
0.00147622
0.0014844
0.0014747
0.00138377
0.00140234
0.00129016
0.00128867
0.00128601
)
;
    }
}


// ************************************************************************* //
