/*--------------------------------*- C++ -*----------------------------------*\
  =========                 |
  \\      /  F ield         | OpenFOAM: The Open Source CFD Toolbox
   \\    /   O peration     | Website:  https://openfoam.org
    \\  /    A nd           | Version:  9
     \\/     M anipulation  |
\*---------------------------------------------------------------------------*/
FoamFile
{
    format      ascii;
    class       volVectorField;
    location    "4000";
    object      Us;
}
// * * * * * * * * * * * * * * * * * * * * * * * * * * * * * * * * * * * * * //

dimensions      [0 1 -1 0 0 0 0];

internalField   nonuniform List<vector> 
720
(
(0 0 0)
(0 0 0)
(0 0 0)
(0 0 0)
(0 0 0)
(0 0 0)
(0 0 0)
(0 0 0)
(0 0 0)
(0 0 0)
(0 0 0)
(0 0 0)
(0 0 0)
(0 0 0)
(0 0 0)
(0 0 0)
(0 0 0)
(0 0 0)
(0 0 0)
(0 0 0)
(0 0 0)
(0 0 0)
(0 0 0)
(0 0 0)
(0 0 0)
(0 0 0)
(0 0 0)
(0 0 0)
(0 0 0)
(0 0 0)
(0 0 0)
(0 0 0)
(0 0 0)
(0 0 0)
(0 0 0)
(0 0 0)
(0 0 0)
(0 0 0)
(0 0 0)
(0 0 0)
(0 0 0)
(0 0 0)
(0 0 0)
(0 0 0)
(0 0 0)
(0 0 0)
(0 0 0)
(0 0 0)
(0 0 0)
(0 0 0)
(0 0 0)
(0 0 0)
(0 0 0)
(0 0 0)
(0 0 0)
(0 0 0)
(0 0 0)
(0 0 0)
(0 0 0)
(0 0 0)
(0 0 0)
(0 0 0)
(0 0 0)
(0 0 0)
(0 0 0)
(0 0 0)
(0 0 0)
(0 0 0)
(0 0 0)
(0 0 0)
(0 0 0)
(0 0 0)
(0 0 0)
(0 0 0)
(0 0 0)
(0 0 0)
(0 0 0)
(0 0 0)
(0 0 0)
(0 0 0)
(0 0 0)
(0 0 0)
(0 0 0)
(0 0 0)
(0 0 0)
(0 0 0)
(0 0 0)
(0 0 0)
(0 0 0)
(0 0 0)
(0 0 0)
(0 0 0)
(0 0 0)
(0 0 0)
(0 0 0)
(0 0 0)
(0 0 0)
(0 0 0)
(0 0 0)
(0 0 0)
(0 0 0)
(0 0 0)
(0 0 0)
(0 0 0)
(0 0 0)
(0 0 0)
(0 0 0)
(0 0 0)
(0 0 0)
(0 0 0)
(0 0 0)
(0 0 0)
(0 0 0)
(0 0 0)
(0 0 0)
(0 0 0)
(0 0 0)
(0 0 0)
(0 0 0)
(0 0 0)
(0 0 0)
(0 0 0)
(0 0 0)
(0 0 0)
(0 0 0)
(0 0 0)
(0 0 0)
(0 0 0)
(0 0 0)
(0 0 0)
(0 0 0)
(0 0 0)
(0 0 0)
(0 0 0)
(0 0 0)
(0 0 0)
(0 0 0)
(0 0 0)
(0 0 0)
(0 0 0)
(0 0 0)
(0 0 0)
(0 0 0)
(0 0 0)
(0 0 0)
(0 0 0)
(0 0 0)
(0 0 0)
(0 0 0)
(0 0 0)
(0 0 0)
(0 0 0)
(0 0 0)
(0 0 0)
(0 0 0)
(0 0 0)
(0 0 0)
(0 0 0)
(0 0 0)
(0 0 0)
(0 0 0)
(0 0 0)
(0 0 0)
(0 0 0)
(0 0 0)
(0 0 0)
(0 0 0)
(0 0 0)
(0 0 0)
(0 0 0)
(0 0 0)
(0 0 0)
(0 0 0)
(0 0 0)
(0 0 0)
(0 0 0)
(0 0 0)
(0 0 0)
(0 0 0)
(0 0 0)
(0 0 0)
(0 0 0)
(0 0 0)
(0 0 0)
(0 0 0)
(0 0 0)
(0 0 0)
(0 0 0)
(0 0 0)
(0 0 0)
(0 0 0)
(0 0 0)
(0 0 0)
(0 0 0)
(0 0 0)
(0 0 0)
(0 0 0)
(0 0 0)
(0 0 0)
(0 0 0)
(0 0 0)
(0 0 0)
(0 0 0)
(0 0 0)
(0 0 0)
(0 0 0)
(0 0 0)
(0 0 0)
(0 0 0)
(0 0 0)
(0 0 0)
(0 0 0)
(0 0 0)
(0 0 0)
(0 0 0)
(0 0 0)
(0 0 0)
(0 0 0)
(0 0 0)
(0 0 0)
(0 0 0)
(0 0 0)
(0 0 0)
(0 0 0)
(0 0 0)
(0 0 0)
(0 0 0)
(0 0 0)
(0 0 0)
(0 0 0)
(0 0 0)
(0 0 0)
(0 0 0)
(0 0 0)
(0 0 0)
(0 0 0)
(0 0 0)
(0 0 0)
(0 0 0)
(0 0 0)
(0 0 0)
(0 0 0)
(0 0 0)
(0 0 0)
(0 0 0)
(0 0 0)
(0 0 0)
(0 0 0)
(0 0 0)
(0 0 0)
(0 0 0)
(0 0 0)
(0 0 0)
(0 0 0)
(0 0 0)
(0 0 0)
(0 0 0)
(0 0 0)
(0 0 0)
(0 0 0)
(0 0 0)
(0 0 0)
(0 0 0)
(0 0 0)
(0 0 0)
(0 0 0)
(0 0 0)
(0 0 0)
(0 0 0)
(0 0 0)
(0 0 0)
(0 0 0)
(0 0 0)
(0 0 0)
(0 0 0)
(0 0 0)
(0 0 0)
(0 0 0)
(0 0 0)
(0 0 0)
(0 0 0)
(0 0 0)
(0 0 0)
(0 0 0)
(0 0 0)
(0 0 0)
(0 0 0)
(0 0 0)
(0 0 0)
(0 0 0)
(0 0 0)
(0 0 0)
(0 0 0)
(0 0 0)
(0 0 0)
(0 0 0)
(0 0 0)
(0 0 0)
(0 0 0)
(0 0 0)
(0 0 0)
(0 0 0)
(0 0 0)
(0 0 0)
(0 0 0)
(0 0 0)
(0 0 0)
(0 0 0)
(0 0 0)
(0 0 0)
(0 0 0)
(0 0 0)
(0 0 0)
(0 0 0)
(0 0 0)
(0 0 0)
(0 0 0)
(0 0 0)
(0 0 0)
(0 0 0)
(8.05037e-07 1.76756e-05 -1.06972e-06)
(-7.29509e-06 1.70157e-05 1.97776e-06)
(1.16939e-05 1.08322e-05 3.37607e-07)
(1.45893e-05 9.81974e-06 8.72703e-06)
(7.12071e-06 1.82312e-05 -1.78332e-06)
(-3.05436e-06 1.67505e-05 4.78073e-06)
(1.20519e-05 1.06642e-05 5.76439e-06)
(1.45893e-05 9.81974e-06 8.72703e-06)
(-9.53834e-06 1.50337e-05 1.45979e-07)
(2.47315e-08 1.50599e-05 1.5457e-05)
(1.31798e-05 6.33178e-06 1.33949e-05)
(1.43154e-05 1.48891e-05 7.34035e-06)
(-5.52971e-06 1.76856e-05 5.42638e-06)
(-7.11626e-06 1.14878e-05 3.89154e-06)
(2.02061e-05 1.72592e-05 5.611e-06)
(1.65386e-05 2.25405e-05 9.05533e-06)
(-1.01812e-05 2.09348e-05 2.14624e-05)
(-2.24078e-05 4.89143e-06 8.91852e-06)
(2.05752e-05 2.50993e-05 1.00454e-05)
(1.60731e-05 3.25167e-05 2.25876e-05)
(-1.61254e-05 2.32972e-05 2.25326e-05)
(-3.29207e-05 1.71439e-05 1.70381e-05)
(3.20382e-05 2.25237e-05 6.72823e-06)
(1.65631e-05 5.60853e-05 4.0719e-05)
(-1.04218e-05 2.25662e-05 2.35919e-05)
(-4.47518e-05 1.1759e-05 1.96085e-05)
(2.41759e-05 2.15083e-05 1.14776e-05)
(1.06987e-05 3.6086e-05 2.18207e-05)
(-1.94793e-05 1.37947e-05 1.23197e-05)
(-5.82722e-05 -1.47151e-05 5.07522e-05)
(1.66584e-05 2.1806e-05 1.31385e-05)
(8.38842e-06 2.7044e-05 2.07961e-05)
(-8.31908e-06 8.14994e-06 2.19499e-05)
(-5.79244e-05 1.06223e-07 5.94563e-05)
(1.57631e-05 1.70477e-05 1.70482e-05)
(8.01825e-06 1.71097e-05 1.21411e-05)
(-1.17088e-05 6.65402e-06 -1.0511e-05)
(-4.66525e-05 -1.09502e-05 6.52061e-05)
(1.50327e-05 2.3828e-05 1.37738e-05)
(7.01604e-06 -1.0017e-05 9.41524e-06)
(2.15109e-05 1.43952e-05 -1.64864e-06)
(-5.09912e-05 1.74484e-05 3.73225e-05)
(-2.96103e-06 2.50409e-05 1.75934e-05)
(-1.45736e-05 -1.89409e-06 4.1209e-06)
(3.26989e-05 -2.09641e-05 -1.7332e-06)
(3.23978e-06 3.06856e-06 2.8961e-05)
(-2.00793e-05 2.16081e-05 1.56231e-05)
(-1.30096e-05 -2.06736e-05 -7.44604e-06)
(2.73859e-05 -1.55336e-06 -4.46139e-06)
(1.70096e-05 -1.63068e-05 1.37643e-05)
(-3.08762e-05 3.92382e-05 1.96388e-05)
(-1.40458e-05 -2.22873e-05 5.45625e-08)
(1.94185e-05 -9.03227e-06 -7.69732e-06)
(2.28202e-05 -1.62846e-05 1.5051e-06)
(-2.88071e-05 1.95972e-05 1.84666e-05)
(-5.26707e-06 -3.36203e-05 -7.25863e-06)
(1.4838e-05 4.03019e-06 -2.94552e-05)
(2.13751e-05 -1.92268e-05 -2.97389e-05)
(-2.94116e-05 8.49569e-06 1.95107e-05)
(-1.2677e-07 -4.63476e-05 -8.63605e-06)
(1.89859e-05 -1.02814e-06 -3.50084e-05)
(1.70288e-05 -1.49136e-05 -4.47551e-05)
(-1.75088e-05 2.94622e-05 9.49996e-06)
(-6.8776e-06 -1.8852e-05 -2.35657e-05)
(9.54379e-06 -1.35897e-05 -4.96679e-05)
(1.06709e-05 -5.34117e-06 -4.22598e-05)
(-2.28609e-05 1.03069e-05 2.21597e-06)
(-4.50026e-06 -1.88274e-05 -1.9038e-05)
(7.37457e-06 -2.2735e-05 -6.2034e-05)
(-4.55443e-07 7.02574e-06 -3.19405e-05)
(-1.38262e-05 1.65435e-05 -8.69821e-06)
(7.86824e-06 -1.89382e-05 -4.39531e-05)
(1.52672e-07 -5.43249e-06 -6.84215e-05)
(1.98068e-06 -7.67617e-06 -8.88571e-05)
(1.45242e-07 7.94404e-06 -3.53983e-05)
(-7.13877e-06 3.58182e-06 -1.28433e-05)
(-4.4573e-06 -1.33411e-05 -4.29096e-05)
(-1.7974e-05 -5.10243e-06 -8.60128e-05)
(2.51044e-05 -9.77235e-06 -4.69889e-05)
(1.65038e-05 2.17994e-05 -3.68939e-05)
(-6.52343e-06 -2.64043e-05 -8.19522e-05)
(-7.18746e-06 -1.54904e-05 -8.76598e-05)
(3.6273e-05 1.31214e-05 -5.29827e-05)
(2.75538e-05 1.89316e-05 -4.44215e-05)
(-3.82684e-05 -4.37862e-05 -6.62566e-05)
(-3.07473e-05 9.80649e-06 -7.88396e-05)
(2.86486e-05 1.80441e-05 -7.42596e-05)
(6.38005e-05 3.56373e-05 -7.468e-05)
(-1.25456e-05 -0.000107103 -4.82178e-05)
(-3.77565e-05 2.39796e-05 -6.37755e-05)
(1.2239e-05 1.30244e-05 -5.60942e-05)
(2.05145e-05 0.000227089 -6.4517e-05)
(2.82747e-05 -0.000120257 -5.46714e-05)
(-6.31035e-05 4.79269e-05 -6.30268e-05)
(-1.11605e-05 5.12993e-06 -5.87966e-05)
(-5.59172e-05 0.000486485 -3.62543e-05)
(6.92355e-05 -0.000158025 -1.1776e-05)
(-0.000151971 7.02832e-05 6.80343e-06)
(-1.11605e-05 5.12993e-06 -5.87966e-05)
(-0.000147321 0.000889255 -8.90517e-06)
(8.61735e-05 -0.000167032 -6.00829e-06)
(-0.000151971 7.02832e-05 6.80343e-06)
(0 0 0)
(-0.000147321 0.000889255 -8.90517e-06)
(0 0 0)
(0 0 0)
(0 0 0)
(0 0 0)
(0 0 0)
(0 0 0)
(0 0 0)
(0 0 0)
(0 0 0)
(0 0 0)
(0 0 0)
(0 0 0)
(0 0 0)
(0 0 0)
(0 0 0)
(0 0 0)
(0 0 0)
(0 0 0)
(0 0 0)
(0 0 0)
(0 0 0)
(0 0 0)
(0 0 0)
(0 0 0)
(0 0 0)
(0 0 0)
(0 0 0)
(0 0 0)
(0 0 0)
(0 0 0)
(0 0 0)
(0 0 0)
(0 0 0)
(0 0 0)
(0 0 0)
(0 0 0)
(0 0 0)
(0 0 0)
(0 0 0)
(0 0 0)
(0 0 0)
(0 0 0)
(0 0 0)
(0 0 0)
(0 0 0)
(0 0 0)
(0 0 0)
(0 0 0)
(0 0 0)
(0 0 0)
(0 0 0)
(0 0 0)
(0 0 0)
(0 0 0)
(0 0 0)
(0 0 0)
(0 0 0)
(0 0 0)
(0 0 0)
(0 0 0)
(0 0 0)
(0 0 0)
(0 0 0)
(0 0 0)
(0 0 0)
(0 0 0)
(0 0 0)
(0 0 0)
(0 0 0)
(0 0 0)
(0 0 0)
(0 0 0)
(0 0 0)
(0 0 0)
(0 0 0)
(0 0 0)
(0 0 0)
(0 0 0)
(0 0 0)
(0 0 0)
(0 0 0)
(0 0 0)
(0 0 0)
(0 0 0)
(0 0 0)
(0 0 0)
(0 0 0)
(0 0 0)
(0 0 0)
(0 0 0)
(0 0 0)
(0 0 0)
(0 0 0)
(0 0 0)
(0 0 0)
(0 0 0)
(0 0 0)
(0 0 0)
(0 0 0)
(0 0 0)
(0 0 0)
(0 0 0)
(0 0 0)
(0 0 0)
(0 0 0)
(0 0 0)
(0 0 0)
(0 0 0)
(0 0 0)
(0 0 0)
(0 0 0)
(0 0 0)
(0 0 0)
(0 0 0)
(0 0 0)
(0 0 0)
(0 0 0)
(0 0 0)
(0 0 0)
(0 0 0)
(0 0 0)
(0 0 0)
(0 0 0)
(0 0 0)
(0 0 0)
(0 0 0)
(0 0 0)
(0 0 0)
(0 0 0)
(0 0 0)
(0 0 0)
(0 0 0)
(0 0 0)
(0 0 0)
(0 0 0)
(0 0 0)
(0 0 0)
(0 0 0)
(0 0 0)
(0 0 0)
(0 0 0)
(0 0 0)
(0 0 0)
(0 0 0)
(0 0 0)
(0 0 0)
(0 0 0)
(0 0 0)
(0 0 0)
(0 0 0)
(0 0 0)
(0 0 0)
(0 0 0)
(0 0 0)
(0 0 0)
(0 0 0)
(0 0 0)
(0 0 0)
(0 0 0)
(0 0 0)
(0 0 0)
(0 0 0)
(0 0 0)
(0 0 0)
(0 0 0)
(0 0 0)
(0 0 0)
(0 0 0)
(0 0 0)
(0 0 0)
(0 0 0)
(0 0 0)
(0 0 0)
(0 0 0)
(0 0 0)
(0 0 0)
(0 0 0)
(0 0 0)
(0 0 0)
(0 0 0)
(0 0 0)
(0 0 0)
(0 0 0)
(0 0 0)
(0 0 0)
(0 0 0)
(0 0 0)
(0 0 0)
(0 0 0)
(0 0 0)
(0 0 0)
(0 0 0)
(0 0 0)
(0 0 0)
(0 0 0)
(0 0 0)
(0 0 0)
(0 0 0)
(0 0 0)
(0 0 0)
(0 0 0)
(0 0 0)
(0 0 0)
(0 0 0)
(0 0 0)
(0 0 0)
(0 0 0)
(0 0 0)
(0 0 0)
(0 0 0)
(0 0 0)
(0 0 0)
(0 0 0)
(0 0 0)
(0 0 0)
(0 0 0)
(0 0 0)
(0 0 0)
(0 0 0)
(0 0 0)
(0 0 0)
(0 0 0)
(0 0 0)
(0 0 0)
(0 0 0)
(0 0 0)
(0 0 0)
(0 0 0)
(0 0 0)
(0 0 0)
(0 0 0)
(0 0 0)
(0 0 0)
(0 0 0)
(0 0 0)
(0 0 0)
(0 0 0)
(0 0 0)
(0 0 0)
(0 0 0)
(0 0 0)
(0 0 0)
(0 0 0)
(0 0 0)
(0 0 0)
(0 0 0)
(0 0 0)
(0 0 0)
(0 0 0)
(0 0 0)
(0 0 0)
(0 0 0)
(0 0 0)
(0 0 0)
(0 0 0)
(0 0 0)
(0 0 0)
(0 0 0)
(0 0 0)
(0 0 0)
(0 0 0)
(0 0 0)
(0 0 0)
(0 0 0)
(0 0 0)
(0 0 0)
(0 0 0)
(0 0 0)
(0 0 0)
(0 0 0)
(0 0 0)
(0 0 0)
(0 0 0)
(0 0 0)
(0 0 0)
(0 0 0)
(0 0 0)
(0 0 0)
(0 0 0)
(0 0 0)
(0 0 0)
(0 0 0)
(0 0 0)
(0 0 0)
(0 0 0)
(0 0 0)
(0 0 0)
(0 0 0)
(0 0 0)
(0 0 0)
(0 0 0)
(0 0 0)
(0 0 0)
(0 0 0)
(0 0 0)
(0 0 0)
)
;

boundaryField
{
    inlet
    {
        type            fixedValue;
        value           uniform (0 0 0);
    }
    outlet
    {
        type            fixedValue;
        value           uniform (0 0 0);
    }
    repeat_boundary
    {
        type            fixedValue;
        value           uniform (0 0 0);
    }
}


// ************************************************************************* //
