/*--------------------------------*- C++ -*----------------------------------*\
| =========                 |                                                 |
| \\      /  F ield         | OpenFOAM: The Open Source CFD Toolbox           |
|  \\    /   O peration     | Version:  5.x                                   |
|   \\  /    A nd           | Web:      www.OpenFOAM.org                      |
|    \\/     M anipulation  |                                                 |
\*---------------------------------------------------------------------------*/
FoamFile
{
    version     2.0;
    format      ascii;
    class       volScalarField;
    location    "60000";
    object      Ksl;
}
// * * * * * * * * * * * * * * * * * * * * * * * * * * * * * * * * * * * * * //

dimensions      [1 -3 -1 0 0 0 0];

internalField   nonuniform List<scalar> 
2250
(
0
0
0
0
0
0
0
0
0
0
0
0
0
0
0
0
0
0
0
0
0
0
0
0
0
0
0
0
0
0
0
0
0
0
0
0
0
0
0
0
0
0
0
0
0
0
0
0
0
0
0
0
0
0
0
0
0
0
0
0
0
0
0
0
0
0
0
0
0
0
0
0
0
0
0
0
0
0
0
0
0
0
0
0
0
0
0
0
0
0
0
0
0
0
0
0
0
0
0
0
0
0
0
0
0
0
0
0
0
0
0
0
0
0
0
0
0
0
0
0
0
0
0
0
0
0
0
0
0
0
0
0
0
0
0
0
0
0
0
0
0
0
0
0
0
0
0
0
0
0
0
0
0
0
0
0
0
0
0
0
0
0
0
0
0
0
0
0
0
0
0
0
0
0
0
0
0
0
0
0
0
0
0
0
0
0
0
0
0
0
0
0
0
0
0
0
0
0
0
0
0
0
0
0
0
0
0
0
0
0
0
0
0
0
0
0
0
0
0
0
0
0
0
0
0
0
0
0
0
0
0
0
0
0
0
0
0
0
0
0
0
0
0
0
0
0
0
0
0
0
0
0
0
0
0
0
0
0
0
0
0
0
0
0
0
0
0
0
0
0
0
0
0
0
0
0
0
0
0
0
0
0
0
0
0
0
0
0
0
0
0
0
0
0
0
0
0
0
0
0
0
0
0
0
0
0
0
0
0
0
0
0
0
0
0
0
0
0
0
0
0
0
0
0
0
0
0
0
0
0
0
0
0
0
0
0
0
0
0
0
0
0
0
0
0
0
0
0
0
0
0
0
0
0
0
0
0
0
0
0
0
0
0
0
0
0
0
0
0
0
0
0
0
0
0
0
0
0
0
0
0
0
0
0
0
0
0
0
0
0
0
0
0
0
0
0
0
0
0
0
0
0
0
0
0
0
0
0
0
0
0
0
0
0
0
0
0
0
0
0
0
0
0
0
0
0
0
0
0
0
0
0
0
0
0
0
0
0
0
0
0
0
0
0
0
0
0
0
0
0
0
0
0
0
0
0
0
0
0
0
0
0
0
0
0
0
0
0
0
0
0
0
0
0
0
0
0
0
0
0
0
0
0
0
0
0
0
0
0
0
0
0
0
0
0
0
0
0
0
0
0
0
0
0
0
0
0
0
0
0
0
0
0
0
0
0
0
0
0
0
0
0
0
0
0
0
0
0
0
0
0
0
0
0
0
0
0
0
0
0
0
0
0
0
0
0
0
0
0
0
0
0
0
0
0
0
0
0
0
0
0
0
0
0
0
0
0
0
0
0
0
0
0
0
0
0
0
0
0
0
0
0
0
0
0
0
0
0
0
0
0
0
0
0
0
0
0
0
0
0
0
0
0
0
0
0
0
0
0
0
0
0
0
0
0
0
0
0
0
0
0
0
0
0
0
0
0
0
0
0
0
0
0
0
0
0
0
0
0
0
0
0
0
0
0
0
0
0
0
0
0
0
0
0
0
0
0
0
0
0
0
0
0
0
0
0
0
0
0
0
0
0
0
0
0
0
0
0
0
0
0
0
0
0
0
0
0
0
0
0
0
0
0
0
0
0
0
0
0
0
0
0
0
0
0
0
0
0
0
0
0
0
0
0
0
0
0
0
0
0
0
0
0
0
0
0
0
0
0
0
0
0
0
0
0
0
0
0
0
0
0
0
0
0
0
0
0
0
0
0
0
0
0
0
0
0
0
0
0
0
0
0
0
0
0
0
0
0
0
0
0
0
0
0
0
0
0
0
0
0
0
0
0
0
0
0
0
0
0
0
0
0
0
0
0
0
0
0
0
0
0
0
0
0
0
0
0
0
0
0
0
0
0
0
0
0
0
0
0
0
0
0
0
0
0
0
0
0
0
0
0
0
0
0
0
0
0
0
0
0
0
0
0
0
0
0
0
0
0
0
0
0
0
0
0
0
0
0
0
0
0
0
0
0
0
0
0
0
0
0
0
0
0
0
0
0
0
0
0
0
0
0
0
0
0
0
0
0
0
0
0
0
0
0
0
0
0
0
0
0
0
0
0
0
0
0
0
0
0
0
0
0
0
0
0
0
0
0
0
0
0
0
0
0
0
0
0
0
0
0
0
0
0
0
0
0
0
0
0
0
0
0
0
0
0
0
0
0
0
0
0
0
0
0
0
0
0
0
0
0
0
0
0
0
0
0
0
0
0
0
0
0
0
0
0
0
0
0
0
0
0
0
0
0
0
0
0
0
0
0
0
0
0
0
0
0
0
0
0
0
8.31189e-05
0.00486435
0.00036454
0.0180563
0.0172724
0.0124172
0.000291944
0.011459
0.00194089
0.0116246
0.008739
0.000162082
2.84037e-05
4.48415e-05
0.000107349
3.41837e-05
0.000223192
7.051e-05
5.27266e-05
7.61427e-05
8.30656e-05
3.14734e-05
0.0273828
0.0138377
0.021257
0.0137078
8.31538e-05
8.65497e-05
5.68538e-05
8.30519e-05
7.22581e-05
6.98479e-05
8.86418e-05
4.17857e-05
9.65868e-05
5.00151e-05
0.000202486
0.0103875
0.00971215
0.000178206
0.0233815
0.00807575
0.000243644
0.0002233
0.000200932
0.00866264
0.0107116
0.000106748
0.000220691
5.26572e-05
0.00012359
0.000233642
5.92792e-05
0.000378368
0.0105604
0.00753566
0.000173655
0.0028203
0.000219895
0.0106437
0.0110193
0.000504417
6.97842e-05
0.000100462
0.0059764
3.39608e-05
0.000399591
0.000196211
9.79146e-05
0.00653269
0.00494312
8.13685e-05
0.000221166
0.00758893
0.00913938
0.0107141
5.73589e-05
0.00314714
3.58998e-05
5.20889e-05
4.09814e-05
0.000338627
9.60539e-05
0.000190329
0.000214857
0.00749496
0.000212058
0.0050828
0.000203403
3.40935e-05
0.000197826
0.000108963
0.000932871
7.57653e-05
0.00366885
1.73743e-05
0.000171732
3.84755e-05
0.00940395
6.92452e-05
0.0107668
4.24941e-05
6.71601e-05
0.00012512
0.0142665
8.84959e-05
0.000235018
0.000338713
9.87228e-05
8.45801e-05
3.56218e-05
0.00606784
0.000108648
0.000158299
0.00857163
0.000115871
6.80148e-05
0.000538978
8.98298e-05
0.000101443
0.0013121
0.000557418
0.000357475
0.00087337
0.000230383
0.0373205
0.000150244
4.2471e-05
5.49365e-05
7.13369e-05
0.0418574
0.000207324
0.000216123
0.00508991
0.000383983
9.09788e-05
0.000106097
0.000199356
0.000211723
4.11927e-05
8.22829e-05
0.000298089
7.75408e-05
0.000219991
0.000177352
2.71763e-05
0.00952837
0.000117175
3.82971e-05
3.92927e-05
0.0161805
5.78683e-05
0.000263059
0.000154731
3.88438e-05
0.016086
0.000540471
9.2336e-05
6.08798e-05
7.29984e-05
3.09103e-05
0.000207428
0.000560556
0.00019527
0.000562797
5.22265e-05
0.0171683
0.000101899
0.000604421
5.44983e-05
0.000760638
3.21904e-05
0.000115761
0.000157297
0.00179126
0.00125969
5.80726e-05
3.00927e-05
0.006008
0.00788222
7.13856e-05
0.000121154
0.00517787
0.00051347
0.000102317
0.000497706
0.000179269
6.34114e-05
6.95428e-05
0.000295084
0.000148064
0.000275328
0.000220971
6.66705e-05
0.00402814
0.00502553
0.000444581
0.000113132
0.000168891
3.51498e-05
0.00235247
0.000132981
8.9602e-05
3.37256e-05
3.73144e-05
0.00225172
0.000161743
6.6164e-05
0.00528474
0.000128739
4.66234e-05
0.00013461
0.000122338
0.00443626
9.33801e-05
7.99366e-05
0.00297732
7.18687e-05
0.00536347
6.57696e-05
0.000517613
7.77587e-05
7.76054e-05
0.0012649
0.00279376
0.000126599
0.000110771
6.16104e-05
6.35993e-05
0.00158477
0.00193678
0.000227975
0.0069693
0.00029287
5.86708e-05
0.00318987
0.00400424
0.000191683
1.89171e-05
0.00215356
0.000130289
2.62313e-05
0.000161522
0.000143886
0.00212525
9.40425e-05
0.00292114
0.00441126
8.33808e-05
8.87215e-05
2.10392e-05
0.00104706
1.54284e-05
9.68227e-05
0.000154314
0.000876073
6.24601e-05
0.00140919
0.00340442
0.00411495
4.48201e-05
0.000115836
0.000328886
0.000300749
2.86036e-05
9.71636e-05
0.0012268
5.86954e-05
0.00173213
0.000909493
8.63976e-05
0.00125146
4.70387e-05
5.10035e-05
0.00102981
0.00052766
0.000708726
0.00018694
3.50861e-05
1.07627e-05
0.000794593
0.000167591
3.02671e-05
0.000328896
3.80919e-05
7.49692e-05
0.000145256
2.42554e-05
7.23959e-06
2.96457e-05
2.09382e-05
2.29742e-05
3.96468e-05
3.48475e-05
0.000495412
0.000679634
0.000121264
0.000432921
0.000107242
4.5157e-05
4.05585e-07
1.96601e-05
0
0
0
0
6.14761e-06
2.42785e-05
2.71303e-05
0
0
0
0
0
1.84351e-06
1.54265e-05
6.68736e-05
0
0
0
4.01256e-06
1.44813e-05
4.86368e-06
0
0
0
0
0
0
0
0
0
0
0
0
0
0
0
0
0
0
0
0
0
0
0
0
0
0
0
0
0
0
0
0
0
0
0
0
0
0
0
0
0
0
0
0
0
0
0
0
0
0
0
0
0
0
0
0
0
0
0
0
0
0
0
0
0
0
0
0
0
0
0
0
0
0
0
0
0
0
0
0
0
0
0
0
0
0
0
0
0
0
0
0
0
0
0
0
0
0
0
0
0
0
0
0
0
0
0
0
0
0
0
0
0
0
0
0
0
0
0
0
0
0
0
0
0
0
0
0
0
0
0
0
0
0
0
0
0
0
0
0
0
0
0
0
0
0
0
0
0
0
0
0
0
0
0
0
0
0
0
0
0
0
0
0
0
0
0
0
0
0
0
0
0
0
0
0
0
0
0
0
0
0
0
0
0
0
0
0
0
0
0
0
0
0
0
0
0
0
0
0
0
0
0
0
0
0
0
0
0
0
0
0
0
0
0
0
0
0
0
0
0
0
0
0
0
0
0
0
0
0
0
0
0
0
0
0
0
0
0
0
0
0
0
0
0
0
0
0
0
0
0
0
0
0
0
0
0
0
0
0
0
0
0
0
0
0
0
0
0
0
0
0
0
0
0
0
0
0
0
0
0
0
0
0
0
0
0
0
0
0
0
0
0
0
0
0
0
0
0
0
0
0
0
0
0
0
0
0
0
0
0
0
0
0
0
0
0
0
0
0
0
0
0
0
0
0
0
0
0
0
0
0
0
0
0
0
0
0
0
0
0
0
0
0
0
0
0
0
0
0
0
0
0
0
0
0
0
0
0
0
0
0
0
0
0
0
0
0
0
0
0
0
0
0
0
0
0
0
0
0
0
0
0
0
0
0
0
0
0
0
0
0
0
0
0
0
0
0
0
0
0
0
0
0
0
0
0
0
0
0
0
0
0
0
0
0
0
0
0
0
0
0
0
0
0
0
0
0
0
0
0
0
0
0
0
0
0
0
0
0
0
0
0
0
0
0
0
0
0
0
0
0
0
0
0
0
0
0
0
0
0
0
0
0
0
0
0
0
0
0
0
0
0
0
0
0
0
0
0
0
0
0
0
0
0
0
0
0
0
0
0
0
0
0
0
0
0
0
0
0
0
0
0
0
0
0
0
0
0
0
0
0
0
0
0
0
0
0
0
0
0
0
0
0
0
0
0
0
0
0
0
0
0
0
0
0
0
0
0
0
0
0
0
0
0
0
0
0
0
0
0
0
0
0
0
0
0
0
0
0
0
0
0
0
0
0
0
0
0
0
0
0
0
0
0
0
0
0
0
0
0
0
0
0
0
0
0
0
0
0
0
0
0
0
0
0
0
0
0
0
0
0
0
0
0
0
0
0
0
0
0
0
0
0
0
0
0
0
0
0
0
0
0
0
0
0
0
0
0
0
0
0
0
0
0
0
0
0
0
0
0
0
0
0
0
0
0
0
0
0
0
0
0
0
0
0
0
0
0
0
0
0
0
0
0
0
0
0
0
0
0
0
0
0
0
0
0
0
0
0
0
0
0
0
0
0
0
0
0
0
0
0
0
0
0
0
0
0
0
0
0
0
0
0
0
0
0
0
0
0
0
0
0
0
0
0
0
0
0
0
0
0
0
0
0
0
0
0
0
0
0
0
0
0
0
0
0
0
0
0
0
0
0
0
0
0
0
0
0
0
0
0
0
0
0
0
0
0
0
0
0
0
0
0
0
0
0
0
0
0
0
0
0
0
0
0
0
0
0
0
0
0
0
0
0
0
0
0
0
0
0
0
0
0
0
0
0
0
0
0
0
0
0
0
0
0
0
0
0
0
0
0
0
0
0
0
0
0
0
0
0
0
0
0
0
0
0
0
0
0
0
0
0
0
0
0
0
0
0
0
0
0
0
0
0
0
0
0
0
0
0
0
0
0
0
0
0
0
0
0
0
0
0
0
0
0
0
0
0
0
0
0
0
0
0
0
0
0
0
0
0
0
0
0
0
0
0
0
0
0
0
0
0
0
0
0
0
0
0
0
0
0
0
0
0
0
0
0
0
0
0
0
0
0
0
0
0
0
0
0
0
0
0
0
0
0
0
)
;

boundaryField
{
    inlet
    {
        type            zeroGradient;
    }
    outlet
    {
        type            zeroGradient;
    }
    repeat_boundary
    {
        type            zeroGradient;
    }
    procBoundary1to0
    {
        type            processor;
        value           nonuniform List<scalar> 
450
(
0
0
0
0
0
0
0
0
0
0
0
0
0
0
0
0
0
0
0
0
0
0
0
0
0
0
0
0
0
0
0
0
0
0
0
0
0
0
0
0
0
0
0
0
0
0
0
0
0
0
0
0
0
0
0
0
0
0
0
0
0
0
0
0
0
0
0
0
0
0
0
0
0
0
0
0
0
0
0
0
0
0
0
0
0
0
0
0
0
0
0
0
0
0
0
0
0
0
0
0
0
0
0
0
0
0
0
0
0
0
0
0
0
0
0
0
0
0
0
0
0
0
0
0
0
0
0
0
0
0
0
0
0
0
0
0
0
0
0
0
0
0
0
0
0
0
0
0
0
0
0
0
0
0
0
0
0
0
0
0
0
0
0
0
0
0
0
0
0
0
0
0
0
0
0
0
0
0
0
0
0
0
0
0
0
0
0
0
0
0
0
0
0
0
0
0
0
0
0
0
0.000137478
4.40472e-05
0.000411569
0.000125693
3.27026e-05
2.90619e-05
0.00190944
0.0264984
4.20147e-05
0.000170745
0.000156233
5.46728e-05
0.00010872
0.0108007
7.56405e-05
0.000143032
0.000811868
6.23894e-05
0.00418357
5.45759e-05
0.000146368
0.00548068
0.00573797
0.00541866
0.0109704
3.91878e-05
0.000107128
8.26288e-05
0.00500298
0.0212847
0.000107671
4.21617e-05
0.000119098
0.0157319
8.30381e-05
8.01095e-05
0.000149656
0.0089582
8.44456e-05
0.00015497
0.000152649
3.93105e-05
0.000431671
0.000237901
0.00254255
0.000277999
0.000159272
6.45011e-05
0.00162938
7.54216e-05
0.00145249
0.000165459
0.00209442
8.22342e-05
5.7666e-05
0.000195118
2.9077e-05
5.71043e-05
0.000648898
7.23749e-05
0
0
5.84746e-05
0
0
0
0
0
0
0
0
0
0
0
0
0
0
0
0
0
0
0
0
0
0
0
0
0
0
0
0
0
0
0
0
0
0
0
0
0
0
0
0
0
0
0
0
0
0
0
0
0
0
0
0
0
0
0
0
0
0
0
0
0
0
0
0
0
0
0
0
0
0
0
0
0
0
0
0
0
0
0
0
0
0
0
0
0
0
0
0
0
0
0
0
0
0
0
0
0
0
0
0
0
0
0
0
0
0
0
0
0
0
0
0
0
0
0
0
0
0
0
0
0
0
0
0
0
0
0
0
0
0
0
0
0
0
0
0
0
0
0
0
0
0
0
0
0
0
0
0
0
0
0
0
0
0
0
0
0
0
0
0
0
0
0
0
0
0
0
0
0
0
0
0
0
0
0
0
0
0
0
0
0
0
0
0
0
0
0
)
;
    }
    procBoundary1to3
    {
        type            processor;
        value           nonuniform List<scalar> 
450
(
0
0
0
0
0
0
0
0
0
0
0
0
0
0
0
0
0
0
0
0
0
0
0
0
0
0
0
0
0
0
0
0
0
0
0
0
0
0
0
0
0
0
0
0
0
0
0
0
0
0
0
0
0
0
0
0
0
0
0
0
0
0
0
0
0
0
0
0
0
0
0
0
0
0
0
0
0
0
0
0
0
0
0
0
0
0
0
0
0
0
0
0
0
0
0
0
0
0
0
0
0
0
0
0
0
0
0
0
0
0
0
0
0
0
0
0
0
0
0
0
0
0
0
0
0
0
0
0
0
0
0
0
0
0
0
0
0
0
0
0
0
0
0
0
0
0
0
0
0
0
0
0
0
0
0
0
0
0
0
0
0
0
0
0
0
0
0
0
0
0
0
0
0
0
0
0
0
0
0
0
0
0
0
0
0
0
0
0
0
0
0
0
0
0
0
0
0
0
0
0
0.00654476
0.0142206
3.26983e-05
0.00011511
3.78491e-05
7.36375e-05
5.29975e-05
0.000394354
9.79901e-05
0.000151969
3.88636e-05
0.000468934
0.00837466
7.64838e-05
8.72382e-05
0.0080793
6.22978e-05
0.00772788
5.5351e-05
0.0236766
0.0109846
0.000497439
0.000177082
6.28498e-05
0.000319397
0.000111711
6.58397e-05
0.013114
0.0280524
0.000146861
0.0218707
0.0198246
0.000112614
0.0113031
0.000951439
0.000153435
7.71507e-05
0.000239691
0.00422821
4.94633e-05
1.81578e-05
0.0029543
0.000120087
7.81472e-05
0.000114618
9.29535e-05
6.08666e-05
0.00134726
0.00297207
0.00272067
5.8417e-05
9.70836e-05
5.23477e-05
0.00151048
2.07961e-05
2.47085e-05
3.77031e-05
0.000155608
0.000155446
0.000530634
0
0
1.86643e-05
3.78813e-05
4.36596e-06
0
0
0
0
0
0
0
0
0
0
0
0
0
0
0
0
0
0
0
0
0
0
0
0
0
0
0
0
0
0
0
0
0
0
0
0
0
0
0
0
0
0
0
0
0
0
0
0
0
0
0
0
0
0
0
0
0
0
0
0
0
0
0
0
0
0
0
0
0
0
0
0
0
0
0
0
0
0
0
0
0
0
0
0
0
0
0
0
0
0
0
0
0
0
0
0
0
0
0
0
0
0
0
0
0
0
0
0
0
0
0
0
0
0
0
0
0
0
0
0
0
0
0
0
0
0
0
0
0
0
0
0
0
0
0
0
0
0
0
0
0
0
0
0
0
0
0
0
0
0
0
0
0
0
0
0
0
0
0
0
0
0
0
0
0
0
0
0
0
0
0
0
0
0
0
0
0
0
0
0
0
0
0
0
0
)
;
    }
}


// ************************************************************************* //
