/*--------------------------------*- C++ -*----------------------------------*\
| =========                 |                                                 |
| \\      /  F ield         | OpenFOAM: The Open Source CFD Toolbox           |
|  \\    /   O peration     | Version:  5.x                                   |
|   \\  /    A nd           | Web:      www.OpenFOAM.org                      |
|    \\/     M anipulation  |                                                 |
\*---------------------------------------------------------------------------*/
FoamFile
{
    version     2.0;
    format      ascii;
    class       surfaceScalarField;
    location    "0.01";
    object      phi;
}
// * * * * * * * * * * * * * * * * * * * * * * * * * * * * * * * * * * * * * //

dimensions      [0 3 -1 0 0 0 0];

internalField   nonuniform List<scalar> 
5825
(
-2.17471e-17
-1.4981e-17
-9.99999e-10
-8.27802e-17
-1.72887e-17
-9.99999e-10
-1.50155e-16
-3.01482e-17
-1e-09
-2.07916e-16
-3.04365e-17
-1e-09
-1.25358e-17
-1e-09
-2.41243e-17
-6.37621e-17
-9.99999e-10
-9.56631e-17
-7.61383e-17
-1e-09
-1.50566e-16
-8.45084e-17
-1e-09
-1.91543e-16
-6.9964e-17
-1e-09
-2.49183e-17
-1e-09
-3.63948e-17
-8.63206e-17
-1e-09
-1.03868e-16
-9.49723e-17
-1e-09
-1.35807e-16
-1.06822e-16
-1e-09
-1.47923e-16
-9.94624e-17
-1e-09
-6.00304e-17
-1e-09
-4.50064e-17
-5.88295e-17
-1e-09
-1.15696e-16
-9.27811e-17
-1e-09
-1.28322e-16
-1.23979e-16
-1e-09
-1.22219e-16
-1.28384e-16
-1e-09
-9.74658e-17
-1e-09
-7.86601e-17
-1e-09
-1.43851e-16
-1e-09
-1.17474e-16
-1e-09
-9.54379e-17
-1e-09
-1e-09
-7.55114e-17
-6.38116e-17
-9.99999e-10
-2.70721e-16
-9.42306e-17
-9.99999e-10
-4.0558e-16
-1.02368e-16
-1e-09
-5.10575e-16
-9.1851e-17
-1e-09
-4.83622e-17
-1e-09
-1.06141e-16
-2.32448e-16
-9.99999e-10
-2.78943e-16
-2.53566e-16
-9.99999e-10
-3.95428e-16
-2.66494e-16
-1e-09
-4.70186e-16
-2.27291e-16
-1e-09
-1.37584e-16
-1e-09
-1.27394e-16
-3.05381e-16
-1e-09
-2.9156e-16
-3.40264e-16
-1e-09
-3.55465e-16
-3.56266e-16
-1e-09
-3.83038e-16
-3.33614e-16
-1e-09
-2.39568e-16
-1e-09
-1.62139e-16
-3.16352e-16
-1e-09
-3.07768e-16
-3.91788e-16
-1e-09
-3.32574e-16
-4.25322e-16
-1e-09
-3.3201e-16
-4.10619e-16
-1e-09
-3.21173e-16
-1e-09
-2.38334e-16
-1e-09
-3.34906e-16
-1e-09
-2.70341e-16
-1e-09
-2.638e-16
-1e-09
-1e-09
-1.57979e-16
-1.65141e-16
-9.99999e-10
-4.5e-16
-2.14398e-16
-9.99999e-10
-6.00612e-16
-2.04133e-16
-9.99999e-10
-7.09311e-16
-1.79869e-16
-1e-09
-1.40671e-16
-1e-09
-2.07614e-16
-4.56327e-16
-9.99999e-10
-4.40418e-16
-4.80337e-16
-9.99999e-10
-5.78071e-16
-4.7769e-16
-9.99999e-10
-6.72149e-16
-4.25893e-16
-1e-09
-3.45592e-16
-1e-09
-2.31626e-16
-6.12548e-16
-1e-09
-4.37612e-16
-6.53557e-16
-1e-09
-5.25952e-16
-6.37767e-16
-1e-09
-5.91476e-16
-5.98565e-16
-1e-09
-5.35973e-16
-1e-09
-2.70834e-16
-7.25888e-16
-1e-09
-4.21974e-16
-7.54125e-16
-1e-09
-4.86617e-16
-7.34474e-16
-1e-09
-5.36224e-16
-6.72333e-16
-1e-09
-5.55201e-16
-1e-09
-2.98322e-16
-1e-09
-4.04403e-16
-1e-09
-4.17882e-16
-1e-09
-4.08836e-16
-1e-09
-1e-09
-2.68411e-16
-3.11488e-16
-9.99999e-10
-6.08684e-16
-3.66012e-16
-9.99999e-10
-7.70811e-16
-3.33296e-16
-9.99999e-10
-9.11007e-16
-3.07255e-16
-9.99999e-10
-2.75039e-16
-9.99999e-10
-3.22112e-16
-7.20149e-16
-9.99999e-10
-5.79553e-16
-7.26032e-16
-9.99999e-10
-7.49616e-16
-6.96739e-16
-9.99999e-10
-8.84747e-16
-6.46448e-16
-9.99999e-10
-5.95443e-16
-1e-09
-3.24116e-16
-9.5169e-16
-9.99999e-10
-5.50485e-16
-9.55243e-16
-9.99999e-10
-6.99355e-16
-9.03895e-16
-9.99999e-10
-8.3168e-16
-8.68476e-16
-1e-09
-8.59451e-16
-1e-09
-3.21956e-16
-1.10741e-15
-9.99999e-10
-4.99385e-16
-1.0582e-15
-1e-09
-6.64049e-16
-1.00183e-15
-1e-09
-8.11406e-16
-9.54952e-16
-1e-09
-9.14477e-16
-1e-09
-2.67182e-16
-1e-09
-4.45455e-16
-1e-09
-6.28074e-16
-1e-09
-7.6907e-16
-1e-09
-1e-09
-3.99232e-16
-4.86753e-16
-9.99998e-10
-7.75683e-16
-5.28715e-16
-9.99998e-10
-9.78345e-16
-4.80232e-16
-9.99998e-10
-1.16775e-15
-4.58223e-16
-9.99999e-10
-4.27586e-16
-9.99999e-10
-4.40576e-16
-9.81739e-16
-9.99998e-10
-7.33662e-16
-9.58135e-16
-9.99998e-10
-9.63139e-16
-9.14284e-16
-9.99999e-10
-1.14392e-15
-8.85342e-16
-9.99999e-10
-8.73212e-16
-9.99999e-10
-4.09641e-16
-1.26836e-15
-9.99999e-10
-6.90215e-16
-1.23789e-15
-9.99999e-10
-9.34184e-16
-1.18126e-15
-9.99999e-10
-1.13359e-15
-1.17179e-15
-9.99999e-10
-1.20197e-15
-1e-09
-3.71955e-16
-1.44145e-15
-9.99999e-10
-6.33851e-16
-1.36574e-15
-9.99999e-10
-9.24621e-16
-1.30108e-15
-9.99999e-10
-1.16326e-15
-1.29069e-15
-1e-09
-1.33587e-15
-1e-09
-2.90297e-16
-9.99999e-10
-5.68767e-16
-9.99999e-10
-9.11629e-16
-1e-09
-1.18484e-15
-1e-09
-1e-09
-5.58127e-16
-6.73364e-16
-9.99997e-10
-9.9263e-16
-6.92321e-16
-9.99997e-10
-1.27488e-15
-6.43176e-16
-9.99997e-10
-1.50425e-15
-6.28681e-16
-9.99998e-10
-6.21552e-16
-9.99998e-10
-5.76226e-16
-1.2464e-15
-9.99997e-10
-9.49296e-16
-1.20792e-15
-9.99997e-10
-1.26608e-15
-1.17135e-15
-9.99998e-10
-1.50259e-15
-1.179e-15
-9.99998e-10
-1.22392e-15
-9.99999e-10
-5.31205e-16
-1.62086e-15
-9.99997e-10
-9.13127e-16
-1.58522e-15
-9.99998e-10
-1.2735e-15
-1.54902e-15
-9.99998e-10
-1.55076e-15
-1.58023e-15
-9.99998e-10
-1.65425e-15
-9.99999e-10
-4.89955e-16
-1.8806e-15
-9.99998e-10
-8.77606e-16
-1.80712e-15
-9.99998e-10
-1.30426e-15
-1.75711e-15
-9.99999e-10
-1.64328e-15
-1.79198e-15
-9.99999e-10
-1.91122e-15
-1e-09
-4.10871e-16
-9.99999e-10
-8.24221e-16
-9.99999e-10
-1.32141e-15
-9.99999e-10
-1.73134e-15
-1e-09
-1e-09
-7.53514e-16
-8.74868e-16
-9.99995e-10
-1.30959e-15
-8.71811e-16
-9.99996e-10
-1.72748e-15
-8.3457e-16
-9.99996e-10
-2.03279e-15
-8.35909e-16
-9.99997e-10
-8.71042e-16
-9.99998e-10
-7.49919e-16
-1.56809e-15
-9.99995e-10
-1.27653e-15
-1.53384e-15
-9.99996e-10
-1.73346e-15
-1.52118e-15
-9.99996e-10
-2.07335e-15
-1.57018e-15
-9.99997e-10
-1.66953e-15
-9.99998e-10
-7.10981e-16
-2.08634e-15
-9.99996e-10
-1.26431e-15
-2.06372e-15
-9.99996e-10
-1.78182e-15
-2.06743e-15
-9.99997e-10
-2.17445e-15
-2.1485e-15
-9.99997e-10
-2.2655e-15
-9.99998e-10
-6.83792e-16
-2.46745e-15
-9.99997e-10
-1.26944e-15
-2.4138e-15
-9.99997e-10
-1.86187e-15
-2.42117e-15
-9.99997e-10
-2.32618e-15
-2.5235e-15
-9.99998e-10
-2.69205e-15
-9.99999e-10
-6.22242e-16
-9.99997e-10
-1.2742e-15
-9.99998e-10
-1.93365e-15
-9.99998e-10
-2.53607e-15
-9.99999e-10
-1e-09
-1.00004e-15
-1.10815e-15
-9.99993e-10
-1.78726e-15
-1.09236e-15
-9.99993e-10
-2.42667e-15
-1.07758e-15
-9.99994e-10
-2.88001e-15
-1.10011e-15
-9.99995e-10
-1.15515e-15
-9.99996e-10
-9.83842e-16
-2.00706e-15
-9.99993e-10
-1.77713e-15
-1.99235e-15
-9.99994e-10
-2.4549e-15
-2.01302e-15
-9.99994e-10
-2.94153e-15
-2.08745e-15
-9.99995e-10
-2.20393e-15
-9.99997e-10
-9.64206e-16
-2.72388e-15
-9.99994e-10
-1.79827e-15
-2.73105e-15
-9.99994e-10
-2.52888e-15
-2.78353e-15
-9.99995e-10
-3.05642e-15
-2.88485e-15
-9.99996e-10
-3.00233e-15
-9.99997e-10
-9.6594e-16
-3.21833e-15
-9.99995e-10
-1.85171e-15
-3.23281e-15
-9.99995e-10
-2.62969e-15
-3.30671e-15
-9.99996e-10
-3.17907e-15
-3.39482e-15
-9.99997e-10
-3.46833e-15
-9.99998e-10
-9.72069e-16
-9.99996e-10
-1.92547e-15
-9.99996e-10
-2.71042e-15
-9.99997e-10
-3.26403e-15
-9.99998e-10
-9.99999e-10
-1.33371e-15
-1.41242e-15
-9.9999e-10
-2.49346e-15
-1.39933e-15
-9.99991e-10
-3.44953e-15
-1.41306e-15
-9.99992e-10
-4.0909e-15
-1.44548e-15
-9.99993e-10
-1.48733e-15
-9.99995e-10
-1.32042e-15
-2.63788e-15
-9.9999e-10
-2.5137e-15
-2.65567e-15
-9.99991e-10
-3.48992e-15
-2.69925e-15
-9.99992e-10
-4.14167e-15
-2.7672e-15
-9.99993e-10
-2.857e-15
-9.99995e-10
-1.33178e-15
-3.63359e-15
-9.99991e-10
-2.55763e-15
-3.6774e-15
-9.99992e-10
-3.55783e-15
-3.74794e-15
-9.99993e-10
-4.22997e-15
-3.8285e-15
-9.99994e-10
-3.87919e-15
-9.99996e-10
-1.36791e-15
-4.28873e-15
-9.99993e-10
-2.62832e-15
-4.35958e-15
-9.99993e-10
-3.63824e-15
-4.43492e-15
-9.99994e-10
-4.2781e-15
-4.4595e-15
-9.99996e-10
-4.39027e-15
-9.99997e-10
-1.429e-15
-9.99994e-10
-2.70527e-15
-9.99995e-10
-3.66479e-15
-9.99996e-10
-4.20629e-15
-9.99997e-10
-9.99998e-10
-1.81882e-15
-1.85961e-15
-9.99986e-10
-3.49373e-15
-1.86126e-15
-9.99987e-10
-4.85693e-15
-1.89236e-15
-9.99988e-10
-5.72763e-15
-1.91368e-15
-9.9999e-10
-1.93301e-15
-9.99992e-10
-1.82019e-15
-3.5558e-15
-9.99987e-10
-3.53374e-15
-3.59869e-15
-9.99988e-10
-4.88952e-15
-3.63182e-15
-9.99989e-10
-5.76047e-15
-3.66421e-15
-9.99991e-10
-3.70381e-15
-9.99993e-10
-1.85435e-15
-4.93513e-15
-9.99988e-10
-3.56715e-15
-4.98305e-15
-9.99989e-10
-4.92215e-15
-5.02357e-15
-9.9999e-10
-5.80057e-15
-5.06359e-15
-9.99992e-10
-5.03853e-15
-9.99994e-10
-1.89093e-15
-5.81363e-15
-9.9999e-10
-3.60764e-15
-5.86282e-15
-9.99991e-10
-4.96231e-15
-5.90563e-15
-9.99992e-10
-5.77632e-15
-5.89902e-15
-9.99994e-10
-5.72732e-15
-9.99996e-10
-1.92573e-15
-9.99992e-10
-3.64896e-15
-9.99993e-10
-4.95419e-15
-9.99994e-10
-5.60407e-15
-9.99996e-10
-9.99998e-10
-2.52036e-15
-2.52624e-15
-9.99981e-10
-4.85428e-15
-2.53452e-15
-9.99982e-10
-6.73946e-15
-2.56005e-15
-9.99984e-10
-7.94366e-15
-2.55863e-15
-9.99986e-10
-2.55062e-15
-9.99989e-10
-2.5282e-15
-4.8515e-15
-9.99982e-10
-4.89222e-15
-4.89187e-15
-9.99983e-10
-6.75373e-15
-4.89145e-15
-9.99985e-10
-7.95511e-15
-4.87881e-15
-9.99987e-10
-4.85617e-15
-9.9999e-10
-2.55635e-15
-6.73208e-15
-9.99984e-10
-4.89197e-15
-6.75244e-15
-9.99985e-10
-6.74072e-15
-6.7541e-15
-9.99987e-10
-7.93514e-15
-6.75599e-15
-9.99989e-10
-6.67471e-15
-9.99992e-10
-2.56116e-15
-7.89367e-15
-9.99986e-10
-4.89379e-15
-7.92018e-15
-9.99987e-10
-6.74246e-15
-7.95767e-15
-9.99989e-10
-7.86892e-15
-7.9548e-15
-9.99991e-10
-7.79085e-15
-9.99994e-10
-2.56689e-15
-9.99989e-10
-4.92623e-15
-9.9999e-10
-6.72733e-15
-9.99992e-10
-7.73167e-15
-9.99994e-10
-9.99997e-10
-3.47988e-15
-3.4608e-15
-9.99974e-10
-6.67177e-15
-3.46053e-15
-9.99976e-10
-9.24673e-15
-3.46921e-15
-9.99978e-10
-1.09102e-14
-3.44467e-15
-9.99981e-10
-3.40043e-15
-9.99985e-10
-3.47948e-15
-6.62822e-15
-9.99976e-10
-6.69663e-15
-6.6529e-15
-9.99977e-10
-9.24335e-15
-6.62305e-15
-9.99979e-10
-1.08908e-14
-6.56397e-15
-9.99983e-10
-6.47457e-15
-9.99987e-10
-3.48827e-15
-9.18253e-15
-9.99978e-10
-6.6665e-15
-9.18831e-15
-9.99979e-10
-9.18343e-15
-9.15778e-15
-9.99982e-10
-1.08024e-14
-9.10358e-15
-9.99985e-10
-8.98603e-15
-9.99989e-10
-3.47303e-15
-1.07791e-14
-9.99981e-10
-6.63582e-15
-1.08176e-14
-9.99983e-10
-9.1291e-15
-1.08207e-14
-9.99985e-10
-1.06937e-14
-1.07733e-14
-9.99988e-10
-1.06392e-14
-9.99992e-10
-3.4859e-15
-9.99985e-10
-6.63676e-15
-9.99987e-10
-9.07142e-15
-9.99989e-10
-1.05751e-14
-9.99992e-10
-9.99996e-10
-4.75696e-15
-4.72285e-15
-9.99965e-10
-9.11633e-15
-4.71908e-15
-9.99967e-10
-1.26121e-14
-4.71494e-15
-9.9997e-10
-1.4856e-14
-4.66916e-15
-9.99975e-10
-4.58921e-15
-9.9998e-10
-4.75332e-15
-9.05501e-15
-9.99967e-10
-9.13323e-15
-9.07403e-15
-9.99968e-10
-1.25947e-14
-9.01905e-15
-9.99972e-10
-1.48087e-14
-8.9067e-15
-9.99976e-10
-8.75646e-15
-9.99982e-10
-4.75131e-15
-1.25357e-14
-9.9997e-10
-9.07758e-15
-1.25393e-14
-9.99972e-10
-1.2482e-14
-1.24572e-14
-9.99975e-10
-1.46548e-14
-1.23293e-14
-9.99979e-10
-1.21983e-14
-9.99985e-10
-4.72643e-15
-1.47574e-14
-9.99975e-10
-8.99477e-15
-1.47649e-14
-9.99976e-10
-1.23541e-14
-1.46802e-14
-9.99979e-10
-1.45128e-14
-1.45691e-14
-9.99984e-10
-1.45377e-14
-9.99989e-10
-4.70149e-15
-9.9998e-10
-8.91404e-15
-9.99982e-10
-1.2255e-14
-9.99985e-10
-1.44811e-14
-9.99989e-10
-9.99995e-10
-6.48949e-15
-6.44446e-15
-9.99952e-10
-1.24496e-14
-6.45233e-15
-9.99954e-10
-1.71876e-14
-6.43843e-15
-9.99959e-10
-2.01993e-14
-6.3693e-15
-9.99965e-10
-6.2594e-15
-9.99973e-10
-6.49761e-15
-1.23758e-14
-9.99954e-10
-1.24639e-14
-1.23933e-14
-9.99957e-10
-1.71569e-14
-1.23032e-14
-9.99961e-10
-2.01351e-14
-1.21377e-14
-9.99968e-10
-1.1947e-14
-9.99975e-10
-6.48698e-15
-1.7098e-14
-9.99959e-10
-1.23731e-14
-1.70814e-14
-9.99961e-10
-1.69919e-14
-1.69385e-14
-9.99966e-10
-1.99426e-14
-1.6757e-14
-9.99972e-10
-1.66153e-14
-9.99979e-10
-6.43225e-15
-2.00966e-14
-9.99965e-10
-1.22289e-14
-2.00516e-14
-9.99967e-10
-1.68103e-14
-1.99105e-14
-9.99972e-10
-1.97823e-14
-1.97698e-14
-9.99978e-10
-1.98173e-14
-9.99986e-10
-6.34303e-15
-9.99972e-10
-1.20905e-14
-9.99975e-10
-1.66898e-14
-9.99979e-10
-1.98286e-14
-9.99985e-10
-9.99993e-10
-8.88925e-15
-8.82682e-15
-9.99935e-10
-1.70118e-14
-8.8398e-15
-9.99938e-10
-2.34471e-14
-8.80537e-15
-9.99944e-10
-2.75279e-14
-8.70795e-15
-9.99953e-10
-8.58477e-15
-9.99963e-10
-8.90267e-15
-1.69006e-14
-9.99938e-10
-1.70152e-14
-1.69033e-14
-9.99941e-10
-2.34013e-14
-1.67731e-14
-9.99947e-10
-2.74669e-14
-1.65786e-14
-9.99956e-10
-1.63812e-14
-9.99966e-10
-8.86783e-15
-2.32839e-14
-9.99944e-10
-1.68845e-14
-2.32387e-14
-9.99947e-10
-2.32075e-14
-2.30585e-14
-9.99953e-10
-2.72719e-14
-2.28496e-14
-9.99962e-10
-2.26504e-14
-9.99972e-10
-8.7717e-15
-2.73153e-14
-9.99952e-10
-1.67026e-14
-2.72637e-14
-9.99956e-10
-2.2998e-14
-2.71005e-14
-9.99962e-10
-2.70671e-14
-2.68983e-14
-9.9997e-10
-2.68618e-14
-9.9998e-10
-8.66064e-15
-9.99962e-10
-1.65385e-14
-9.99966e-10
-2.28033e-14
-9.99972e-10
-2.70327e-14
-9.9998e-10
-9.9999e-10
-1.21972e-14
-1.21037e-14
-9.9991e-10
-2.32388e-14
-1.20919e-14
-9.99915e-10
-3.20076e-14
-1.20219e-14
-9.99923e-10
-3.75785e-14
-1.19039e-14
-9.99935e-10
-1.18042e-14
-9.99949e-10
-1.21858e-14
-2.30548e-14
-9.99915e-10
-2.32188e-14
-2.30298e-14
-9.99919e-10
-3.1958e-14
-2.28741e-14
-9.99928e-10
-3.75616e-14
-2.26778e-14
-9.9994e-10
-2.24792e-14
-9.99953e-10
-1.21113e-14
-3.17192e-14
-9.99923e-10
-2.30627e-14
-3.16609e-14
-9.99928e-10
-3.17618e-14
-3.14597e-14
-9.99936e-10
-3.73655e-14
-3.1203e-14
-9.99948e-10
-3.0888e-14
-9.99962e-10
-1.19847e-14
-3.72212e-14
-9.99935e-10
-2.28603e-14
-3.71861e-14
-9.99939e-10
-3.15048e-14
-3.69755e-14
-9.99948e-10
-3.70486e-14
-3.66371e-14
-9.99959e-10
-3.63307e-14
-9.99973e-10
-1.18699e-14
-9.99949e-10
-2.26489e-14
-9.99953e-10
-3.11697e-14
-9.99961e-10
-3.67446e-14
-9.99973e-10
-9.99986e-10
-1.67016e-14
-1.65649e-14
-9.99877e-10
-3.1758e-14
-1.65158e-14
-9.99883e-10
-4.37485e-14
-1.64131e-14
-9.99895e-10
-5.14023e-14
-1.62868e-14
-9.99911e-10
-1.61959e-14
-9.99931e-10
-1.66528e-14
-3.14778e-14
-9.99883e-10
-3.17218e-14
-3.14333e-14
-9.99889e-10
-4.37141e-14
-3.12596e-14
-9.99901e-10
-5.14232e-14
-3.10281e-14
-9.99917e-10
-3.07504e-14
-9.99936e-10
-1.65424e-14
-4.33191e-14
-9.99895e-10
-3.1548e-14
-4.32664e-14
-9.99901e-10
-4.34824e-14
-4.30109e-14
-9.99913e-10
-5.11465e-14
-4.26342e-14
-9.99929e-10
-4.21664e-14
-9.99948e-10
-1.63981e-14
-5.0884e-14
-9.99911e-10
-3.12923e-14
-5.0873e-14
-9.99917e-10
-4.31059e-14
-5.05569e-14
-9.99929e-10
-5.0674e-14
-5.00385e-14
-9.99945e-10
-4.94554e-14
-9.99963e-10
-1.62775e-14
-9.9993e-10
-3.09764e-14
-9.99936e-10
-4.25929e-14
-9.99947e-10
-5.00923e-14
-9.99963e-10
-9.99982e-10
-2.2842e-14
-2.26533e-14
-9.99832e-10
-4.34886e-14
-2.25954e-14
-9.9984e-10
-5.99174e-14
-2.24619e-14
-9.99856e-10
-7.04519e-14
-2.22904e-14
-9.99879e-10
-2.20953e-14
-9.99905e-10
-2.27844e-14
-4.31009e-14
-9.9984e-10
-4.34455e-14
-4.30485e-14
-9.99848e-10
-5.98723e-14
-4.28028e-14
-9.99865e-10
-7.04098e-14
-4.24285e-14
-9.99887e-10
-4.19569e-14
-9.99913e-10
-2.26427e-14
-5.93537e-14
-9.99856e-10
-4.31998e-14
-5.92952e-14
-9.99864e-10
-5.94987e-14
-5.88914e-14
-9.9988e-10
-6.99405e-14
-5.82999e-14
-9.99903e-10
-5.76325e-14
-9.99928e-10
-2.24589e-14
-6.98011e-14
-9.99878e-10
-4.27953e-14
-6.97671e-14
-9.99887e-10
-5.89075e-14
-6.92443e-14
-9.99902e-10
-6.92712e-14
-6.84961e-14
-9.99924e-10
-6.76886e-14
-9.9995e-10
-2.2274e-14
-9.99905e-10
-4.22704e-14
-9.99913e-10
-5.81615e-14
-9.99928e-10
-6.84636e-14
-9.9995e-10
-9.99975e-10
-3.1288e-14
-3.10384e-14
-9.9977e-10
-5.96638e-14
-3.09936e-14
-9.99781e-10
-8.2168e-14
-3.07815e-14
-9.99803e-10
-9.6621e-14
-3.04784e-14
-9.99834e-10
-3.00889e-14
-9.9987e-10
-3.1244e-14
-5.91601e-14
-9.99781e-10
-5.9577e-14
-5.9067e-14
-9.99792e-10
-8.20403e-14
-5.8639e-14
-9.99815e-10
-9.64406e-14
-5.80139e-14
-9.99845e-10
-5.72657e-14
-9.99881e-10
-3.1027e-14
-8.14751e-14
-9.99803e-10
-5.91488e-14
-8.13469e-14
-9.99814e-10
-8.1417e-14
-8.06883e-14
-9.99836e-10
-9.56973e-14
-7.97935e-14
-9.99867e-10
-7.87984e-14
-9.99902e-10
-3.07248e-14
-9.58558e-14
-9.99834e-10
-5.84879e-14
-9.56931e-14
-9.99845e-10
-8.05223e-14
-9.48755e-14
-9.99866e-10
-9.47088e-14
-9.38201e-14
-9.99896e-10
-9.26558e-14
-9.99931e-10
-3.03559e-14
-9.9987e-10
-5.76659e-14
-9.99881e-10
-7.94612e-14
-9.99902e-10
-9.35445e-14
-9.99931e-10
-9.99965e-10
-4.29472e-14
-4.2627e-14
-9.99684e-10
-8.19008e-14
-4.25595e-14
-9.997e-10
-1.12736e-13
-4.21881e-14
-9.9973e-10
-1.32553e-13
-4.16808e-14
-9.99773e-10
-4.10656e-14
-9.99823e-10
-4.28807e-14
-8.12655e-14
-9.997e-10
-8.17031e-14
-8.1064e-14
-9.99715e-10
-1.1247e-13
-8.0352e-14
-9.99746e-10
-1.32222e-13
-7.93754e-14
-9.99788e-10
-7.82254e-14
-9.99837e-10
-4.2507e-14
-1.11869e-13
-9.9973e-10
-8.09906e-14
-1.11605e-13
-9.99746e-10
-1.11497e-13
-1.10597e-13
-9.99776e-10
-1.31076e-13
-1.09252e-13
-9.99817e-10
-1.07692e-13
-9.99866e-10
-4.20024e-14
-1.31535e-13
-9.99772e-10
-7.998e-14
-1.31208e-13
-9.99788e-10
-1.10152e-13
-1.30006e-13
-9.99817e-10
-1.29522e-13
-1.28466e-13
-9.99858e-10
-1.26713e-13
-9.99906e-10
-4.13938e-14
-9.99822e-10
-7.8775e-14
-9.99837e-10
-1.08606e-13
-9.99866e-10
-1.2777e-13
-9.99906e-10
-9.99953e-10
-5.90176e-14
-5.86247e-14
-9.99567e-10
-1.12446e-13
-5.84703e-14
-9.99588e-10
-1.54766e-13
-5.78696e-14
-9.9963e-10
-1.81973e-13
-5.70837e-14
-9.99689e-10
-5.61425e-14
-9.99757e-10
-5.88643e-14
-1.1166e-13
-9.99588e-10
-1.12085e-13
-1.11296e-13
-9.9961e-10
-1.54312e-13
-1.10195e-13
-9.99652e-10
-1.81419e-13
-1.08685e-13
-9.9971e-10
-1.06911e-13
-9.99778e-10
-5.82631e-14
-1.53637e-13
-9.9963e-10
-1.10983e-13
-1.53185e-13
-9.99652e-10
-1.52806e-13
-1.51657e-13
-9.99693e-10
-1.79643e-13
-1.49579e-13
-9.9975e-10
-1.47119e-13
-9.99817e-10
-5.74807e-14
-1.80519e-13
-9.99688e-10
-1.09453e-13
-1.79964e-13
-9.99709e-10
-1.50728e-13
-1.78157e-13
-9.9975e-10
-1.77173e-13
-1.75778e-13
-9.99806e-10
-1.73044e-13
-9.99871e-10
-5.65395e-14
-9.99756e-10
-1.07648e-13
-9.99777e-10
-1.48357e-13
-9.99816e-10
-1.7444e-13
-9.99871e-10
-9.99935e-10
-8.11519e-14
-8.07076e-14
-9.99405e-10
-1.54483e-13
-8.04093e-14
-9.99435e-10
-2.12646e-13
-7.94926e-14
-9.99493e-10
-2.50021e-13
-7.82791e-14
-9.99573e-10
-7.68268e-14
-9.99668e-10
-8.08544e-14
-1.53552e-13
-9.99435e-10
-1.53895e-13
-1.52963e-13
-9.99464e-10
-2.11888e-13
-1.51278e-13
-9.99522e-10
-2.491e-13
-1.48927e-13
-9.99602e-10
-1.46204e-13
-9.99696e-10
-7.9939e-14
-2.11183e-13
-9.99493e-10
-1.5221e-13
-2.1042e-13
-9.99522e-10
-2.09542e-13
-2.08067e-13
-9.99579e-10
-2.46373e-13
-2.04839e-13
-9.99658e-10
-2.01002e-13
-9.9975e-10
-7.87246e-14
-2.47948e-13
-9.99573e-10
-1.49853e-13
-2.47002e-13
-9.99602e-10
-2.06313e-13
-2.44255e-13
-9.99657e-10
-2.42514e-13
-2.40521e-13
-9.99734e-10
-2.36137e-13
-9.99824e-10
-7.72487e-14
-9.99667e-10
-1.47107e-13
-9.99695e-10
-2.02598e-13
-9.99749e-10
-2.38131e-13
-9.99823e-10
-9.99911e-10
-1.11657e-13
-1.1123e-13
-9.99182e-10
-2.12443e-13
-1.10716e-13
-9.99223e-10
-2.92451e-13
-1.09321e-13
-9.99304e-10
-3.43849e-13
-1.07415e-13
-9.99415e-10
-1.05137e-13
-9.99545e-10
-1.11144e-13
-2.11445e-13
-9.99223e-10
-2.115e-13
-2.10499e-13
-9.99264e-10
-2.91169e-13
-2.07877e-13
-9.99344e-10
-3.42306e-13
-2.0421e-13
-9.99454e-10
-1.99976e-13
-9.99583e-10
-1.09748e-13
-2.90642e-13
-9.99304e-10
-2.08878e-13
-2.89349e-13
-9.99344e-10
-2.87506e-13
-2.85707e-13
-9.99423e-10
-3.38072e-13
-2.8071e-13
-9.99531e-10
-2.74794e-13
-9.99658e-10
-1.07833e-13
-3.40975e-13
-9.99415e-10
-2.0523e-13
-3.39444e-13
-9.99454e-10
-2.82507e-13
-3.35226e-13
-9.99531e-10
-3.32145e-13
-3.29389e-13
-9.99636e-10
-3.22501e-13
-9.99759e-10
-1.05574e-13
-9.99544e-10
-2.01008e-13
-9.99583e-10
-2.76678e-13
-9.99657e-10
-3.25256e-13
-9.99759e-10
-9.99878e-10
-1.5375e-13
-1.53497e-13
-9.98875e-10
-2.92484e-13
-1.52654e-13
-9.98932e-10
-4.02617e-13
-1.50488e-13
-9.99043e-10
-4.73357e-13
-1.47479e-13
-9.99196e-10
-1.43902e-13
-9.99377e-10
-1.52907e-13
-2.91642e-13
-9.98932e-10
-2.90939e-13
-2.90093e-13
-9.98989e-10
-4.00466e-13
-2.85979e-13
-9.99099e-10
-4.7079e-13
-2.80279e-13
-9.99251e-10
-2.7365e-13
-9.99429e-10
-1.50738e-13
-4.00618e-13
-9.99044e-10
-2.86823e-13
-3.98471e-13
-9.991e-10
-3.94769e-13
-3.92828e-13
-9.99208e-10
-4.6417e-13
-3.85089e-13
-9.99357e-10
-3.75978e-13
-9.99531e-10
-1.47736e-13
-4.69681e-13
-9.99198e-10
-2.8117e-13
-4.67187e-13
-9.99252e-10
-3.87026e-13
-4.60621e-13
-9.99357e-10
-4.55063e-13
-4.51529e-13
-9.99501e-10
-4.4076e-13
-9.99671e-10
-1.44238e-13
-9.99377e-10
-2.74593e-13
-9.9943e-10
-3.77926e-13
-9.99531e-10
-4.44291e-13
-9.9967e-10
-9.99834e-10
-2.11954e-13
-2.12204e-13
-9.98451e-10
-4.03202e-13
-2.10841e-13
-9.9853e-10
-5.54932e-13
-2.07447e-13
-9.98684e-10
-6.52365e-13
-2.02767e-13
-9.98896e-10
-1.9727e-13
-9.99146e-10
-2.1059e-13
-4.03028e-13
-9.98531e-10
-4.0066e-13
-4.00488e-13
-9.98609e-10
-5.51431e-13
-3.94061e-13
-9.98762e-10
-6.48254e-13
-3.85232e-13
-9.98972e-10
-3.74887e-13
-9.99219e-10
-2.07195e-13
-5.53198e-13
-9.98687e-10
-3.94229e-13
-5.49708e-13
-9.98763e-10
-5.42605e-13
-5.40952e-13
-9.98913e-10
-6.37918e-13
-5.28936e-13
-9.99118e-10
-5.14787e-13
-9.99359e-10
-2.02526e-13
-6.47987e-13
-9.98901e-10
-3.8546e-13
-6.43934e-13
-9.98975e-10
-5.30583e-13
-6.33706e-13
-9.99119e-10
-6.23779e-13
-6.19578e-13
-9.99317e-10
-6.0282e-13
-9.9955e-10
-1.97093e-13
-9.9915e-10
-3.75216e-13
-9.99221e-10
-5.16437e-13
-9.9936e-10
-6.07015e-13
-9.9955e-10
-9.99774e-10
-2.92664e-13
-2.94063e-13
-9.97864e-10
-5.56679e-13
-2.91876e-13
-9.97974e-10
-7.65915e-13
-2.86574e-13
-9.98188e-10
-9.00185e-13
-2.79322e-13
-9.98483e-10
-2.70826e-13
-9.98828e-10
-2.90472e-13
-5.58229e-13
-9.97976e-10
-5.52551e-13
-5.54106e-13
-9.98085e-10
-7.60286e-13
-5.44065e-13
-9.98297e-10
-8.93595e-13
-5.30342e-13
-9.98588e-10
-5.14248e-13
-9.98929e-10
-2.85166e-13
-7.65461e-13
-9.98195e-10
-5.42505e-13
-7.59817e-13
-9.98301e-10
-7.46564e-13
-7.46154e-13
-9.98507e-10
-8.77503e-13
-7.27434e-13
-9.9879e-10
-7.05426e-13
-9.99122e-10
-2.77893e-13
-8.95491e-13
-9.98493e-10
-5.28825e-13
-8.88948e-13
-9.98595e-10
-7.27835e-13
-8.72974e-13
-9.98793e-10
-8.55489e-13
-8.51048e-13
-9.99066e-10
-8.25273e-13
-9.99386e-10
-2.69445e-13
-9.9884e-10
-5.12833e-13
-9.98938e-10
-7.05892e-13
-9.99127e-10
-8.29701e-13
-9.99387e-10
-9.99693e-10
-4.0497e-13
-4.08718e-13
-9.9705e-10
-7.69949e-13
-4.05197e-13
-9.97204e-10
-1.05865e-12
-3.96864e-13
-9.97503e-10
-1.24355e-12
-3.85538e-13
-9.97912e-10
-3.72358e-13
-9.98392e-10
-4.01439e-13
-7.75278e-13
-9.97208e-10
-7.63237e-13
-7.68549e-13
-9.9736e-10
-1.04956e-12
-7.52804e-13
-9.97655e-10
-1.23299e-12
-7.31428e-13
-9.98058e-10
-7.06476e-13
-9.98531e-10
-3.93069e-13
-1.06166e-12
-9.97515e-10
-7.47487e-13
-1.05249e-12
-9.97662e-10
-1.02818e-12
-1.03106e-12
-9.97948e-10
-1.20802e-12
-1.00186e-12
-9.9834e-10
-9.67695e-13
-9.98799e-10
-3.81645e-13
-1.23998e-12
-9.97933e-10
-7.26045e-13
-1.22933e-12
-9.98074e-10
-9.98956e-13
-1.20433e-12
-9.98347e-10
-1.17381e-12
-1.17025e-12
-9.98723e-10
-1.13051e-12
-9.99163e-10
-3.68368e-13
-9.98417e-10
-7.01026e-13
-9.98551e-10
-9.6487e-13
-9.9881e-10
-1.13405e-12
-9.99166e-10
-9.99585e-10
-5.61876e-13
-5.70074e-13
-9.95918e-10
-1.06716e-12
-5.64267e-13
-9.96134e-10
-1.46563e-12
-5.511e-13
-9.96553e-10
-1.72008e-12
-5.33425e-13
-9.97125e-10
-5.1304e-13
-9.97791e-10
-5.56052e-13
-1.08005e-12
-9.96142e-10
-1.05624e-12
-1.06902e-12
-9.96355e-10
-1.45103e-12
-1.04428e-12
-9.96767e-10
-1.70329e-12
-1.01093e-12
-9.97329e-10
-9.72246e-13
-9.97985e-10
-5.4274e-13
-1.47646e-12
-9.96576e-10
-1.0315e-12
-1.46154e-12
-9.96781e-10
-1.41767e-12
-1.42784e-12
-9.97178e-10
-1.66455e-12
-1.38232e-12
-9.97721e-10
-1.32944e-12
-9.98356e-10
-5.24704e-13
-1.72076e-12
-9.97164e-10
-9.97776e-13
-1.70347e-12
-9.97359e-10
-1.37211e-12
-1.6643e-12
-9.97736e-10
-1.61159e-12
-1.6113e-12
-9.98254e-10
-1.54987e-12
-9.9886e-10
-5.0379e-13
-9.97842e-10
-9.586e-13
-9.98026e-10
-1.31911e-12
-9.9838e-10
-1.55011e-12
-9.98868e-10
-9.99441e-10
-7.82293e-13
-7.98382e-13
-9.94338e-10
-1.48323e-12
-7.88693e-13
-9.94645e-10
-2.03317e-12
-7.67843e-13
-9.95236e-10
-2.38253e-12
-7.40209e-13
-9.96035e-10
-7.08584e-13
-9.96962e-10
-7.72583e-13
-1.51038e-12
-9.94658e-10
-1.46549e-12
-1.49223e-12
-9.94959e-10
-2.00978e-12
-1.453e-12
-9.95537e-10
-2.35583e-12
-1.40085e-12
-9.96322e-10
-1.34103e-12
-9.97233e-10
-7.5128e-13
-2.06015e-12
-9.95275e-10
-1.42628e-12
-2.03565e-12
-9.95563e-10
-1.95759e-12
-1.98233e-12
-9.96118e-10
-2.29589e-12
-1.91139e-12
-9.96872e-10
-1.82997e-12
-9.97751e-10
-7.22475e-13
-2.39398e-12
-9.96108e-10
-1.37296e-12
-2.36582e-12
-9.96378e-10
-1.88658e-12
-2.30422e-12
-9.96901e-10
-2.2143e-12
-2.22187e-12
-9.97615e-10
-2.12719e-12
-9.9845e-10
-6.8932e-13
-9.97062e-10
-1.31137e-12
-9.97313e-10
-1.80422e-12
-9.97799e-10
-2.1195e-12
-9.98468e-10
-9.99252e-10
-1.09482e-12
-1.12386e-12
-9.92119e-10
-2.06969e-12
-1.10757e-12
-9.92562e-10
-2.8274e-12
-1.07404e-12
-9.93404e-10
-3.3038e-12
-1.03062e-12
-9.94528e-10
-9.81848e-13
-9.95816e-10
-1.07853e-12
-2.12256e-12
-9.92581e-10
-2.04053e-12
-2.09203e-12
-9.93012e-10
-2.78983e-12
-2.02894e-12
-9.93833e-10
-3.26173e-12
-1.94717e-12
-9.94934e-10
-1.85524e-12
-9.96198e-10
-1.04366e-12
-2.8865e-12
-9.93468e-10
-1.97751e-12
-2.8455e-12
-9.93876e-10
-2.70799e-12
-2.76028e-12
-9.94656e-10
-3.1695e-12
-2.64945e-12
-9.95709e-10
-2.52477e-12
-9.96924e-10
-9.96721e-13
-3.34078e-12
-9.94657e-10
-1.89235e-12
-3.29433e-12
-9.95034e-10
-2.59706e-12
-3.19661e-12
-9.9576e-10
-3.04446e-12
-3.06856e-12
-9.96749e-10
-2.92353e-12
-9.97899e-10
-9.43416e-13
-9.96006e-10
-1.79474e-12
-9.9635e-10
-2.469e-12
-9.97016e-10
-2.89917e-12
-9.97933e-10
-9.99008e-10
-1.54472e-12
-1.59238e-12
-9.88982e-10
-2.90426e-12
-1.56404e-12
-9.89639e-10
-3.94388e-12
-1.50904e-12
-9.90855e-10
-4.58424e-12
-1.44049e-12
-9.92448e-10
-1.3661e-12
-9.94232e-10
-1.51653e-12
-3.00164e-12
-9.89655e-10
-2.8555e-12
-2.94846e-12
-9.90289e-10
-3.88345e-12
-2.845e-12
-9.9147e-10
-4.51891e-12
-2.71606e-12
-9.93023e-10
-2.5762e-12
-9.94772e-10
-1.45746e-12
-4.06594e-12
-9.90946e-10
-2.75231e-12
-3.99522e-12
-9.91534e-10
-3.75436e-12
-3.85636e-12
-9.92642e-10
-4.3783e-12
-3.68247e-12
-9.94118e-10
-3.49339e-12
-9.95798e-10
-1.37866e-12
-4.67998e-12
-9.92664e-10
-2.61373e-12
-4.60164e-12
-9.93193e-10
-3.58033e-12
-4.44451e-12
-9.94205e-10
-4.18839e-12
-4.24486e-12
-9.95578e-10
-4.0253e-12
-9.97164e-10
-1.29098e-12
-9.94589e-10
-2.457e-12
-9.95056e-10
-3.38074e-12
-9.95966e-10
-3.96829e-12
-9.97226e-10
-9.98704e-10
-2.2079e-12
-2.27419e-12
-9.845e-10
-4.10871e-12
-2.2226e-12
-9.85516e-10
-5.52393e-12
-2.13047e-12
-9.8731e-10
-6.35937e-12
-2.02122e-12
-9.89591e-10
-1.90992e-12
-9.92046e-10
-2.15708e-12
-4.27985e-12
-9.85492e-10
-4.02574e-12
-4.18267e-12
-9.86461e-10
-5.42608e-12
-4.0079e-12
-9.88192e-10
-6.26009e-12
-3.80259e-12
-9.90408e-10
-3.59363e-12
-9.92818e-10
-2.05231e-12
-5.76846e-12
-9.87405e-10
-3.85181e-12
-5.64011e-12
-9.88277e-10
-5.22056e-12
-5.40714e-12
-9.89874e-10
-6.04937e-12
-5.13216e-12
-9.9196e-10
-4.85047e-12
-9.94276e-10
-1.91328e-12
-6.58882e-12
-9.89931e-10
-3.61974e-12
-6.45163e-12
-9.90675e-10
-4.94538e-12
-6.19359e-12
-9.92093e-10
-5.76576e-12
-5.88127e-12
-9.94009e-10
-5.55484e-12
-9.96201e-10
-1.76363e-12
-9.92706e-10
-3.36287e-12
-9.93329e-10
-4.63348e-12
-9.94564e-10
-5.43824e-12
-9.963e-10
-9.9835e-10
-3.2235e-12
-3.2781e-12
-9.77998e-10
-5.88134e-12
-3.17881e-12
-9.79679e-10
-7.78424e-12
-3.02169e-12
-9.82385e-10
-8.80521e-12
-2.84468e-12
-9.85725e-10
-2.68514e-12
-9.89062e-10
-3.12746e-12
-6.17116e-12
-9.79472e-10
-5.73838e-12
-5.98128e-12
-9.81047e-10
-7.62385e-12
-5.67462e-12
-9.83653e-10
-8.66109e-12
-5.34158e-12
-9.86873e-10
-5.03971e-12
-9.90171e-10
-2.92945e-12
-8.26693e-12
-9.8238e-10
-5.43407e-12
-8.01573e-12
-9.83738e-10
-7.29081e-12
-7.60814e-12
-9.86084e-10
-8.35498e-12
-7.16624e-12
-9.89071e-10
-6.76048e-12
-9.92261e-10
-2.6654e-12
-9.33968e-12
-9.86193e-10
-5.0288e-12
-9.08566e-12
-9.87241e-10
-6.84887e-12
-8.64792e-12
-9.89233e-10
-7.94452e-12
-8.15681e-12
-9.91923e-10
-7.68799e-12
-9.94972e-10
-2.39534e-12
-9.9027e-10
-4.59412e-12
-9.91049e-10
-6.35947e-12
-9.92693e-10
-7.47382e-12
-9.95094e-10
-9.97989e-10
-4.87451e-12
-4.76957e-12
-9.68354e-10
-8.54998e-12
-4.56425e-12
-9.7144e-10
-1.10814e-11
-4.30162e-12
-9.75552e-10
-1.2135e-11
-4.00248e-12
-9.80669e-10
-3.79736e-12
-9.85117e-10
-4.6823e-12
-9.0402e-12
-9.7052e-10
-8.31048e-12
-8.63973e-12
-9.73344e-10
-1.08095e-11
-8.07877e-12
-9.77377e-10
-1.19484e-11
-7.51775e-12
-9.82219e-10
-7.10918e-12
-9.86726e-10
-4.28077e-12
-1.20286e-11
-9.75111e-10
-7.75496e-12
-1.14836e-11
-9.7742e-10
-1.02505e-11
-1.07316e-11
-9.80935e-10
-1.15295e-11
-9.99816e-12
-9.85312e-10
-9.45264e-12
-9.89728e-10
-3.72555e-12
-1.33744e-11
-9.81121e-10
-7.0075e-12
-1.2863e-11
-9.8258e-10
-9.51819e-12
-1.20849e-11
-9.85369e-10
-1.09715e-11
-1.13066e-11
-9.89161e-10
-1.0679e-11
-9.93513e-10
-3.19392e-12
-9.87321e-10
-6.23612e-12
-9.88086e-10
-8.74594e-12
-9.90159e-10
-1.03428e-11
-9.93486e-10
-9.97759e-10
-7.80042e-12
-6.97316e-12
-9.53581e-10
-1.26178e-11
-6.5063e-12
-9.60116e-10
-1.60802e-11
-6.14149e-12
-9.65948e-10
-1.65827e-11
-5.57083e-12
-9.74596e-10
-5.40517e-12
-9.80418e-10
-7.38895e-12
-1.35543e-11
-9.5655e-10
-1.22897e-11
-1.26469e-11
-9.62302e-10
-1.55718e-11
-1.15856e-11
-9.68651e-10
-1.64351e-11
-1.05692e-11
-9.76358e-10
-1.00781e-11
-9.82849e-10
-6.52536e-12
-1.79307e-11
-9.64209e-10
-1.12341e-11
-1.65877e-11
-9.6877e-10
-1.45697e-11
-1.51314e-11
-9.74053e-10
-1.59165e-11
-1.38307e-11
-9.80703e-10
-1.32154e-11
-9.87045e-10
-5.20364e-12
-1.94852e-11
-9.74363e-10
-9.77948e-12
-1.83225e-11
-9.76269e-10
-1.32772e-11
-1.68502e-11
-9.80152e-10
-1.52619e-11
-1.56065e-11
-9.85401e-10
-1.48818e-11
-9.92195e-10
-4.0036e-12
-9.84538e-10
-8.31625e-12
-9.84275e-10
-1.20531e-11
-9.86553e-10
-1.45509e-11
-9.91089e-10
-9.9801e-10
-1.35825e-11
-1.00443e-11
-9.29954e-10
-1.84876e-11
-8.80511e-12
-9.46406e-10
-2.42599e-11
-8.85253e-12
-9.51323e-10
-2.2411e-11
-7.38729e-12
-9.69057e-10
-7.80482e-12
-9.76483e-10
-1.26066e-11
-2.10379e-11
-9.32949e-10
-1.85885e-11
-1.88989e-11
-9.46226e-10
-2.3061e-11
-1.68593e-11
-9.56171e-10
-2.28055e-11
-1.47961e-11
-9.69204e-10
-1.42333e-11
-9.81015e-10
-1.07305e-11
-2.7819e-11
-9.46697e-10
-1.65021e-11
-2.40241e-11
-9.57873e-10
-2.10842e-11
-2.12026e-11
-9.65128e-10
-2.21531e-11
-1.8553e-11
-9.75877e-10
-1.83399e-11
-9.85837e-10
-7.15928e-12
-2.93933e-11
-9.65629e-10
-1.36397e-11
-2.62584e-11
-9.67554e-10
-1.84921e-11
-2.32534e-11
-9.73249e-10
-2.17501e-11
-2.12847e-11
-9.79411e-10
-2.06357e-11
-9.93172e-10
-4.052e-12
-9.85398e-10
-1.06151e-11
-9.79228e-10
-1.65749e-11
-9.80885e-10
-2.12513e-11
-9.86347e-10
-9.99509e-10
-2.63855e-11
-1.37466e-11
-8.89822e-10
-2.52358e-11
-9.76998e-12
-9.37785e-10
-3.94835e-11
-1.36186e-11
-9.23457e-10
-2.97847e-11
-7.94631e-12
-9.7081e-10
-1.19877e-11
-9.76874e-10
-2.3635e-11
-3.43196e-11
-8.88741e-10
-2.86209e-11
-2.94177e-11
-9.21592e-10
-3.55098e-11
-2.54194e-11
-9.37482e-10
-3.31906e-11
-2.0781e-11
-9.58689e-10
-1.91726e-11
-9.90537e-10
-2.00211e-11
-4.60388e-11
-9.14957e-10
-2.39608e-11
-3.37809e-11
-9.4957e-10
-3.14656e-11
-2.93303e-11
-9.53712e-10
-3.15602e-11
-2.23008e-11
-9.74263e-10
-2.5529e-11
-9.88926e-10
-9.2354e-12
-4.77786e-11
-9.54654e-10
-1.92063e-11
-3.78163e-11
-9.53549e-10
-2.47435e-11
-3.10205e-11
-9.66021e-10
-3.30452e-11
-2.83058e-11
-9.65104e-10
-2.70491e-11
-1.00622e-09
-1.12962e-12
-1.0029e-09
-1.22135e-11
-9.7192e-10
-2.20828e-11
-9.71178e-10
-3.34178e-11
-9.72856e-10
-1.00307e-09
-5.70243e-11
-1.77847e-11
-8.15013e-10
-3.34042e-11
-6.77423e-12
-9.54631e-10
-7.16687e-11
-2.67177e-11
-8.58475e-10
-3.69177e-11
-4.22427e-12
-1.00134e-09
-2.15177e-11
-9.83914e-10
-4.84955e-11
-5.95197e-11
-7.9851e-10
-4.64539e-11
-4.87143e-11
-8.81694e-10
-5.54427e-11
-4.11276e-11
-9.14083e-10
-5.1689e-11
-2.98267e-11
-9.36841e-10
-2.07953e-11
-1.03709e-09
-4.4876e-11
-8.38141e-11
-8.45786e-10
-3.34758e-11
-4.01136e-11
-9.69571e-10
-5.00369e-11
-4.15789e-11
-9.367e-10
-4.42463e-11
-1.80618e-11
-9.91818e-10
-3.87715e-11
-9.90068e-10
-9.89575e-12
-8.61639e-11
-9.42408e-10
-2.98484e-11
-5.57676e-11
-9.17942e-10
-2.9332e-11
-3.70198e-11
-9.71097e-10
-5.44182e-11
-3.66146e-11
-9.21465e-10
-2.63141e-11
-1.06132e-09
1.84982e-11
-1.07756e-09
-7.45163e-12
-9.55466e-10
-2.54726e-11
-9.52963e-10
-5.85256e-11
-9.26851e-10
-1.00543e-09
-1.37916e-10
-2.39836e-11
-6.53113e-10
-4.05638e-11
1.35803e-11
-1.06556e-09
-1.37717e-10
-7.44358e-11
-6.86887e-10
-6.56398e-11
2.25186e-11
-1.09593e-09
-6.93724e-12
-1.1091e-09
-1.17469e-10
-1.19892e-10
-5.85134e-10
-8.07038e-11
-7.94679e-11
-8.25411e-10
-6.83364e-11
-9.33997e-11
-9.07486e-10
-8.42916e-11
-4.59494e-11
-8.52417e-10
-2.35154e-11
-1.14724e-09
-1.18644e-10
-1.60862e-10
-6.86172e-10
-5.84938e-11
-3.14327e-11
-1.07776e-09
-6.51508e-11
-6.34229e-11
-9.6002e-10
-5.02549e-11
1.32698e-11
-1.06593e-09
-4.652e-11
-9.83798e-10
-1.17833e-11
-1.5362e-10
-9.37866e-10
-6.60398e-11
-8.76811e-11
-8.07437e-10
-2.37058e-11
-2.50471e-11
-1.05181e-09
-8.45623e-11
-4.77368e-11
-7.99603e-10
-1.60761e-11
-1.19747e-09
7.27611e-11
-1.28426e-09
1.66494e-11
-9.32985e-10
-9.84929e-12
-9.28599e-10
-1.06521e-10
-7.641e-10
-9.71463e-10
-9.2895e-11
8.80031e-12
-5.69019e-10
-8.61435e-11
2.04398e-11
-1.09276e-09
-1.99113e-10
-5.16154e-11
-5.22302e-10
5.17073e-11
6.12815e-11
-1.40804e-09
-2.957e-10
-7.56572e-10
-6.82906e-11
-7.55972e-11
-4.32446e-10
-1.63884e-10
-1.23208e-10
-5.86169e-10
-2.80382e-10
6.98749e-12
-8.49592e-10
-1.2564e-10
5.85327e-11
-1.00441e-09
-4.71783e-11
-1.79273e-09
-1.48409e-10
-3.22674e-10
-2.90686e-10
-2.79787e-11
-5.41109e-11
-1.26729e-09
-1.79579e-10
-1.01148e-10
-7.00284e-10
-6.39826e-11
-2.51542e-11
-1.09784e-09
-3.11869e-10
-7.02134e-10
2.24666e-11
-4.45045e-10
-8.37962e-10
-2.11242e-11
-1.44064e-10
-6.73893e-10
-2.36624e-10
-9.5047e-11
-8.42409e-10
-2.51474e-10
-3.98886e-11
-7.70019e-10
3.63805e-11
-2.13292e-09
4.47693e-10
-2.18719e-09
1.47914e-10
-5.28725e-10
-2.04082e-10
-5.68019e-10
-2.79934e-10
-6.994e-10
-1.50437e-09
-1.29964e-10
1.1933e-11
-4.50988e-10
4.34889e-11
6.40003e-11
-1.33021e-09
-1.32117e-10
-4.90032e-11
-2.97692e-10
-9.96676e-11
1.34985e-10
-1.57547e-09
1.12722e-10
-1.05626e-09
-3.8757e-11
-8.06231e-12
-3.73694e-10
-4.10701e-12
-1.06899e-11
-5.46129e-10
5.2169e-11
-3.14608e-11
-9.2341e-10
-5.55862e-11
-9.02793e-11
-6.7139e-10
3.41294e-11
-1.76584e-09
-7.34139e-11
-3.64162e-11
-1.88919e-10
-3.05501e-11
9.92002e-11
-1.42004e-09
-3.07879e-12
-5.57862e-12
-7.53638e-10
2.30247e-11
1.47497e-10
-1.36172e-09
1.6314e-10
-7.98541e-10
1.24318e-11
5.93241e-12
-8.92743e-10
-7.54334e-11
9.67032e-13
-4.87794e-10
9.54232e-11
1.32122e-11
-1.03206e-09
2.46338e-11
-3.77738e-11
-5.13959e-10
1.16069e-10
-2.13942e-09
5.65977e-11
-2.40188e-09
2.24914e-12
-5.02332e-10
4.95845e-11
-6.19422e-10
-1.64152e-10
-3.74475e-10
-9.55604e-10
-2.32504e-10
-5.60539e-11
-1.6243e-10
-8.16532e-11
1.40455e-10
-1.62151e-09
1.41324e-10
8.89054e-11
-6.09575e-10
2.81997e-12
3.40462e-11
-1.47101e-09
5.70865e-10
-1.89841e-09
1.06072e-10
1.81117e-11
-5.53931e-10
1.26036e-10
1.63916e-10
-5.89553e-10
1.02048e-10
-6.83755e-11
-7.42142e-10
-1.48553e-11
-5.48926e-11
-4.65547e-10
2.50762e-11
-1.13233e-09
3.15997e-10
3.52406e-10
-8.39209e-10
9.00955e-11
1.45617e-10
-1.17584e-09
1.61721e-10
-1.62337e-10
-7.31302e-10
8.67707e-11
2.11613e-11
-1.36283e-09
3.3376e-10
-9.99047e-10
1.42188e-11
3.76129e-10
-9.30685e-10
-1.55876e-10
5.26531e-12
-1.77347e-10
1.02494e-10
8.69228e-11
-1.53969e-09
3.0537e-11
9.00112e-12
-4.29842e-10
1.10218e-10
-1.80398e-09
-5.41142e-10
-1.42091e-09
-3.04775e-12
-1.29741e-09
1.91223e-10
-7.02399e-10
1.32837e-12
-2.83244e-11
-3.02405e-10
2.13276e-10
8.02067e-11
-4.55914e-10
3.5892e-11
-1.20511e-10
-1.32362e-09
2.24477e-10
1.71862e-10
-9.70022e-10
7.28508e-11
6.4788e-11
-1.38417e-09
-1.09662e-10
-1.15532e-09
1.07393e-10
3.14943e-10
-8.96061e-10
8.79784e-11
9.57115e-11
-7.86361e-10
8.30526e-11
4.87689e-11
-6.14124e-10
8.37851e-11
-1.08492e-11
-3.90642e-10
-1.82186e-10
-6.7668e-10
2.98998e-10
6.05786e-10
-1.42905e-09
6.26182e-11
4.31099e-11
-8.86858e-10
-1.4945e-11
2.56193e-11
-6.3059e-10
1.17871e-10
-6.94801e-12
-1.49954e-09
-7.22664e-12
-1.05231e-09
-3.31466e-11
8.11859e-11
-3.72938e-10
1.85059e-11
2.5666e-11
-2.11556e-10
5.01928e-12
-1.23726e-11
-1.48821e-09
3.2743e-11
-6.90192e-11
-3.95495e-10
-2.53069e-10
-1.24006e-09
-1.08809e-10
-1.38937e-09
1.02286e-11
-1.52767e-09
-4.88788e-11
-7.21293e-10
4.86489e-11
-2.03247e-10
-7.66397e-10
2.018e-10
-1.8027e-10
-4.77443e-10
-1.84218e-10
-2.74652e-10
-6.62948e-10
-4.96366e-11
-1.20195e-10
-9.84408e-10
1.03509e-10
-3.22965e-11
-1.50502e-09
6.3069e-12
-6.08977e-10
1.02146e-10
9.37444e-11
-1.27222e-09
-7.17123e-11
-8.07485e-11
-8.06406e-10
2.90791e-13
6.32389e-11
-8.69561e-10
1.15199e-11
1.40766e-10
-5.74934e-10
-1.1642e-10
-8.20161e-11
1.16429e-10
1.50026e-10
-1.60176e-09
1.532e-11
-4.47465e-11
-8.21751e-10
2.42283e-10
1.3435e-10
-9.28665e-10
-2.5036e-12
1.06365e-10
-1.22036e-09
-9.67024e-11
-6.76653e-10
-1.81437e-11
-1.52237e-10
-5.25321e-11
9.08147e-11
5.83902e-11
-4.23651e-10
2.03518e-11
-4.00265e-11
-1.24337e-09
-5.847e-12
-4.25708e-11
-2.2036e-10
-1.19399e-10
-1.04958e-09
-1.31195e-10
-1.19995e-09
-2.3304e-11
-1.76007e-09
-2.83243e-11
-9.75003e-10
2.044e-11
-2.5948e-10
-1.17e-09
-2.43825e-12
-1.58968e-10
-3.16037e-10
-1.90285e-10
-1.03438e-10
-3.71663e-10
-9.79306e-11
-1.33876e-11
-1.06337e-09
-2.89204e-10
-2.6727e-10
-1.04648e-09
-1.83847e-10
-5.10843e-10
3.66976e-11
-4.51263e-10
-1.01662e-09
-1.45738e-10
-3.77912e-12
-7.23629e-10
-4.02508e-10
1.52292e-10
-7.7847e-10
-2.08871e-10
1.18599e-10
-1.15444e-09
1.92951e-11
-7.01893e-10
-2.26342e-12
-7.26323e-10
-1.32444e-09
-8.99997e-11
-1.8937e-10
-5.48424e-10
-4.72909e-11
-1.12851e-10
-7.0623e-10
-1.68257e-12
-3.80777e-11
-1.10929e-09
-2.10436e-10
-1.78399e-10
1.88744e-10
1.85529e-11
-9.86152e-10
1.38919e-10
-3.63524e-11
-5.26844e-10
-1.9084e-11
6.38163e-11
-1.26203e-09
-8.31887e-11
-2.05198e-11
-1.73813e-10
-1.52518e-10
-1.28614e-09
-1.65714e-11
-1.19241e-09
7.13039e-11
-1.93213e-09
-1.16905e-10
-8.35493e-10
1.60498e-11
-9.75202e-10
-2.02777e-09
1.06064e-10
2.53032e-10
-6.75132e-10
-5.97872e-11
-2.37078e-11
-1.82105e-10
1.06091e-10
1.88783e-10
-1.41804e-09
-8.88687e-11
-2.42767e-10
-6.08753e-10
2.09305e-10
-8.80642e-10
-1.00966e-10
1.83014e-11
-6.80928e-10
-6.47042e-11
-4.8545e-11
-7.35054e-10
-1.22012e-10
9.45688e-11
-6.26948e-10
-1.36414e-10
-4.76958e-11
-1.33511e-09
1.85303e-10
-7.00963e-10
-1.56461e-11
-4.17674e-10
-8.72815e-10
2.53728e-11
-2.20538e-11
-6.15934e-10
-2.49566e-10
-1.18633e-10
-2.18089e-10
-1.4954e-10
-8.90456e-11
-1.16796e-09
7.26888e-11
-1.62531e-10
2.0185e-10
6.06717e-10
-2.21239e-09
1.68941e-10
2.85449e-10
-8.01438e-10
-8.15197e-11
-6.55146e-11
-1.06469e-09
1.62068e-10
2.65726e-10
-7.72172e-10
2.44156e-10
-1.38561e-09
4.82464e-10
-1.52997e-09
1.33175e-10
-1.29067e-09
-2.36842e-10
-6.51092e-10
4.61648e-10
-1.89705e-09
-2.38408e-09
5.2954e-11
3.86808e-10
-1.11489e-09
4.07721e-10
1.4247e-10
-6.79342e-10
4.06811e-11
-9.11445e-11
-9.59852e-10
6.1624e-11
1.16565e-10
-7.4626e-10
3.4264e-10
-1.26888e-09
1.3434e-10
2.17051e-10
-6.45512e-10
-1.55433e-11
1.49074e-13
-4.42849e-10
1.17423e-10
-1.0208e-10
-7.48978e-10
7.89061e-11
2.22178e-11
-1.20225e-09
-4.19136e-12
-6.35672e-11
-6.49217e-11
5.47883e-10
-1.13873e-09
-1.10308e-10
3.15849e-10
-8.86247e-10
5.40108e-11
1.16224e-10
-6.00713e-10
-8.07055e-12
-6.0879e-11
-1.02279e-09
2.29454e-10
-5.16372e-10
-1.87398e-10
-1.31269e-12
-1.4758e-09
-4.80771e-11
2.65482e-10
-8.90392e-10
-1.09193e-10
-2.75188e-11
-8.59831e-10
1.11294e-10
1.99685e-10
-1.25322e-09
2.24884e-10
-9.74635e-10
1.736e-11
-9.28444e-10
-1.97e-10
-4.88635e-10
1.3835e-10
-1.13512e-09
5.79694e-10
-2.36241e-09
-1.69845e-09
2.05897e-10
4.97271e-10
-1.81806e-09
5.26205e-10
3.34578e-10
-1.33423e-09
-1.90962e-10
-1.23752e-10
-1.18932e-10
1.49422e-11
2.61528e-10
-1.21369e-09
-6.86349e-11
-8.02438e-10
-1.75384e-12
1.9406e-10
-3.40548e-10
1.00965e-10
1.44182e-10
-3.55172e-10
8.81236e-11
-5.74593e-11
-8.0243e-10
-1.08477e-11
-2.14377e-11
-8.20308e-10
-1.30336e-11
-1.3133e-10
3.81927e-11
-1.87584e-11
-9.64099e-10
-8.21786e-11
1.33592e-10
-7.55287e-10
-8.11645e-11
9.96285e-11
-7.58815e-10
-3.67784e-11
1.93347e-10
-1.28196e-09
8.54602e-11
-8.13039e-10
4.56292e-11
3.27914e-12
-1.54347e-09
-6.7168e-11
-5.23807e-11
-5.91621e-10
1.6189e-11
-1.02474e-11
-8.33312e-10
1.48452e-11
1.31189e-10
-1.18972e-09
-4.74711e-11
-6.02279e-10
-1.02446e-11
-5.15888e-10
1.91401e-10
-6.08431e-10
2.35113e-10
-1.1218e-09
1.36271e-10
-2.24845e-09
-1.42263e-09
-1.57747e-10
3.06595e-10
-1.96691e-09
1.35042e-10
1.0366e-10
-1.73068e-09
3.29194e-11
4.39549e-11
-6.07648e-11
-1.41764e-10
4.3807e-11
-1.08282e-09
-7.79777e-12
-1.5194e-09
-3.93449e-11
5.75035e-11
-5.21123e-11
1.22699e-10
1.76656e-10
-5.90213e-10
1.09732e-10
2.13145e-10
-9.58653e-10
-1.63524e-10
-3.35626e-11
-4.69682e-10
3.20286e-10
-1.15408e-09
-8.75195e-11
-8.14496e-11
-7.37626e-10
8.21995e-11
4.6167e-11
-7.94517e-10
-6.25409e-11
3.99065e-11
-4.40836e-10
5.22105e-11
2.00797e-10
-1.63107e-09
1.33645e-10
-5.10179e-10
8.16619e-13
1.10523e-11
-1.63679e-09
1.02295e-10
2.03725e-10
-8.50658e-10
6.52209e-11
5.18934e-11
-8.08225e-10
3.5504e-12
1.15642e-10
-1.0429e-09
-4.73813e-11
-4.99755e-10
9.6185e-11
-4.56711e-10
2.82324e-10
-6.70258e-10
-1.00821e-11
-4.80816e-10
-6.09123e-10
-1.12363e-09
-1.00707e-09
-8.10886e-10
-2.42189e-10
-9.13833e-10
-2.66657e-10
-2.46413e-12
-2.27244e-09
1.2936e-10
3.19785e-11
-4.88761e-10
4.1284e-11
-8.36489e-11
-9.11092e-10
-6.93252e-10
-1.39642e-09
-4.87859e-11
1.38386e-11
-2.59353e-10
-1.35513e-10
1.03751e-10
-6.097e-10
1.13094e-10
1.75943e-10
-1.35122e-09
1.08136e-10
9.57183e-11
-6.44091e-10
1.69015e-10
-2.38072e-09
1.27641e-12
1.40986e-10
-8.6605e-10
2.60298e-11
7.33972e-11
-7.88916e-10
-1.58625e-11
1.87985e-11
-2.418e-10
-7.39473e-11
8.47701e-11
-1.56204e-09
1.75744e-11
-5.13053e-10
-3.36478e-10
1.89655e-11
-1.17829e-09
-1.79652e-11
1.49589e-10
-1.24536e-09
5.56519e-11
3.99108e-11
-9.02955e-10
8.12356e-11
1.12669e-10
-1.09638e-09
-7.48759e-12
-2.28005e-10
-9.70489e-12
-1.15043e-10
-7.54695e-12
-3.50376e-10
5.25773e-12
-3.47227e-10
-2.72593e-11
-7.86701e-10
-1.00493e-09
-3.27308e-11
-3.44988e-11
-8.46603e-10
-9.72855e-11
-4.48024e-11
-2.16309e-09
5.80729e-11
2.03729e-10
-8.47848e-10
2.20237e-11
6.07546e-11
-9.35797e-10
-7.65429e-11
-1.30277e-09
6.50185e-11
2.83178e-10
-6.42049e-10
1.02002e-10
-3.14753e-12
-6.88339e-10
1.01559e-10
3.11251e-11
-1.17818e-09
-9.21622e-11
2.40522e-10
-6.30137e-10
-4.21269e-11
-2.46746e-09
1.7108e-11
3.81376e-10
-9.81357e-10
2.41056e-11
3.55319e-11
-8.34594e-10
1.46651e-10
-2.92719e-12
-3.30293e-10
-1.48497e-10
-1.80503e-10
-8.45864e-10
-6.2121e-11
-4.77433e-10
-1.6324e-10
4.59388e-12
-6.38265e-10
8.3258e-11
1.65021e-11
-1.47283e-09
2.6536e-11
-4.17927e-11
-8.07367e-10
-9.25664e-11
-1.89152e-11
-1.13886e-09
1.64983e-10
-5.68634e-10
-7.32651e-12
-6.55014e-11
-4.19882e-12
-4.09786e-10
1.1483e-10
-6.24184e-10
7.38736e-11
-1.00546e-09
-1.30508e-09
3.93451e-10
8.00257e-11
-1.32008e-09
8.14086e-11
-2.5625e-10
-1.59479e-09
-8.77312e-12
6.22653e-11
-8.19932e-10
1.9394e-10
6.01466e-11
-1.19866e-09
4.14787e-10
-1.91693e-09
1.79012e-10
1.70927e-10
-9.11963e-10
2.26175e-10
-1.56355e-12
-9.90189e-10
1.12005e-11
-6.99711e-11
-8.30966e-10
1.35419e-11
3.29763e-11
-6.05308e-10
-3.15408e-11
-1.83983e-09
-7.77957e-11
3.82948e-11
-7.70929e-10
4.82996e-12
1.07226e-10
-1.02601e-09
8.1635e-11
4.84234e-12
-4.81911e-10
-2.6727e-12
-2.13716e-11
-7.07208e-10
-2.7773e-11
-4.36389e-10
2.61322e-13
-1.1852e-11
-5.8838e-10
2.37037e-11
-8.26567e-12
-1.38078e-09
3.4187e-12
-1.32576e-11
-7.68982e-10
-9.71159e-11
-2.91329e-11
-1.03057e-09
3.90765e-11
-8.35073e-10
8.07635e-12
-2.82212e-10
5.33827e-11
-6.20927e-10
1.35341e-10
-7.31685e-10
4.7517e-12
-9.14493e-10
-1.19867e-09
-5.07395e-12
-2.33281e-10
-1.08173e-09
-1.4764e-10
-2.37592e-10
-1.21463e-09
1.6786e-10
-1.50105e-10
-9.85327e-10
2.90703e-10
-2.37681e-10
-1.08382e-09
-2.59398e-10
-1.32144e-09
3.07937e-12
-2.09947e-10
-9.38377e-10
-1.01812e-10
-1.24237e-10
-9.98654e-10
8.48479e-11
-1.55645e-10
-1.01209e-09
2.56687e-10
-9.32687e-11
-9.21559e-10
-4.26713e-10
-1.31956e-09
3.26244e-11
-1.1565e-10
-8.97851e-10
-1.1001e-10
-4.2434e-11
-9.65176e-10
1.82072e-11
-1.37609e-11
-7.52013e-10
1.4554e-10
-1.09074e-12
-9.26718e-10
-7.27532e-11
-9.16915e-10
1.48575e-10
6.36534e-11
-9.16259e-10
-1.0048e-10
-7.77945e-11
-1.09637e-09
2.53123e-11
1.22924e-11
-9.20828e-10
1.40251e-10
-9.2882e-11
-1.05372e-09
-6.41161e-11
-9.27597e-10
1.09109e-10
-6.8741e-10
7.3627e-11
-7.75983e-10
7.83516e-11
-7.57054e-10
8.44136e-11
-9.23628e-10
-1.01925e-09
2.92975e-11
-7.72084e-11
-1.03382e-09
-1.17821e-11
-9.13819e-11
-1.08217e-09
6.70296e-11
-5.01339e-11
-1.014e-09
1.1463e-10
-7.78595e-11
-1.05356e-09
-7.50151e-11
-1.14656e-09
2.86087e-11
-6.45435e-11
-9.79651e-10
1.22602e-11
-6.39472e-11
-1.00974e-09
4.44889e-11
-1.01441e-10
-9.93008e-10
1.01762e-10
-6.04027e-11
-9.9629e-10
-1.45963e-10
-1.11306e-09
1.06706e-11
-2.97034e-11
-9.43362e-10
-1.53224e-11
-2.65358e-11
-9.76595e-10
6.60572e-11
-2.77857e-11
-9.07047e-10
7.48416e-11
-2.73682e-11
-9.68538e-10
-7.83601e-11
-9.8513e-10
2.06866e-11
1.65895e-12
-9.68308e-10
-2.31273e-11
-5.17839e-11
-1.0273e-09
2.80236e-11
-4.37107e-11
-9.56054e-10
3.46881e-11
-8.2066e-11
-1.00568e-09
-5.58148e-11
-9.84858e-10
2.1448e-11
-8.60685e-10
2.3688e-11
-8.9562e-10
7.1045e-11
-8.90241e-10
5.20088e-11
-9.48094e-10
-9.77858e-10
1.57621e-11
-3.47105e-11
-1.01487e-09
5.21012e-12
-3.86749e-11
-1.03295e-09
3.60512e-11
-3.13058e-11
-1.01354e-09
5.19625e-11
-3.73523e-11
-1.03212e-09
-4.01566e-11
-1.06729e-09
1.43158e-11
-3.59162e-11
-9.92761e-10
8.30878e-12
-3.62588e-11
-1.00615e-09
3.03146e-11
-4.86793e-11
-9.9764e-10
4.82554e-11
-4.20629e-11
-1.00952e-09
-6.38216e-11
-1.0462e-09
1.01268e-11
-1.64453e-11
-9.72959e-10
2.15645e-12
-1.753e-11
-9.87354e-10
3.3487e-11
-2.09101e-11
-9.66147e-10
3.77853e-11
-2.57996e-11
-9.89099e-10
-4.14302e-11
-1.00576e-09
7.53477e-12
-7.99399e-12
-9.84294e-10
-7.14184e-12
-2.90359e-11
-1.00112e-09
1.90149e-11
-2.73218e-11
-9.75799e-10
2.1975e-11
-4.19099e-11
-9.92533e-10
-4.12324e-11
-9.96106e-10
9.32552e-12
-9.38993e-10
7.9524e-12
-9.51677e-10
2.6409e-11
-9.48689e-10
2.48194e-11
-9.68452e-10
-9.80801e-10
8.55616e-12
-1.63524e-11
-1.00707e-09
6.66981e-12
-1.7535e-11
-1.01352e-09
1.99971e-11
-1.69186e-11
-1.00995e-09
2.55187e-11
-1.86439e-11
-1.019e-09
-2.03769e-11
-1.03302e-09
7.71535e-12
-1.92919e-11
-9.97536e-10
6.96026e-12
-2.00172e-11
-1.00291e-09
1.82999e-11
-2.47103e-11
-1.00119e-09
2.39922e-11
-2.49426e-11
-1.00891e-09
-3.0134e-11
-1.02225e-09
6.14311e-12
-1.03827e-11
-9.88012e-10
4.24712e-12
-1.19325e-11
-9.93542e-10
1.75862e-11
-1.57561e-11
-9.8844e-10
2.10522e-11
-1.98824e-11
-9.97625e-10
-2.58324e-11
-1.00721e-09
3.45288e-12
-8.92183e-12
-9.89207e-10
3.95312e-13
-1.57352e-11
-9.94261e-10
1.1859e-11
-1.69449e-11
-9.86073e-10
1.50299e-11
-2.28728e-11
-9.92713e-10
-2.59448e-11
-9.98326e-10
2.95947e-12
-9.73244e-10
2.68799e-12
-9.77403e-10
1.08183e-11
-9.7522e-10
1.30701e-11
-9.8211e-10
-9.88069e-10
4.70514e-12
-8.19743e-12
-1.00358e-09
5.79007e-12
-8.6633e-12
-1.00595e-09
1.1589e-11
-9.07946e-12
-1.00667e-09
1.37804e-11
-9.85559e-12
-1.01133e-09
-1.06358e-11
-1.01757e-09
4.2881e-12
-1.07472e-11
-9.99275e-10
5.49556e-12
-1.14058e-11
-1.00138e-09
1.0852e-11
-1.34263e-11
-1.0022e-09
1.31035e-11
-1.45288e-11
-1.00649e-09
-1.6165e-11
-1.01236e-09
3.51173e-12
-7.73062e-12
-9.9454e-10
3.95805e-12
-8.89572e-12
-9.96497e-10
9.76615e-12
-1.15097e-11
-9.96164e-10
1.18793e-11
-1.39824e-11
-1.00028e-09
-1.65117e-11
-1.00531e-09
2.12681e-12
-6.36724e-12
-9.92696e-10
1.91175e-12
-8.75381e-12
-9.94188e-10
7.22921e-12
-1.04034e-11
-9.92497e-10
9.50276e-12
-1.34379e-11
-9.95531e-10
-1.58718e-11
-9.99267e-10
1.01625e-12
-9.87625e-10
1.41421e-12
-9.88647e-10
5.09116e-12
-9.8775e-10
7.3338e-12
-9.90187e-10
-9.93214e-10
2.7469e-12
-4.39947e-12
-1.00193e-09
4.44922e-12
-4.64969e-12
-1.003e-09
7.07896e-12
-5.01894e-12
-1.00428e-09
8.11817e-12
-5.46429e-12
-1.00691e-09
-5.85552e-12
-1.01008e-09
2.52066e-12
-6.34109e-12
-9.99854e-10
4.12517e-12
-6.80935e-12
-1.00082e-09
6.66772e-12
-7.76454e-12
-1.00199e-09
7.77197e-12
-8.60916e-12
-1.00445e-09
-9.37892e-12
-1.00747e-09
2.07479e-12
-5.68953e-12
-9.97266e-10
3.24414e-12
-6.4081e-12
-9.98068e-10
5.86113e-12
-7.75782e-12
-9.98787e-10
7.08872e-12
-9.16373e-12
-1.00096e-09
-1.04214e-11
-1.00368e-09
1.37794e-12
-4.30483e-12
-9.95459e-10
2.03803e-12
-5.27644e-12
-9.9598e-10
4.48068e-12
-6.60458e-12
-9.96093e-10
5.87573e-12
-8.40055e-12
-9.97689e-10
-9.95191e-12
-9.9988e-10
6.47013e-13
-9.93599e-10
1.05862e-12
-9.93836e-10
2.84814e-12
-9.93708e-10
4.39091e-12
-9.94686e-10
-9.96314e-10
1.72421e-12
-2.51687e-12
-1.00113e-09
3.12916e-12
-2.66351e-12
-1.00174e-09
4.49954e-12
-2.89922e-12
-1.00275e-09
5.09652e-12
-3.1695e-12
-1.00434e-09
-3.39842e-12
-1.00615e-09
1.59219e-12
-3.90033e-12
-1.00006e-09
2.90895e-12
-4.18974e-12
-1.00061e-09
4.2501e-12
-4.69802e-12
-1.00154e-09
4.89016e-12
-5.23764e-12
-1.00302e-09
-5.69691e-12
-1.00476e-09
1.32216e-12
-3.91535e-12
-9.98572e-10
2.41404e-12
-4.33838e-12
-9.99011e-10
3.73121e-12
-5.0803e-12
-9.99722e-10
4.45608e-12
-5.91148e-12
-1.00101e-09
-6.64469e-12
-1.00259e-09
9.19332e-13
-2.99281e-12
-9.97301e-10
1.69859e-12
-3.52537e-12
-9.97572e-10
2.91833e-12
-4.42132e-12
-9.97972e-10
3.74101e-12
-5.49421e-12
-9.98929e-10
-6.4558e-12
-1.00023e-09
4.54234e-13
-9.96404e-10
8.97272e-13
-9.96492e-10
1.87695e-12
-9.96571e-10
2.79894e-12
-9.97112e-10
-9.98056e-10
1.12767e-12
-1.52177e-12
-1.00074e-09
2.11675e-12
-1.6089e-12
-1.00112e-09
2.93527e-12
-1.75271e-12
-1.00182e-09
3.33031e-12
-1.91908e-12
-1.00281e-09
-2.06547e-12
-1.00393e-09
1.04935e-12
-2.48442e-12
-1.00015e-09
1.9819e-12
-2.65713e-12
-1.0005e-09
2.78072e-12
-2.94945e-12
-1.00114e-09
3.19623e-12
-3.28285e-12
-1.00207e-09
-3.57887e-12
-1.00315e-09
8.88015e-13
-2.68358e-12
-9.99261e-10
1.69703e-12
-2.93458e-12
-9.99542e-10
2.4575e-12
-3.36377e-12
-1.00007e-09
2.90992e-12
-3.86373e-12
-1.00088e-09
-4.32091e-12
-1.00185e-09
6.48304e-13
-2.21406e-12
-9.98419e-10
1.27438e-12
-2.53199e-12
-9.986e-10
1.96725e-12
-3.07557e-12
-9.98953e-10
2.46111e-12
-3.71596e-12
-9.99571e-10
-4.31496e-12
-1.00038e-09
3.56039e-13
-9.97849e-10
7.53912e-13
-9.97909e-10
1.33546e-12
-9.98045e-10
1.86895e-12
-9.98411e-10
-9.99e-10
7.51606e-13
-9.64222e-13
-1.00053e-09
1.42282e-12
-1.01663e-12
-1.00077e-09
1.95033e-12
-1.10412e-12
-1.00124e-09
2.22849e-12
-1.20786e-12
-1.00188e-09
-1.30463e-12
-1.0026e-09
7.04501e-13
-1.63533e-12
-1.00018e-09
1.34056e-12
-1.73854e-12
-1.00041e-09
1.85335e-12
-1.9127e-12
-1.00084e-09
2.13882e-12
-2.1193e-12
-1.00145e-09
-2.31364e-12
-1.00214e-09
6.08139e-13
-1.8696e-12
-9.99635e-10
1.17055e-12
-2.01879e-12
-9.99825e-10
1.65165e-12
-2.27299e-12
-1.00019e-09
1.94878e-12
-2.5778e-12
-1.00072e-09
-2.87027e-12
-1.00135e-09
4.655e-13
-1.67886e-12
-9.99075e-10
9.2002e-13
-1.86831e-12
-9.99205e-10
1.35171e-12
-2.18812e-12
-9.99469e-10
1.66033e-12
-2.57434e-12
-9.99883e-10
-2.95184e-12
-1.00041e-09
2.89855e-13
-9.98657e-10
6.05171e-13
-9.98714e-10
9.69038e-13
-9.98851e-10
1.28571e-12
-9.99114e-10
-9.99501e-10
5.06442e-13
-6.35234e-13
-1.0004e-09
9.6086e-13
-6.67052e-13
-1.00056e-09
1.31387e-12
-7.20705e-13
-1.00087e-09
1.51274e-12
-7.86106e-13
-1.00129e-09
-8.50471e-13
-1.00177e-09
4.77899e-13
-1.10849e-12
-1.00019e-09
9.10298e-13
-1.17078e-12
-1.00034e-09
1.25246e-12
-1.27655e-12
-1.00063e-09
1.45265e-12
-1.40579e-12
-1.00103e-09
-1.53373e-12
-1.00149e-09
4.19665e-13
-1.32564e-12
-9.99838e-10
8.06602e-13
-1.41498e-12
-9.99967e-10
1.12556e-12
-1.56803e-12
-1.00022e-09
1.32672e-12
-1.75628e-12
-1.00057e-09
-1.94511e-12
-1.00099e-09
3.34769e-13
-1.27851e-12
-9.99457e-10
6.556e-13
-1.38913e-12
-9.99551e-10
9.39687e-13
-1.57965e-12
-9.99741e-10
1.13983e-12
-1.8156e-12
-1.00002e-09
-2.05557e-12
-1.00037e-09
2.29531e-13
-9.99141e-10
4.66541e-13
-9.99193e-10
7.05375e-13
-9.99308e-10
9.01187e-13
-9.995e-10
-9.99764e-10
3.44245e-13
-4.31781e-13
-1.00031e-09
6.53744e-13
-4.51363e-13
-1.00042e-09
8.94541e-13
-4.84608e-13
-1.00063e-09
1.03649e-12
-5.26207e-13
-1.00091e-09
-5.68867e-13
-1.00123e-09
3.26741e-13
-7.69982e-13
-1.00018e-09
6.22368e-13
-8.08061e-13
-1.00028e-09
8.55372e-13
-8.732e-13
-1.00047e-09
9.9649e-13
-9.54738e-13
-1.00074e-09
-1.03882e-12
-1.00105e-09
2.91146e-13
-9.53761e-13
-9.99945e-10
5.58234e-13
-1.00792e-12
-1.00003e-09
7.74942e-13
-1.10142e-12
-1.0002e-09
9.1336e-13
-1.21907e-12
-1.00044e-09
-1.34133e-12
-1.00072e-09
2.39951e-13
-9.69833e-13
-9.9968e-10
4.65766e-13
-1.03622e-12
-9.99749e-10
6.58437e-13
-1.15171e-12
-9.99884e-10
7.92028e-13
-1.29771e-12
-1.00008e-09
-1.45102e-12
-1.00032e-09
1.76494e-13
-9.99441e-10
3.50984e-13
-9.99484e-10
5.13208e-13
-9.99574e-10
6.39364e-13
-9.99714e-10
-9.99898e-10
2.35807e-13
-3.00789e-13
-1.00024e-09
4.48169e-13
-3.12965e-13
-1.00032e-09
6.14087e-13
-3.33811e-13
-1.00046e-09
7.15064e-13
-3.60379e-13
-1.00065e-09
-3.88515e-13
-1.00087e-09
2.2498e-13
-5.45294e-13
-1.00016e-09
4.28483e-13
-5.68838e-13
-1.00023e-09
5.89053e-13
-6.09421e-13
-1.00036e-09
6.88635e-13
-6.61264e-13
-1.00054e-09
-7.16379e-13
-1.00075e-09
2.03026e-13
-6.9382e-13
-1e-09
3.88379e-13
-7.27193e-13
-1.00006e-09
5.37737e-13
-7.85079e-13
-1.00018e-09
6.33978e-13
-8.59275e-13
-1.00034e-09
-9.38564e-13
-1.00053e-09
1.71614e-13
-7.3368e-13
-9.99812e-10
3.30991e-13
-7.74418e-13
-9.99861e-10
4.64085e-13
-8.45376e-13
-9.99957e-10
5.5514e-13
-9.36607e-13
-1.00009e-09
-1.03482e-12
-1.00026e-09
1.32857e-13
-9.9963e-10
2.60381e-13
-9.99664e-10
3.7324e-13
-9.99733e-10
4.57235e-13
-9.99834e-10
-9.99964e-10
1.6266e-13
-2.13469e-13
-1.00019e-09
3.09284e-13
-2.21109e-13
-1.00024e-09
4.24425e-13
-2.34292e-13
-1.00034e-09
4.96082e-13
-2.51342e-13
-1.00047e-09
-2.69882e-13
-1.00062e-09
1.5592e-13
-3.91812e-13
-1.00013e-09
2.96848e-13
-4.06606e-13
-1.00018e-09
4.08371e-13
-4.32139e-13
-1.00027e-09
4.78664e-13
-4.65302e-13
-1.0004e-09
-5.01369e-13
-1.00054e-09
1.42181e-13
-5.08874e-13
-1.00002e-09
2.71539e-13
-5.29757e-13
-1.00007e-09
3.7546e-13
-5.65937e-13
-1.00015e-09
4.42818e-13
-6.12975e-13
-1.00026e-09
-6.64398e-13
-1.00039e-09
1.2263e-13
-5.53915e-13
-9.9989e-10
2.35597e-13
-5.79227e-13
-9.99925e-10
3.2868e-13
-6.23155e-13
-9.99992e-10
3.91618e-13
-6.80489e-13
-1.00009e-09
-7.43497e-13
-1.0002e-09
9.87233e-14
-9.99752e-10
1.91848e-13
-9.99777e-10
2.7154e-13
-9.99829e-10
3.28758e-13
-9.99903e-10
-9.99995e-10
1.12874e-13
-1.53562e-13
-1.00015e-09
2.14663e-13
-1.5844e-13
-1.00019e-09
2.94989e-13
-1.66825e-13
-1.00025e-09
3.45671e-13
-1.77854e-13
-1.00034e-09
-1.90022e-13
-1.00045e-09
1.08615e-13
-2.84573e-13
-1.00011e-09
2.06771e-13
-2.93973e-13
-1.00014e-09
2.8462e-13
-3.1016e-13
-1.00021e-09
3.34254e-13
-3.31415e-13
-1.00029e-09
-3.5496e-13
-1.00039e-09
9.99328e-14
-3.75363e-13
-1.00003e-09
1.90688e-13
-3.88538e-13
-1.00006e-09
2.63487e-13
-4.11269e-13
-1.00012e-09
3.10816e-13
-4.412e-13
-1.0002e-09
-4.74548e-13
-1.00029e-09
8.76909e-14
-4.17275e-13
-9.99935e-10
1.68073e-13
-4.33082e-13
-9.9996e-10
2.33678e-13
-4.60478e-13
-1.00001e-09
2.77578e-13
-4.9675e-13
-1.00008e-09
-5.37257e-13
-1.00016e-09
7.29007e-14
-9.99831e-10
1.40774e-13
-9.9985e-10
1.97508e-13
-9.99888e-10
2.37143e-13
-9.99942e-10
-1.00001e-09
7.86882e-14
-1.11586e-13
-1.00012e-09
1.49748e-13
-1.14705e-13
-1.00014e-09
2.05965e-13
-1.20085e-13
-1.00019e-09
2.41803e-13
-1.27184e-13
-1.00025e-09
-1.35101e-13
-1.00032e-09
7.5999e-14
-2.08236e-13
-1.00009e-09
1.44699e-13
-2.1423e-13
-1.00011e-09
1.99314e-13
-2.24514e-13
-1.00016e-09
2.344e-13
-2.3815e-13
-1.00022e-09
-2.53526e-13
-1.00029e-09
7.05068e-14
-2.77807e-13
-1.00004e-09
1.34467e-13
-2.86161e-13
-1.00006e-09
1.85738e-13
-3.00524e-13
-1.0001e-09
2.19075e-13
-3.19696e-13
-1.00015e-09
-3.41394e-13
-1.00021e-09
6.28182e-14
-3.13568e-13
-9.99963e-10
1.20161e-13
-3.23513e-13
-9.99981e-10
1.66623e-13
-3.40803e-13
-1.00001e-09
1.97423e-13
-3.63956e-13
-1.00006e-09
-3.90071e-13
-1.00012e-09
5.36147e-14
-9.99884e-10
1.02924e-13
-9.99898e-10
1.43529e-13
-9.99926e-10
1.71347e-13
-9.99965e-10
-1.00001e-09
5.5118e-14
-8.1626e-14
-1.00009e-09
1.04921e-13
-8.36378e-14
-1.00011e-09
1.44465e-13
-8.70634e-14
-1.00014e-09
1.69865e-13
-9.16134e-14
-1.00019e-09
-9.68373e-14
-1.00024e-09
5.34094e-14
-1.53109e-13
-1.00007e-09
1.01724e-13
-1.56947e-13
-1.00009e-09
1.40224e-13
-1.635e-13
-1.00012e-09
1.65e-13
-1.72303e-13
-1.00016e-09
-1.82378e-13
-1.00021e-09
4.99305e-14
-2.05993e-13
-1.00003e-09
9.51968e-14
-2.11344e-13
-1.00005e-09
1.31449e-13
-2.20489e-13
-1.00007e-09
1.54951e-13
-2.32844e-13
-1.00011e-09
-2.46925e-13
-1.00016e-09
4.50578e-14
-2.35132e-13
-9.99979e-10
8.6078e-14
-2.41463e-13
-9.99992e-10
1.1912e-13
-2.52485e-13
-1.00002e-09
1.40889e-13
-2.67286e-13
-1.00005e-09
-2.84075e-13
-1.00009e-09
3.92737e-14
-9.99919e-10
7.50836e-14
-9.9993e-10
1.04352e-13
-9.9995e-10
1.24116e-13
-9.99979e-10
-1.00001e-09
3.87744e-14
-5.99695e-14
-1.00007e-09
7.38426e-14
-6.12758e-14
-1.00008e-09
1.01771e-13
-6.34404e-14
-1.00011e-09
1.19673e-13
-6.64141e-14
-1.00014e-09
-6.98948e-14
-1.00017e-09
3.76861e-14
-1.12944e-13
-1.00006e-09
7.18372e-14
-1.15432e-13
-1.00007e-09
9.90111e-14
-1.19639e-13
-1.00009e-09
1.16446e-13
-1.25338e-13
-1.00012e-09
-1.31877e-13
-1.00015e-09
3.54551e-14
-1.52939e-13
-1.00003e-09
6.76423e-14
-1.56387e-13
-1.00004e-09
9.33261e-14
-1.62235e-13
-1.00006e-09
1.09923e-13
-1.70186e-13
-1.00008e-09
-1.79236e-13
-1.00012e-09
3.23535e-14
-1.76014e-13
-9.99988e-10
6.18058e-14
-1.80051e-13
-9.99997e-10
8.53892e-14
-1.87097e-13
-1.00001e-09
1.00888e-13
-1.96526e-13
-1.00004e-09
-2.07358e-13
-1.00007e-09
2.87214e-14
-9.99943e-10
5.47733e-14
-9.99951e-10
7.59705e-14
-9.99966e-10
9.00617e-14
-9.99987e-10
-1.00001e-09
2.73859e-14
-4.41982e-14
-1.00006e-09
5.22115e-14
-4.5042e-14
-1.00006e-09
7.19087e-14
-4.64336e-14
-1.00008e-09
8.44574e-14
-4.83793e-14
-1.0001e-09
-5.06083e-14
-1.00013e-09
2.66983e-14
-8.34926e-14
-1.00004e-09
5.09281e-14
-8.5117e-14
-1.00005e-09
7.0113e-14
-8.78197e-14
-1.00007e-09
8.24079e-14
-9.14879e-14
-1.00009e-09
-9.56854e-14
-1.00011e-09
2.52619e-14
-1.13563e-13
-1.00002e-09
4.82313e-14
-1.15788e-13
-1.00003e-09
6.64533e-14
-1.19555e-13
-1.00004e-09
7.8221e-14
-1.24668e-13
-1.00006e-09
-1.30518e-13
-1.00009e-09
2.32914e-14
-1.3144e-13
-9.99993e-10
4.4471e-14
-1.34056e-13
-1e-09
6.13495e-14
-1.38579e-13
-1.00001e-09
7.23867e-14
-1.44642e-13
-1.00003e-09
-1.51699e-13
-1.00005e-09
2.09703e-14
-9.9996e-10
3.99522e-14
-9.99965e-10
5.5283e-14
-9.99976e-10
6.53282e-14
-9.99991e-10
-1.00001e-09
1.94423e-14
-3.26197e-14
-1.00004e-09
3.7042e-14
-3.31881e-14
-1.00005e-09
5.09605e-14
-3.40753e-14
-1.00006e-09
5.98253e-14
-3.5324e-14
-1.00007e-09
-3.6715e-14
-1.00009e-09
1.8985e-14
-6.17604e-14
-1.00003e-09
3.62296e-14
-6.2799e-14
-1.00004e-09
4.982e-14
-6.4554e-14
-1.00005e-09
5.85597e-14
-6.69141e-14
-1.00007e-09
-6.96385e-14
-1.00008e-09
1.80869e-14
-8.42185e-14
-1.00002e-09
3.44787e-14
-8.57014e-14
-1.00002e-09
4.7466e-14
-8.81432e-14
-1.00003e-09
5.58386e-14
-9.14427e-14
-1.00005e-09
-9.52547e-14
-1.00006e-09
1.67903e-14
-9.78845e-14
-9.99997e-10
3.20412e-14
-9.9646e-14
-1e-09
4.41719e-14
-1.02543e-13
-1.00001e-09
5.2038e-14
-1.06465e-13
-1.00002e-09
-1.11033e-13
-1.00004e-09
1.5242e-14
-9.99971e-10
2.91467e-14
-9.99975e-10
4.02427e-14
-9.99983e-10
4.74519e-14
-9.99994e-10
-1.00001e-09
1.38388e-14
-2.40947e-14
-1.00003e-09
2.63638e-14
-2.44592e-14
-1.00004e-09
3.62667e-14
-2.50307e-14
-1.00004e-09
4.2589e-14
-2.58355e-14
-1.00005e-09
-2.67146e-14
-1.00007e-09
1.35551e-14
-4.5637e-14
-1.00003e-09
2.58487e-14
-4.63208e-14
-1.00003e-09
3.5541e-14
-4.74707e-14
-1.00004e-09
4.17962e-14
-4.89889e-14
-1.00005e-09
-5.07607e-14
-1.00006e-09
1.29731e-14
-6.23761e-14
-1.00001e-09
2.4702e-14
-6.33756e-14
-1.00002e-09
3.40259e-14
-6.4935e-14
-1.00003e-09
4.00218e-14
-6.7053e-14
-1.00003e-09
-6.95068e-14
-1.00005e-09
1.21093e-14
-7.27347e-14
-9.99998e-10
2.31457e-14
-7.38911e-14
-1e-09
3.19095e-14
-7.57129e-14
-1.00001e-09
3.75724e-14
-7.82291e-14
-1.00002e-09
-8.11708e-14
-1.00003e-09
1.11113e-14
-9.99979e-10
2.13281e-14
-9.99982e-10
2.93904e-14
-9.99988e-10
3.46112e-14
-9.99996e-10
-1.00001e-09
9.86833e-15
-1.77887e-14
-1.00002e-09
1.8842e-14
-1.80084e-14
-1.00003e-09
2.59271e-14
-1.8394e-14
-1.00003e-09
3.04569e-14
-1.8905e-14
-1.00004e-09
-1.94569e-14
-1.00005e-09
9.70966e-15
-3.36764e-14
-1.00002e-09
1.85002e-14
-3.41485e-14
-1.00002e-09
2.5472e-14
-3.48693e-14
-1.00003e-09
2.99661e-14
-3.5835e-14
-1.00004e-09
-3.69684e-14
-1.00004e-09
9.30868e-15
-4.61339e-14
-1.00001e-09
1.77812e-14
-4.67611e-14
-1.00001e-09
2.45061e-14
-4.7743e-14
-1.00002e-09
2.88298e-14
-4.90975e-14
-1.00003e-09
-5.06647e-14
-1.00003e-09
8.78204e-15
-5.38868e-14
-9.99999e-10
1.68011e-14
-5.46073e-14
-1e-09
2.31515e-14
-5.57655e-14
-1.00001e-09
2.72653e-14
-5.73917e-14
-1.00001e-09
-5.92668e-14
-1.00002e-09
8.18054e-15
-9.99985e-10
1.56467e-14
-9.99987e-10
2.1523e-14
-9.99991e-10
2.53823e-14
-9.99997e-10
-1e-09
7.07562e-15
-1.31047e-14
-1.00002e-09
1.35253e-14
-1.32553e-14
-1.00002e-09
1.86258e-14
-1.34912e-14
-1.00002e-09
2.1865e-14
-1.38027e-14
-1.00003e-09
-1.41399e-14
-1.00004e-09
6.96855e-15
-2.48262e-14
-1.00002e-09
1.33206e-14
-2.51188e-14
-1.00002e-09
1.83522e-14
-2.55499e-14
-1.00002e-09
2.1574e-14
-2.61521e-14
-1.00003e-09
-2.68694e-14
-1.00003e-09
6.72817e-15
-3.40366e-14
-1.00001e-09
1.28898e-14
-3.44169e-14
-1.00001e-09
1.7748e-14
-3.50417e-14
-1.00001e-09
2.08566e-14
-3.59177e-14
-1.00002e-09
-3.69004e-14
-1.00002e-09
6.42259e-15
-3.982e-14
-1e-09
1.22664e-14
-4.02695e-14
-1e-09
1.68731e-14
-4.10495e-14
-1e-09
1.98776e-14
-4.21125e-14
-1.00001e-09
-4.32644e-14
-1.00001e-09
6.06044e-15
-9.99989e-10
1.14871e-14
-9.99991e-10
1.58048e-14
-9.99994e-10
1.87095e-14
-9.99998e-10
-1e-09
5.09638e-15
-9.64523e-15
-1.00001e-09
9.7727e-15
-9.72835e-15
-1.00002e-09
1.3445e-14
-9.85811e-15
-1.00002e-09
1.57461e-14
-1.00444e-14
-1.00002e-09
-1.02341e-14
-1.00003e-09
5.04579e-15
-1.82579e-14
-1.00001e-09
9.66313e-15
-1.84212e-14
-1.00001e-09
1.32852e-14
-1.86814e-14
-1.00002e-09
1.55907e-14
-1.90477e-14
-1.00002e-09
-1.94911e-14
-1.00002e-09
4.92185e-15
-2.50607e-14
-1.00001e-09
9.40298e-15
-2.53036e-14
-1.00001e-09
1.29173e-14
-2.5705e-14
-1.00001e-09
1.51495e-14
-2.62736e-14
-1.00001e-09
-2.68601e-14
-1.00002e-09
4.73453e-15
-2.93837e-14
-1e-09
9.0033e-15
-2.96794e-14
-1e-09
1.23508e-14
-3.02323e-14
-1e-09
1.45665e-14
-3.091e-14
-1.00001e-09
-3.16312e-14
-1.00001e-09
4.50053e-15
-9.99992e-10
8.44881e-15
-9.99993e-10
1.16692e-14
-9.99996e-10
1.38334e-14
-9.99999e-10
-1e-09
3.70012e-15
-7.08222e-15
-1.00001e-09
7.11531e-15
-7.09881e-15
-1.00001e-09
9.73872e-15
-7.18976e-15
-1.00001e-09
1.13894e-14
-7.2991e-15
-1.00002e-09
-7.41273e-15
-1.00002e-09
3.70703e-15
-1.33896e-14
-1.00001e-09
7.03918e-15
-1.34976e-14
-1.00001e-09
9.64902e-15
-1.36541e-14
-1.00001e-09
1.13013e-14
-1.38803e-14
-1.00001e-09
-1.41467e-14
-1.00002e-09
3.629e-15
-1.84523e-14
-1e-09
6.88277e-15
-1.86104e-14
-1.00001e-09
9.42261e-15
-1.88717e-14
-1.00001e-09
1.1038e-14
-1.92236e-14
-1.00001e-09
-1.95657e-14
-1.00001e-09
3.51211e-15
-2.16646e-14
-1e-09
6.62264e-15
-2.19072e-14
-1e-09
9.07228e-15
-2.22781e-14
-1e-09
1.06996e-14
-2.26733e-14
-1.00001e-09
-2.31407e-14
-1.00001e-09
3.31406e-15
-9.99994e-10
6.24893e-15
-9.99995e-10
8.67128e-15
-9.99997e-10
1.02187e-14
-9.99999e-10
-1e-09
2.71512e-15
-5.18023e-15
-1.00001e-09
5.19402e-15
-5.17692e-15
-1.00001e-09
7.06799e-15
-5.25155e-15
-1.00001e-09
8.26629e-15
-5.32107e-15
-1.00001e-09
-5.41057e-15
-1.00001e-09
2.73765e-15
-9.82898e-15
-1.00001e-09
5.13105e-15
-9.90952e-15
-1.00001e-09
7.01432e-15
-1.00062e-14
-1.00001e-09
8.19439e-15
-1.01487e-14
-1.00001e-09
-1.03019e-14
-1.00001e-09
2.6793e-15
-1.36202e-14
-1e-09
5.03491e-15
-1.37293e-14
-1e-09
6.87243e-15
-1.38861e-14
-1.00001e-09
8.04403e-15
-1.40686e-14
-1.00001e-09
-1.427e-14
-1.00001e-09
2.59966e-15
-1.60506e-14
-1e-09
4.87862e-15
-1.62436e-14
-1e-09
6.69031e-15
-1.64286e-14
-1e-09
7.85061e-15
-1.66265e-14
-1e-09
-1.69118e-14
-1.00001e-09
2.43945e-15
-9.99996e-10
4.6908e-15
-9.99997e-10
6.48124e-15
-9.99998e-10
7.53358e-15
-1e-09
-1e-09
1.98865e-15
-3.80464e-15
-1.00001e-09
3.79095e-15
-3.79017e-15
-1.00001e-09
5.1352e-15
-3.84867e-15
-1.00001e-09
6.0184e-15
-3.89369e-15
-1.00001e-09
-3.96281e-15
-1.00001e-09
2.01832e-15
-7.24247e-15
-1e-09
3.74206e-15
-7.3025e-15
-1.00001e-09
5.10282e-15
-7.36912e-15
-1.00001e-09
5.96303e-15
-7.44846e-15
-1.00001e-09
-7.53346e-15
-1.00001e-09
1.97402e-15
-1.00985e-14
-1e-09
3.67603e-15
-1.01707e-14
-1e-09
5.02411e-15
-1.02367e-14
-1e-09
5.8809e-15
-1.03012e-14
-1.00001e-09
-1.04164e-14
-1.00001e-09
1.92265e-15
-1.19643e-14
-1e-09
3.61025e-15
-1.2063e-14
-1e-09
4.9593e-15
-1.21132e-14
-1e-09
5.77459e-15
-1.21937e-14
-1e-09
-1.2341e-14
-1e-09
1.84866e-15
-9.99997e-10
3.55705e-15
-9.99998e-10
4.86263e-15
-9.99999e-10
5.5922e-15
-1e-09
-1e-09
1.45264e-15
-2.81066e-15
-1e-09
2.77172e-15
-2.77782e-15
-1e-09
3.7285e-15
-2.83315e-15
-1.00001e-09
4.40884e-15
-2.85558e-15
-1.00001e-09
-2.92108e-15
-1.00001e-09
1.4958e-15
-5.35474e-15
-1e-09
2.72363e-15
-5.41339e-15
-1e-09
3.71514e-15
-5.45967e-15
-1e-09
4.35527e-15
-5.49302e-15
-1.00001e-09
-5.53683e-15
-1.00001e-09
1.44883e-15
-7.5156e-15
-1e-09
2.67773e-15
-7.55295e-15
-1e-09
3.6817e-15
-7.56419e-15
-1e-09
4.31631e-15
-7.56042e-15
-1e-09
-7.60805e-15
-1.00001e-09
1.42667e-15
-8.89272e-15
-1e-09
2.66697e-15
-8.94515e-15
-1e-09
3.68437e-15
-8.9395e-15
-1e-09
4.28474e-15
-8.93259e-15
-1e-09
-8.96064e-15
-1e-09
1.39174e-15
-9.99998e-10
2.66592e-15
-9.99999e-10
3.66629e-15
-9.99999e-10
4.25133e-15
-1e-09
-1e-09
1.07798e-15
-2.06795e-15
-1e-09
2.00283e-15
-2.05542e-15
-1e-09
2.67144e-15
-2.11245e-15
-1e-09
3.16664e-15
-2.1223e-15
-1.00001e-09
-2.17767e-15
-1.00001e-09
1.09811e-15
-3.99656e-15
-1e-09
1.95083e-15
-4.06179e-15
-1e-09
2.66778e-15
-4.08211e-15
-1e-09
3.12143e-15
-4.07323e-15
-1e-09
-4.06768e-15
-1.00001e-09
1.042e-15
-5.62188e-15
-1e-09
1.93095e-15
-5.64019e-15
-1e-09
2.67531e-15
-5.62146e-15
-1e-09
3.14087e-15
-5.56534e-15
-1e-09
-5.56521e-15
-1e-09
1.03563e-15
-6.61889e-15
-1e-09
1.95104e-15
-6.66016e-15
-1e-09
2.7282e-15
-6.61672e-15
-1e-09
3.20512e-15
-6.52457e-15
-1e-09
-6.49168e-15
-1e-09
1.00549e-15
-9.99999e-10
1.98278e-15
-9.99999e-10
2.76545e-15
-1e-09
3.32379e-15
-1e-09
-1e-09
7.90215e-16
-1.54003e-15
-1e-09
1.39371e-15
-1.57581e-15
-1e-09
1.85977e-15
-1.6103e-15
-1e-09
2.17227e-15
-1.60101e-15
-1e-09
-1.58762e-15
-1e-09
7.60471e-16
-3.04663e-15
-1e-09
1.36145e-15
-3.09427e-15
-1e-09
1.87234e-15
-3.07561e-15
-1e-09
2.19447e-15
-3.02304e-15
-1e-09
-2.97063e-15
-1e-09
7.21537e-16
-4.24098e-15
-1e-09
1.38065e-15
-4.24046e-15
-1e-09
1.92344e-15
-4.19565e-15
-1e-09
2.25817e-15
-4.11861e-15
-1e-09
-4.08114e-15
-1e-09
7.32333e-16
-4.96436e-15
-1e-09
1.4265e-15
-4.95853e-15
-1e-09
1.9981e-15
-4.89766e-15
-1e-09
2.34768e-15
-4.79372e-15
-1e-09
-4.70781e-15
-1e-09
7.45693e-16
-9.99999e-10
1.47822e-15
-1e-09
2.05224e-15
-1e-09
2.48887e-15
-1e-09
-1e-09
5.36772e-16
-1.2024e-15
-1e-09
9.50091e-16
-1.24672e-15
-1e-09
1.30131e-15
-1.23316e-15
-1e-09
1.53626e-15
-1.1935e-15
-1e-09
-1.13706e-15
-1e-09
4.96355e-16
-2.35606e-15
-1e-09
9.61993e-16
-2.36138e-15
-1e-09
1.34204e-15
-2.31227e-15
-1e-09
1.59965e-15
-2.2504e-15
-1e-09
-2.20861e-15
-1e-09
5.02019e-16
-3.20248e-15
-1e-09
1.01092e-15
-3.18284e-15
-1e-09
1.4025e-15
-3.13863e-15
-1e-09
1.64441e-15
-3.07516e-15
-1e-09
-3.01196e-15
-1e-09
5.31238e-16
-3.69304e-15
-1e-09
1.0554e-15
-3.67294e-15
-1e-09
1.46481e-15
-3.63888e-15
-1e-09
1.72329e-15
-3.55338e-15
-1e-09
-3.40762e-15
-1e-09
5.59251e-16
-1e-09
1.08638e-15
-1e-09
1.52898e-15
-1e-09
1.88154e-15
-1e-09
-1e-09
3.49277e-16
-9.63684e-16
-1e-09
6.87784e-16
-9.7073e-16
-1e-09
9.81411e-16
-9.23901e-16
-1e-09
1.20283e-15
-8.865e-16
-1e-09
-8.84293e-16
-1e-09
3.47631e-16
-1.80631e-15
-1e-09
7.31212e-16
-1.78352e-15
-1e-09
1.01944e-15
-1.74484e-15
-1e-09
1.20767e-15
-1.71538e-15
-1e-09
-1.69442e-15
-1e-09
3.80371e-16
-2.41338e-15
-1e-09
7.69434e-16
-2.40658e-15
-1e-09
1.04782e-15
-2.38729e-15
-1e-09
1.23146e-15
-2.32419e-15
-1e-09
-2.22293e-15
-1e-09
3.95136e-16
-2.76621e-15
-1e-09
7.89e-16
-2.7903e-15
-1e-09
1.11074e-15
-2.76397e-15
-1e-09
1.34071e-15
-2.6548e-15
-1e-09
-2.46917e-15
-1e-09
3.79602e-16
-1e-09
8.15709e-16
-1e-09
1.2105e-15
-1e-09
1.516e-15
-1e-09
-1e-09
2.6436e-16
-7.42224e-16
-1e-09
5.42394e-16
-7.25436e-16
-1e-09
7.69643e-16
-6.92181e-16
-1e-09
9.12714e-16
-6.98585e-16
-1e-09
-7.40551e-16
-1e-09
2.84749e-16
-1.3733e-15
-1e-09
5.73507e-16
-1.36085e-15
-1e-09
7.63469e-16
-1.35961e-15
-1e-09
8.71022e-16
-1.34903e-15
-1e-09
-1.28606e-15
-1e-09
3.04123e-16
-1.86199e-15
-1e-09
5.7487e-16
-1.887e-15
-1e-09
7.74389e-16
-1.87146e-15
-1e-09
9.37718e-16
-1.7828e-15
-1e-09
-1.66071e-15
-1e-09
2.84783e-16
-2.19183e-15
-1e-09
5.91011e-16
-2.21698e-15
-1e-09
8.6386e-16
-2.14671e-15
-1e-09
1.06362e-15
-2.02527e-15
-1e-09
-1.90067e-15
-1e-09
2.65424e-16
-1e-09
6.5938e-16
-1e-09
9.7803e-16
-1e-09
1.1762e-15
-1e-09
-1e-09
2.35609e-16
-5.40591e-16
-1e-09
4.10365e-16
-5.47264e-16
-1e-09
5.53852e-16
-5.52612e-16
-1e-09
5.99491e-16
-5.88576e-16
-1e-09
-5.80531e-16
-1e-09
2.31539e-16
-1.07309e-15
-1e-09
4.038e-16
-1.08693e-15
-1e-09
5.17289e-16
-1.10543e-15
-1e-09
6.08406e-16
-1.0755e-15
-1e-09
-9.70643e-16
-1e-09
2.22602e-16
-1.49599e-15
-1e-09
3.86025e-16
-1.52869e-15
-1e-09
5.48664e-16
-1.49212e-15
-1e-09
7.15481e-16
-1.40214e-15
-1e-09
-1.32887e-15
-1e-09
1.93957e-16
-1.78816e-15
-1e-09
4.23551e-16
-1.76512e-15
-1e-09
6.39129e-16
-1.67615e-15
-1e-09
7.90606e-16
-1.60884e-15
-1e-09
-1.57509e-15
-1e-09
2.19514e-16
-1e-09
5.10314e-16
-1e-09
7.01021e-16
-1e-09
8.1391e-16
-1e-09
-1e-09
1.93086e-16
-4.03006e-16
-1e-09
2.61237e-16
-4.51914e-16
-1e-09
3.65747e-16
-4.78736e-16
-1e-09
4.22382e-16
-5.00843e-16
-1e-09
-4.35839e-16
-1e-09
1.44997e-16
-8.80593e-16
-1e-09
2.33904e-16
-9.03555e-16
-1e-09
3.4499e-16
-9.09746e-16
-1e-09
4.88068e-16
-8.68243e-16
-1e-09
-8.19418e-16
-1e-09
1.25209e-16
-1.21168e-15
-1e-09
2.29041e-16
-1.22412e-15
-1e-09
3.87516e-16
-1.17823e-15
-1e-09
5.39564e-16
-1.13758e-15
-1e-09
-1.15748e-15
-1e-09
1.15939e-16
-1.40644e-15
-1e-09
2.75357e-16
-1.35655e-15
-1e-09
4.28193e-16
-1.30402e-15
-1e-09
5.32851e-16
-1.30497e-15
-1e-09
-1.28277e-15
-1e-09
1.6576e-16
-1e-09
3.20481e-16
-1e-09
4.08067e-16
-1e-09
5.42838e-16
-1e-09
-1e-09
1.14117e-16
-3.41937e-16
-1e-09
1.50682e-16
-4.08597e-16
-1e-09
2.93278e-16
-4.1869e-16
-1e-09
4.4101e-16
-4.11493e-16
-1e-09
-3.81746e-16
-1e-09
4.80035e-17
-7.24936e-16
-1e-09
1.41005e-16
-7.2771e-16
-1e-09
3.01236e-16
-7.13166e-16
-1e-09
4.72183e-16
-7.06812e-16
-1e-09
-7.8361e-16
-1e-09
4.74769e-17
-9.2227e-16
-1e-09
1.5568e-16
-9.0874e-16
-1e-09
3.07771e-16
-8.87621e-16
-1e-09
4.04416e-16
-9.09901e-16
-1e-09
-1.02309e-15
-1e-09
6.39857e-17
-1.01894e-15
-1e-09
1.77115e-16
-9.72784e-16
-1e-09
2.84011e-16
-9.83997e-16
-1e-09
3.78472e-16
-9.96907e-16
-1e-09
-8.39026e-16
-1e-09
1.08907e-16
-1e-09
1.54499e-16
-1e-09
1.68201e-16
-1e-09
4.60812e-16
-1e-09
-1e-09
2.98802e-17
-3.25814e-16
-1e-09
1.39649e-16
-3.54899e-16
-1e-09
3.38393e-16
-3.32278e-16
-1e-09
5.25835e-16
-3.25411e-16
-1e-09
-3.80861e-16
-1e-09
1.55419e-18
-5.39521e-16
-1e-09
1.6076e-16
-5.11233e-16
-1e-09
3.4491e-16
-5.03667e-16
-1e-09
4.74121e-16
-5.60193e-16
-1e-09
-7.16117e-16
-1e-09
3.30083e-17
-6.04679e-16
-1e-09
1.68394e-16
-5.81718e-16
-1e-09
2.87131e-16
-6.14796e-16
-1e-09
3.32697e-16
-6.87027e-16
-1e-09
-8.65834e-16
-1e-09
5.8392e-17
-6.36955e-16
-1e-09
1.36298e-16
-6.16766e-16
-1e-09
2.12464e-16
-6.8969e-16
-1e-09
3.31391e-16
-6.88393e-16
-1e-09
-4.65497e-16
-1e-09
8.01761e-17
-1e-09
4.81084e-17
-1e-09
-6.19863e-18
-1e-09
5.11711e-16
-1e-09
-1e-09
-8.43533e-18
-2.98639e-16
-1e-09
2.15576e-16
-2.58416e-16
-1e-09
4.14017e-16
-2.28269e-16
-1e-09
5.44114e-16
-2.47204e-16
-1e-09
-3.30169e-16
-1e-09
3.22114e-17
-3.24999e-16
-1e-09
2.43749e-16
-2.86134e-16
-1e-09
3.94574e-16
-3.16993e-16
-1e-09
4.65205e-16
-4.17983e-16
-1e-09
-5.56187e-16
-1e-09
7.38587e-17
-3.14067e-16
-1e-09
2.12598e-16
-3.06495e-16
-1e-09
2.91839e-16
-3.98336e-16
-1e-09
3.36394e-16
-5.14315e-16
-1e-09
-7.16247e-16
-1e-09
8.29312e-17
-3.27793e-16
-1e-09
1.22449e-16
-3.51393e-16
-1e-09
1.75494e-16
-4.77913e-16
-1e-09
3.05119e-16
-5.36752e-16
-1e-09
-3.77774e-16
-1e-09
5.91989e-17
-1e-09
-1.529e-17
-1e-09
-9.23649e-17
-1e-09
4.5346e-16
-1e-09
-1e-09
3.65575e-17
-2.16391e-16
2.8963e-16
-1.45969e-16
4.42572e-16
-1.41937e-16
4.9742e-16
-1.84025e-16
-2.42261e-16
1.07601e-16
-1.73158e-16
2.92213e-16
-1.5947e-16
4.00239e-16
-2.25959e-16
4.44913e-16
-3.31813e-16
-4.2325e-16
1.23227e-16
-1.58298e-16
2.25596e-16
-1.85796e-16
2.91909e-16
-3.01176e-16
3.58584e-16
-4.36488e-16
-6.32305e-16
9.73977e-17
-1.94413e-16
1.11761e-16
-2.54431e-16
1.58015e-16
-4.06978e-16
2.70717e-16
-5.19106e-16
-4.07271e-16
3.43836e-17
-4.79265e-17
-9.03753e-17
3.81163e-16
)
;

boundaryField
{
    inlet
    {
        type            calculated;
        value           nonuniform List<scalar> 
25
(
-1e-09
-1e-09
-1e-09
-1e-09
-1e-09
-1e-09
-1e-09
-1e-09
-1e-09
-1e-09
-1e-09
-1e-09
-1e-09
-1e-09
-1e-09
-1e-09
-1e-09
-1e-09
-1e-09
-1e-09
-1e-09
-1e-09
-1e-09
-1e-09
-1e-09
)
;
    }
    outlet
    {
        type            calculated;
        value           nonuniform List<scalar> 
25
(
9.99999e-10
9.99999e-10
1e-09
1e-09
1e-09
1e-09
1e-09
1e-09
1e-09
1e-09
1e-09
1e-09
1e-09
1e-09
1e-09
1e-09
1e-09
1e-09
1e-09
1e-09
1e-09
1e-09
1e-09
1e-09
1e-09
)
;
    }
    repeat_boundary
    {
        type            calculated;
        value           uniform 0;
    }
    procBoundary0to1
    {
        type            processor;
        value           nonuniform List<scalar> 
450
(
-1.33172e-16
-1.49285e-16
-1.47453e-16
-1.51404e-16
-2.33829e-16
-4.09526e-16
-4.32008e-16
-4.14588e-16
-3.98604e-16
-6.459e-16
-7.05092e-16
-7.21375e-16
-6.7359e-16
-6.24074e-16
-7.95282e-16
-1.0008e-15
-1.00951e-15
-9.64124e-16
-9.2738e-16
-1.03538e-15
-1.32724e-15
-1.32526e-15
-1.30212e-15
-1.28196e-15
-1.41188e-15
-1.74992e-15
-1.73966e-15
-1.72985e-15
-1.68535e-15
-1.74119e-15
-2.35424e-15
-2.35254e-15
-2.35627e-15
-2.29492e-15
-2.23263e-15
-3.22012e-15
-3.23517e-15
-3.25701e-15
-3.26241e-15
-3.24065e-15
-4.4255e-15
-4.44332e-15
-4.46734e-15
-4.53282e-15
-4.70273e-15
-6.08041e-15
-6.08718e-15
-6.08423e-15
-6.12498e-15
-6.38465e-15
-8.33597e-15
-8.33626e-15
-8.30073e-15
-8.24184e-15
-8.33215e-15
-1.13968e-14
-1.13917e-14
-1.13233e-14
-1.11944e-14
-1.1055e-14
-1.5557e-14
-1.55411e-14
-1.54409e-14
-1.52399e-14
-1.4796e-14
-2.12248e-14
-2.1204e-14
-2.1101e-14
-2.08882e-14
-2.02906e-14
-2.8964e-14
-2.89457e-14
-2.88401e-14
-2.86753e-14
-2.81598e-14
-3.95722e-14
-3.95432e-14
-3.93664e-14
-3.91431e-14
-3.88003e-14
-5.41488e-14
-5.40896e-14
-5.37647e-14
-5.33117e-14
-5.27836e-14
-7.41713e-14
-7.40642e-14
-7.35443e-14
-7.27835e-14
-7.18961e-14
-1.01674e-13
-1.01481e-13
-1.00673e-13
-9.95134e-14
-9.81459e-14
-1.39485e-13
-1.39145e-13
-1.37879e-13
-1.36131e-13
-1.33969e-13
-1.91491e-13
-1.90906e-13
-1.88942e-13
-1.86356e-13
-1.83032e-13
-2.63058e-13
-2.62069e-13
-2.59033e-13
-2.55142e-13
-2.50205e-13
-3.61684e-13
-3.60056e-13
-3.55402e-13
-3.49342e-13
-3.42014e-13
-4.97828e-13
-4.9518e-13
-4.88104e-13
-4.78594e-13
-4.67534e-13
-6.86057e-13
-6.81711e-13
-6.70852e-13
-6.55961e-13
-6.38843e-13
-9.46611e-13
-9.3953e-13
-9.22657e-13
-8.99465e-13
-8.72563e-13
-1.30761e-12
-1.2963e-12
-1.27005e-12
-1.23419e-12
-1.19233e-12
-1.80834e-12
-1.79047e-12
-1.74975e-12
-1.69439e-12
-1.62999e-12
-2.50351e-12
-2.47531e-12
-2.41244e-12
-2.32702e-12
-2.22826e-12
-3.46818e-12
-3.42387e-12
-3.32737e-12
-3.1966e-12
-3.04592e-12
-4.8028e-12
-4.7341e-12
-4.58774e-12
-4.39057e-12
-4.16391e-12
-6.63496e-12
-6.53098e-12
-6.3144e-12
-6.0248e-12
-5.694e-12
-9.10408e-12
-8.95325e-12
-8.64994e-12
-8.24497e-12
-7.79384e-12
-1.22825e-11
-1.20816e-11
-1.17185e-11
-1.12042e-11
-1.07005e-11
-1.58759e-11
-1.56398e-11
-1.54626e-11
-1.49135e-11
-1.48158e-11
-1.85402e-11
-1.82107e-11
-1.92544e-11
-1.84773e-11
-2.09443e-11
-1.74062e-11
-1.64828e-11
-2.21148e-11
-1.8477e-11
-3.10307e-11
-8.36017e-12
-5.86094e-12
-2.51288e-11
-1.17742e-11
-5.11657e-11
6.64821e-11
4.24405e-11
-3.352e-11
2.11461e-11
-1.17596e-10
-5.11879e-12
2.7133e-10
-8.09561e-11
3.35725e-10
-1.01749e-11
8.72944e-11
-3.88732e-12
-9.57885e-12
7.82019e-11
-4.32858e-10
2.74106e-10
-1.02574e-10
-2.14071e-11
-8.13552e-11
-2.62993e-10
-5.60573e-10
-2.99345e-10
-3.82388e-12
-2.85337e-10
2.14045e-10
-4.49144e-10
-4.60418e-10
-3.9788e-10
-1.73633e-10
2.00462e-10
-2.03491e-10
2.07864e-10
-2.70205e-10
9.54505e-11
4.65215e-11
7.16248e-11
-1.13343e-10
-5.27943e-11
9.00762e-11
4.4562e-10
1.07222e-10
-2.11658e-10
1.12124e-10
-2.95113e-10
1.05674e-10
-3.82866e-10
1.31301e-12
1.61395e-10
-2.24579e-10
-6.93908e-11
5.82998e-10
5.31144e-10
-6.401e-11
8.20529e-11
-4.11952e-10
6.11554e-10
4.72506e-10
8.0367e-11
-1.65453e-10
-1.23845e-11
4.92022e-12
-3.98417e-11
-1.64123e-10
2.09577e-11
1.70486e-10
3.93308e-10
-1.67756e-10
-4.7485e-11
1.02474e-10
-4.46683e-11
-4.53927e-11
-9.62694e-11
2.72105e-10
2.24137e-10
2.98612e-11
1.47714e-11
-3.37879e-11
7.54533e-11
6.94037e-11
3.22077e-11
1.2846e-11
5.06064e-12
3.60278e-11
3.3025e-11
2.3915e-11
1.16328e-11
9.79432e-12
1.81968e-11
1.73627e-11
1.43051e-11
8.96403e-12
8.74657e-12
1.0328e-11
9.80287e-12
8.40829e-12
6.47957e-12
6.39749e-12
6.49731e-12
6.01936e-12
5.14383e-12
4.56249e-12
4.47809e-12
4.31165e-12
3.90454e-12
3.27638e-12
3.17954e-12
3.1002e-12
2.92026e-12
2.60525e-12
2.15798e-12
2.20763e-12
2.14281e-12
1.99825e-12
1.76888e-12
1.45896e-12
1.53229e-12
1.48342e-12
1.37738e-12
1.21632e-12
1.00599e-12
1.06476e-12
1.02961e-12
9.5502e-13
8.44602e-13
7.04034e-13
7.41208e-13
7.1672e-13
6.65486e-13
5.91053e-13
4.98089e-13
5.17148e-13
5.00459e-13
4.65818e-13
4.16166e-13
3.54879e-13
3.61735e-13
3.50554e-13
3.27431e-13
2.94581e-13
2.54292e-13
2.53714e-13
2.46308e-13
2.30998e-13
2.09476e-13
1.83284e-13
1.78415e-13
1.73552e-13
1.63436e-13
1.49364e-13
1.32441e-13
1.25791e-13
1.22623e-13
1.1598e-13
1.06722e-13
9.56883e-14
8.89671e-14
8.68864e-14
8.26016e-14
7.65636e-14
6.93852e-14
6.31312e-14
6.17425e-14
5.90134e-14
5.51465e-14
5.05886e-14
4.49416e-14
4.40322e-14
4.2266e-14
3.97545e-14
3.68767e-14
3.21092e-14
3.15354e-14
3.03607e-14
2.86753e-14
2.68124e-14
2.30268e-14
2.26605e-14
2.18749e-14
2.07505e-14
1.95123e-14
1.65635e-14
1.63247e-14
1.58031e-14
1.50832e-14
1.42754e-14
1.19448e-14
1.18024e-14
1.14592e-14
1.10151e-14
1.04984e-14
8.63491e-15
8.56231e-15
8.34252e-15
8.09235e-15
7.83059e-15
6.24926e-15
6.21457e-15
6.07976e-15
5.94736e-15
5.90052e-15
4.51894e-15
4.50098e-15
4.42427e-15
4.33971e-15
4.34332e-15
3.26825e-15
3.25873e-15
3.21963e-15
3.126e-15
3.06379e-15
2.37517e-15
2.37187e-15
2.36309e-15
2.26478e-15
2.08912e-15
1.73771e-15
1.74159e-15
1.75934e-15
1.70828e-15
1.53222e-15
1.27476e-15
1.28818e-15
1.32704e-15
1.33877e-15
1.26275e-15
9.46164e-16
9.70828e-16
1.01923e-15
1.05834e-15
1.07325e-15
7.39693e-16
7.73374e-16
8.18673e-16
8.48709e-16
8.58918e-16
6.38746e-16
6.7166e-16
7.019e-16
6.58097e-16
5.98254e-16
6.0613e-16
6.27241e-16
6.29532e-16
3.69697e-16
2.55566e-16
6.00546e-16
6.0201e-16
5.83964e-16
2.1853e-16
6.89198e-17
5.88204e-16
5.67868e-16
5.42354e-16
1.68403e-16
3.22492e-18
5.58462e-16
5.30342e-16
4.94171e-16
1.88886e-16
1.13487e-16
)
;
    }
    procBoundary0to2
    {
        type            processor;
        value           nonuniform List<scalar> 
450
(
-1.40488e-16
-1.24091e-16
-1.19623e-16
-1.23404e-16
-2.04449e-16
-3.94793e-16
-3.60751e-16
-3.46865e-16
-3.41569e-16
-5.89696e-16
-6.44821e-16
-6.20005e-16
-5.9349e-16
-5.69692e-16
-7.42415e-16
-9.40405e-16
-9.43422e-16
-9.22413e-16
-8.99603e-16
-9.97892e-16
-1.31023e-15
-1.33424e-15
-1.32216e-15
-1.29543e-15
-1.38134e-15
-1.79018e-15
-1.82047e-15
-1.80586e-15
-1.74312e-15
-1.75029e-15
-2.43822e-15
-2.47178e-15
-2.46292e-15
-2.3786e-15
-2.31553e-15
-3.32265e-15
-3.35687e-15
-3.37236e-15
-3.36991e-15
-3.35475e-15
-4.52009e-15
-4.54305e-15
-4.57129e-15
-4.64333e-15
-4.83597e-15
-6.14304e-15
-6.14914e-15
-6.15843e-15
-6.2192e-15
-6.53326e-15
-8.34957e-15
-8.35027e-15
-8.33317e-15
-8.30707e-15
-8.48595e-15
-1.13561e-14
-1.13613e-14
-1.13167e-14
-1.12288e-14
-1.11496e-14
-1.54661e-14
-1.54769e-14
-1.53996e-14
-1.52392e-14
-1.48176e-14
-2.10876e-14
-2.11035e-14
-2.10112e-14
-2.08322e-14
-2.0246e-14
-2.87716e-14
-2.87798e-14
-2.86648e-14
-2.85213e-14
-2.80086e-14
-3.92973e-14
-3.92638e-14
-3.90598e-14
-3.88514e-14
-3.84759e-14
-5.37465e-14
-5.36483e-14
-5.32937e-14
-5.28698e-14
-5.22855e-14
-7.35743e-14
-7.34151e-14
-7.28832e-14
-7.21732e-14
-7.12292e-14
-1.00787e-13
-1.00554e-13
-9.97684e-14
-9.86514e-14
-9.72499e-14
-1.38179e-13
-1.37812e-13
-1.3662e-13
-1.34866e-13
-1.32718e-13
-1.89589e-13
-1.88974e-13
-1.87153e-13
-1.84496e-13
-1.81237e-13
-2.60324e-13
-2.59303e-13
-2.56464e-13
-2.52468e-13
-2.47617e-13
-3.57821e-13
-3.56192e-13
-3.51727e-13
-3.45598e-13
-3.38332e-13
-4.92465e-13
-4.89888e-13
-4.82932e-13
-4.73442e-13
-4.62403e-13
-6.78736e-13
-6.74554e-13
-6.6374e-13
-6.48953e-13
-6.31886e-13
-9.36807e-13
-9.29953e-13
-9.13125e-13
-8.9009e-13
-8.63355e-13
-1.29479e-12
-1.28366e-12
-1.25751e-12
-1.22188e-12
-1.18033e-12
-1.79222e-12
-1.77424e-12
-1.73355e-12
-1.67846e-12
-1.61455e-12
-2.48503e-12
-2.45601e-12
-2.3924e-12
-2.30687e-12
-2.20867e-12
-3.45239e-12
-3.40529e-12
-3.30532e-12
-3.17231e-12
-3.02141e-12
-4.80655e-12
-4.72931e-12
-4.5708e-12
-4.36393e-12
-4.1333e-12
-6.70729e-12
-6.5791e-12
-6.32475e-12
-6.00233e-12
-5.65354e-12
-9.3803e-12
-9.16647e-12
-8.75346e-12
-8.24878e-12
-7.72823e-12
-1.31294e-11
-1.27845e-11
-1.21085e-11
-1.13173e-11
-1.05502e-11
-1.82644e-11
-1.78216e-11
-1.67193e-11
-1.55055e-11
-1.43649e-11
-2.4481e-11
-2.47436e-11
-2.29624e-11
-2.13504e-11
-1.94441e-11
-2.91423e-11
-3.40402e-11
-3.08583e-11
-3.04628e-11
-2.58701e-11
-3.00089e-11
-4.62723e-11
-3.72141e-11
-4.95663e-11
-3.13239e-11
-1.96757e-11
-5.40509e-11
-2.29112e-11
-1.13815e-10
-3.89618e-11
1.01892e-11
-2.48544e-10
-1.03632e-10
-2.87371e-11
2.99526e-10
1.64022e-10
2.89228e-11
1.72794e-11
-1.48963e-10
-1.63986e-10
-6.36989e-11
2.62251e-10
-2.43703e-11
-1.47255e-10
-2.7866e-10
1.58459e-10
1.36885e-10
6.5629e-11
8.37516e-12
4.55261e-11
-2.10468e-10
1.82897e-10
2.18704e-10
-3.51019e-11
1.04187e-10
2.75883e-11
4.7839e-11
1.12516e-10
5.62248e-10
6.74773e-10
4.61811e-10
-6.7219e-12
1.201e-10
4.89084e-10
6.16499e-10
-6.20197e-10
-3.22196e-10
1.21157e-10
2.23703e-10
1.32782e-11
-3.99032e-10
-1.34231e-10
-6.72795e-11
1.16072e-10
-1.17635e-10
-1.4431e-10
7.94124e-11
-2.96683e-10
-4.10144e-10
-6.60116e-10
-3.12997e-10
-1.72451e-10
-1.06482e-10
-1.91741e-10
-2.44973e-11
-3.76212e-11
7.27839e-11
1.16135e-10
2.408e-10
3.68512e-10
1.96782e-10
1.57569e-10
1.22856e-11
1.04897e-11
-1.7909e-11
3.59741e-10
1.12744e-10
3.29361e-11
-8.98096e-11
-1.88986e-10
1.53487e-10
6.56143e-11
4.21199e-11
-3.85627e-11
-7.7406e-11
6.09887e-11
2.83952e-11
1.26696e-11
-1.99624e-11
-3.73848e-11
2.23696e-11
1.02624e-11
1.45533e-12
-1.14672e-11
-1.99127e-11
6.99771e-12
2.09221e-12
-1.54987e-12
-7.60313e-12
-1.18003e-11
1.02295e-12
-4.99426e-13
-2.43655e-12
-5.44425e-12
-7.60457e-12
-6.41302e-13
-1.3118e-12
-2.53756e-12
-3.99012e-12
-5.1917e-12
-1.12438e-12
-1.51385e-12
-2.18295e-12
-2.94966e-12
-3.66027e-12
-1.16108e-12
-1.37795e-12
-1.74549e-12
-2.18724e-12
-2.62348e-12
-1.02381e-12
-1.147e-12
-1.3611e-12
-1.62589e-12
-1.89848e-12
-8.46389e-13
-9.19609e-13
-1.04758e-12
-1.20965e-12
-1.38166e-12
-6.7738e-13
-7.21689e-13
-7.99556e-13
-9.0005e-13
-1.00906e-12
-5.31205e-13
-5.58521e-13
-6.06565e-13
-6.69439e-13
-7.38813e-13
-4.10838e-13
-4.27851e-13
-4.57753e-13
-4.97372e-13
-5.41658e-13
-3.14575e-13
-3.25276e-13
-3.43967e-13
-3.68985e-13
-3.97118e-13
-2.39018e-13
-2.45851e-13
-2.576e-13
-2.73466e-13
-2.91333e-13
-1.80486e-13
-1.84892e-13
-1.92347e-13
-2.02492e-13
-2.1404e-13
-1.35635e-13
-1.3846e-13
-1.4323e-13
-1.49687e-13
-1.57132e-13
-1.01547e-13
-1.03353e-13
-1.06413e-13
-1.10471e-13
-1.15115e-13
-7.57545e-14
-7.69281e-14
-7.88887e-14
-8.14736e-14
-8.43683e-14
-5.63198e-14
-5.70908e-14
-5.83532e-14
-6.00541e-14
-6.194e-14
-4.17686e-14
-4.22774e-14
-4.3105e-14
-4.42414e-14
-4.54929e-14
-3.09484e-14
-3.12906e-14
-3.1837e-14
-3.25905e-14
-3.34269e-14
-2.29398e-14
-2.31714e-14
-2.35162e-14
-2.39906e-14
-2.44913e-14
-1.70195e-14
-1.71721e-14
-1.73709e-14
-1.76376e-14
-1.78528e-14
-1.26361e-14
-1.27335e-14
-1.28372e-14
-1.29703e-14
-1.29841e-14
-9.38133e-15
-9.44019e-15
-9.49131e-15
-9.57013e-15
-9.51268e-15
-6.9538e-15
-6.98325e-15
-7.00736e-15
-7.11515e-15
-7.24466e-15
-5.1388e-15
-5.14551e-15
-5.15496e-15
-5.2619e-15
-5.46238e-15
-3.79509e-15
-3.78707e-15
-3.78379e-15
-3.83887e-15
-4.01385e-15
-2.81571e-15
-2.8053e-15
-2.79016e-15
-2.79566e-15
-2.88013e-15
-2.10472e-15
-2.10124e-15
-2.07679e-15
-2.05844e-15
-2.07578e-15
-1.57521e-15
-1.57907e-15
-1.55183e-15
-1.54021e-15
-1.55107e-15
-1.16802e-15
-1.1782e-15
-1.15825e-15
-1.22494e-15
-1.22917e-15
-8.52266e-16
-8.66797e-16
-8.67163e-16
-1.10988e-15
-1.20315e-15
-6.15433e-16
-6.31671e-16
-6.34332e-16
-1.00082e-15
-1.17798e-15
-4.49551e-16
-4.68318e-16
-4.63939e-16
-8.52896e-16
-1.06287e-15
-3.61102e-16
-3.73009e-16
-3.82666e-16
-7.23656e-16
-8.941e-16
)
;
    }
}


// ************************************************************************* //
