/*--------------------------------*- C++ -*----------------------------------*\
| =========                 |                                                 |
| \\      /  F ield         | OpenFOAM: The Open Source CFD Toolbox           |
|  \\    /   O peration     | Version:  5.x                                   |
|   \\  /    A nd           | Web:      www.OpenFOAM.org                      |
|    \\/     M anipulation  |                                                 |
\*---------------------------------------------------------------------------*/
FoamFile
{
    version     2.0;
    format      ascii;
    class       volVectorField;
    location    "0.01";
    object      Us;
}
// * * * * * * * * * * * * * * * * * * * * * * * * * * * * * * * * * * * * * //

dimensions      [0 1 -1 0 0 0 0];

internalField   nonuniform List<vector> 
2250
(
(0 0 0)
(0 0 0)
(0 0 0)
(0 0 0)
(0 0 0)
(0 0 0)
(0 0 0)
(0 0 0)
(0 0 0)
(0 0 0)
(0 0 0)
(0 0 0)
(0 0 0)
(0 0 0)
(0 0 0)
(0 0 0)
(0 0 0)
(0 0 0)
(0 0 0)
(0 0 0)
(0 0 0)
(0 0 0)
(0 0 0)
(0 0 0)
(0 0 0)
(0 0 0)
(0 0 0)
(0 0 0)
(0 0 0)
(0 0 0)
(0 0 0)
(0 0 0)
(0 0 0)
(0 0 0)
(0 0 0)
(0 0 0)
(0 0 0)
(0 0 0)
(0 0 0)
(0 0 0)
(0 0 0)
(0 0 0)
(0 0 0)
(0 0 0)
(0 0 0)
(0 0 0)
(0 0 0)
(0 0 0)
(0 0 0)
(0 0 0)
(0 0 0)
(0 0 0)
(0 0 0)
(0 0 0)
(0 0 0)
(0 0 0)
(0 0 0)
(0 0 0)
(0 0 0)
(0 0 0)
(0 0 0)
(0 0 0)
(0 0 0)
(0 0 0)
(0 0 0)
(0 0 0)
(0 0 0)
(0 0 0)
(0 0 0)
(0 0 0)
(0 0 0)
(0 0 0)
(0 0 0)
(0 0 0)
(0 0 0)
(0 0 0)
(0 0 0)
(0 0 0)
(0 0 0)
(0 0 0)
(0 0 0)
(0 0 0)
(0 0 0)
(0 0 0)
(0 0 0)
(0 0 0)
(0 0 0)
(0 0 0)
(0 0 0)
(0 0 0)
(0 0 0)
(0 0 0)
(0 0 0)
(0 0 0)
(0 0 0)
(0 0 0)
(0 0 0)
(0 0 0)
(0 0 0)
(0 0 0)
(0 0 0)
(0 0 0)
(0 0 0)
(0 0 0)
(0 0 0)
(0 0 0)
(0 0 0)
(0 0 0)
(0 0 0)
(0 0 0)
(0 0 0)
(0 0 0)
(0 0 0)
(0 0 0)
(0 0 0)
(0 0 0)
(0 0 0)
(0 0 0)
(0 0 0)
(0 0 0)
(0 0 0)
(0 0 0)
(0 0 0)
(0 0 0)
(0 0 0)
(0 0 0)
(0 0 0)
(0 0 0)
(0 0 0)
(0 0 0)
(0 0 0)
(0 0 0)
(0 0 0)
(0 0 0)
(0 0 0)
(0 0 0)
(0 0 0)
(0 0 0)
(0 0 0)
(0 0 0)
(0 0 0)
(0 0 0)
(0 0 0)
(0 0 0)
(0 0 0)
(0 0 0)
(0 0 0)
(0 0 0)
(0 0 0)
(0 0 0)
(0 0 0)
(0 0 0)
(0 0 0)
(0 0 0)
(0 0 0)
(0 0 0)
(0 0 0)
(0 0 0)
(0 0 0)
(0 0 0)
(0 0 0)
(0 0 0)
(0 0 0)
(0 0 0)
(0 0 0)
(0 0 0)
(0 0 0)
(0 0 0)
(0 0 0)
(0 0 0)
(0 0 0)
(0 0 0)
(0 0 0)
(0 0 0)
(0 0 0)
(0 0 0)
(0 0 0)
(0 0 0)
(0 0 0)
(0 0 0)
(0 0 0)
(0 0 0)
(0 0 0)
(0 0 0)
(0 0 0)
(0 0 0)
(0 0 0)
(0 0 0)
(0 0 0)
(0 0 0)
(0 0 0)
(0 0 0)
(0 0 0)
(0 0 0)
(0 0 0)
(0 0 0)
(0 0 0)
(0 0 0)
(0 0 0)
(0 0 0)
(0 0 0)
(0 0 0)
(0 0 0)
(0 0 0)
(0 0 0)
(0 0 0)
(0 0 0)
(0 0 0)
(0 0 0)
(0 0 0)
(0 0 0)
(0 0 0)
(0 0 0)
(0 0 0)
(0 0 0)
(0 0 0)
(0 0 0)
(0 0 0)
(0 0 0)
(0 0 0)
(0 0 0)
(0 0 0)
(0 0 0)
(0 0 0)
(0 0 0)
(0 0 0)
(0 0 0)
(0 0 0)
(0 0 0)
(0 0 0)
(0 0 0)
(0 0 0)
(0 0 0)
(0 0 0)
(0 0 0)
(0 0 0)
(0 0 0)
(0 0 0)
(0 0 0)
(0 0 0)
(0 0 0)
(0 0 0)
(0 0 0)
(0 0 0)
(0 0 0)
(0 0 0)
(0 0 0)
(0 0 0)
(0 0 0)
(0 0 0)
(0 0 0)
(0 0 0)
(0 0 0)
(0 0 0)
(0 0 0)
(0 0 0)
(0 0 0)
(0 0 0)
(0 0 0)
(0 0 0)
(0 0 0)
(0 0 0)
(0 0 0)
(0 0 0)
(0 0 0)
(0 0 0)
(0 0 0)
(0 0 0)
(0 0 0)
(0 0 0)
(0 0 0)
(0 0 0)
(0 0 0)
(0 0 0)
(0 0 0)
(0 0 0)
(0 0 0)
(0 0 0)
(0 0 0)
(0 0 0)
(0 0 0)
(0 0 0)
(0 0 0)
(0 0 0)
(0 0 0)
(0 0 0)
(0 0 0)
(0 0 0)
(0 0 0)
(0 0 0)
(0 0 0)
(0 0 0)
(0 0 0)
(0 0 0)
(0 0 0)
(0 0 0)
(0 0 0)
(0 0 0)
(0 0 0)
(0 0 0)
(0 0 0)
(0 0 0)
(0 0 0)
(0 0 0)
(0 0 0)
(0 0 0)
(0 0 0)
(0 0 0)
(0 0 0)
(0 0 0)
(0 0 0)
(0 0 0)
(0 0 0)
(0 0 0)
(0 0 0)
(0 0 0)
(0 0 0)
(0 0 0)
(0 0 0)
(0 0 0)
(0 0 0)
(0 0 0)
(0 0 0)
(0 0 0)
(0 0 0)
(0 0 0)
(0 0 0)
(0 0 0)
(0 0 0)
(0 0 0)
(0 0 0)
(0 0 0)
(0 0 0)
(0 0 0)
(0 0 0)
(0 0 0)
(0 0 0)
(0 0 0)
(0 0 0)
(0 0 0)
(0 0 0)
(0 0 0)
(0 0 0)
(0 0 0)
(0 0 0)
(0 0 0)
(0 0 0)
(0 0 0)
(0 0 0)
(0 0 0)
(0 0 0)
(0 0 0)
(0 0 0)
(0 0 0)
(0 0 0)
(0 0 0)
(0 0 0)
(0 0 0)
(0 0 0)
(0 0 0)
(0 0 0)
(0 0 0)
(0 0 0)
(0 0 0)
(0 0 0)
(0 0 0)
(0 0 0)
(0 0 0)
(0 0 0)
(0 0 0)
(0 0 0)
(0 0 0)
(0 0 0)
(0 0 0)
(0 0 0)
(0 0 0)
(0 0 0)
(0 0 0)
(0 0 0)
(0 0 0)
(0 0 0)
(0 0 0)
(0 0 0)
(0 0 0)
(0 0 0)
(0 0 0)
(0 0 0)
(0 0 0)
(0 0 0)
(0 0 0)
(0 0 0)
(0 0 0)
(0 0 0)
(0 0 0)
(0 0 0)
(0 0 0)
(0 0 0)
(0 0 0)
(0 0 0)
(0 0 0)
(0 0 0)
(0 0 0)
(0 0 0)
(0 0 0)
(0 0 0)
(0 0 0)
(0 0 0)
(0 0 0)
(0 0 0)
(0 0 0)
(0 0 0)
(0 0 0)
(0 0 0)
(0 0 0)
(0 0 0)
(0 0 0)
(0 0 0)
(0 0 0)
(0 0 0)
(0 0 0)
(0 0 0)
(0 0 0)
(0 0 0)
(0 0 0)
(0 0 0)
(0 0 0)
(0 0 0)
(0 0 0)
(0 0 0)
(0 0 0)
(0 0 0)
(0 0 0)
(0 0 0)
(0 0 0)
(0 0 0)
(0 0 0)
(0 0 0)
(0 0 0)
(0 0 0)
(0 0 0)
(0 0 0)
(0 0 0)
(0 0 0)
(0 0 0)
(0 0 0)
(0 0 0)
(0 0 0)
(0 0 0)
(0 0 0)
(0 0 0)
(0 0 0)
(0 0 0)
(0 0 0)
(0 0 0)
(0 0 0)
(0 0 0)
(0 0 0)
(0 0 0)
(0 0 0)
(0 0 0)
(0 0 0)
(0 0 0)
(0 0 0)
(0 0 0)
(0 0 0)
(0 0 0)
(0 0 0)
(0 0 0)
(0 0 0)
(0 0 0)
(0 0 0)
(0 0 0)
(0 0 0)
(0 0 0)
(0 0 0)
(0 0 0)
(0 0 0)
(0 0 0)
(0 0 0)
(0 0 0)
(0 0 0)
(0 0 0)
(0 0 0)
(0 0 0)
(0 0 0)
(0 0 0)
(0 0 0)
(0 0 0)
(0 0 0)
(0 0 0)
(0 0 0)
(0 0 0)
(0 0 0)
(0 0 0)
(0 0 0)
(0 0 0)
(0 0 0)
(0 0 0)
(0 0 0)
(0 0 0)
(0 0 0)
(0 0 0)
(0 0 0)
(0 0 0)
(0 0 0)
(0 0 0)
(0 0 0)
(0 0 0)
(0 0 0)
(0 0 0)
(0 0 0)
(0 0 0)
(0 0 0)
(0 0 0)
(0 0 0)
(0 0 0)
(0 0 0)
(0 0 0)
(0 0 0)
(0 0 0)
(0 0 0)
(0 0 0)
(0 0 0)
(0 0 0)
(0 0 0)
(0 0 0)
(0 0 0)
(0 0 0)
(0 0 0)
(0 0 0)
(0 0 0)
(0 0 0)
(0 0 0)
(0 0 0)
(0 0 0)
(0 0 0)
(0 0 0)
(0 0 0)
(0 0 0)
(0 0 0)
(0 0 0)
(0 0 0)
(0 0 0)
(0 0 0)
(0 0 0)
(0 0 0)
(0 0 0)
(0 0 0)
(0 0 0)
(0 0 0)
(0 0 0)
(0 0 0)
(0 0 0)
(0 0 0)
(0 0 0)
(0 0 0)
(0 0 0)
(0 0 0)
(0 0 0)
(0 0 0)
(0 0 0)
(0 0 0)
(0 0 0)
(0 0 0)
(0 0 0)
(0 0 0)
(0 0 0)
(0 0 0)
(0 0 0)
(0 0 0)
(0 0 0)
(0 0 0)
(0 0 0)
(0 0 0)
(0 0 0)
(0 0 0)
(0 0 0)
(0 0 0)
(0 0 0)
(0 0 0)
(0 0 0)
(0 0 0)
(0 0 0)
(0 0 0)
(0 0 0)
(0 0 0)
(0 0 0)
(0 0 0)
(0 0 0)
(0 0 0)
(0 0 0)
(0 0 0)
(0 0 0)
(0 0 0)
(0 0 0)
(0 0 0)
(0 0 0)
(0 0 0)
(0 0 0)
(0 0 0)
(0 0 0)
(0 0 0)
(0 0 0)
(0 0 0)
(0 0 0)
(0 0 0)
(0 0 0)
(0 0 0)
(0 0 0)
(0 0 0)
(0 0 0)
(0 0 0)
(0 0 0)
(0 0 0)
(0 0 0)
(0 0 0)
(0 0 0)
(0 0 0)
(0 0 0)
(0 0 0)
(0 0 0)
(0 0 0)
(0 0 0)
(0 0 0)
(0 0 0)
(0 0 0)
(0 0 0)
(0 0 0)
(0 0 0)
(0 0 0)
(0 0 0)
(0 0 0)
(0 0 0)
(0 0 0)
(0 0 0)
(0 0 0)
(0 0 0)
(0 0 0)
(0 0 0)
(0 0 0)
(0 0 0)
(0 0 0)
(0 0 0)
(0 0 0)
(0 0 0)
(0 0 0)
(0 0 0)
(0 0 0)
(0 0 0)
(0 0 0)
(0 0 0)
(0 0 0)
(0 0 0)
(0 0 0)
(0 0 0)
(0 0 0)
(0 0 0)
(0 0 0)
(0 0 0)
(0 0 0)
(0 0 0)
(0 0 0)
(0 0 0)
(0 0 0)
(0 0 0)
(0 0 0)
(0 0 0)
(0 0 0)
(0 0 0)
(0 0 0)
(0 0 0)
(0 0 0)
(0 0 0)
(0 0 0)
(0 0 0)
(0 0 0)
(0 0 0)
(0 0 0)
(0 0 0)
(0 0 0)
(0 0 0)
(0 0 0)
(0 0 0)
(0 0 0)
(0 0 0)
(0 0 0)
(0 0 0)
(0 0 0)
(0 0 0)
(0 0 0)
(0 0 0)
(0 0 0)
(0 0 0)
(0 0 0)
(0 0 0)
(0 0 0)
(0 0 0)
(0 0 0)
(0 0 0)
(0 0 0)
(0 0 0)
(0 0 0)
(0 0 0)
(0 0 0)
(0 0 0)
(0 0 0)
(0 0 0)
(0 0 0)
(0 0 0)
(0 0 0)
(0 0 0)
(0 0 0)
(0 0 0)
(0 0 0)
(0 0 0)
(0 0 0)
(0 0 0)
(0 0 0)
(0 0 0)
(0 0 0)
(0 0 0)
(0 0 0)
(0 0 0)
(0 0 0)
(0 0 0)
(0 0 0)
(0 0 0)
(0 0 0)
(0 0 0)
(0 0 0)
(0 0 0)
(0 0 0)
(0 0 0)
(0 0 0)
(0 0 0)
(0 0 0)
(0 0 0)
(0 0 0)
(0 0 0)
(0 0 0)
(0 0 0)
(0 0 0)
(0 0 0)
(0 0 0)
(0 0 0)
(0 0 0)
(0 0 0)
(0 0 0)
(0 0 0)
(0 0 0)
(0 0 0)
(0 0 0)
(0 0 0)
(0 0 0)
(0 0 0)
(0 0 0)
(0 0 0)
(0 0 0)
(0 0 0)
(0 0 0)
(0 0 0)
(0 0 0)
(0 0 0)
(0 0 0)
(0 0 0)
(0 0 0)
(0 0 0)
(0 0 0)
(0 0 0)
(0 0 0)
(0 0 0)
(0 0 0)
(0 0 0)
(0 0 0)
(0 0 0)
(0 0 0)
(0 0 0)
(0 0 0)
(0 0 0)
(0 0 0)
(0 0 0)
(0 0 0)
(0 0 0)
(0 0 0)
(0 0 0)
(0 0 0)
(0 0 0)
(0 0 0)
(0 0 0)
(0 0 0)
(0 0 0)
(0 0 0)
(0 0 0)
(0 0 0)
(0 0 0)
(0 0 0)
(0 0 0)
(0 0 0)
(0 0 0)
(0 0 0)
(0 0 0)
(0 0 0)
(0 0 0)
(0 0 0)
(0 0 0)
(0 0 0)
(0 0 0)
(0 0 0)
(0 0 0)
(0 0 0)
(0 0 0)
(0 0 0)
(0 0 0)
(0 0 0)
(0 0 0)
(0 0 0)
(0 0 0)
(0 0 0)
(0 0 0)
(0 0 0)
(0 0 0)
(0 0 0)
(0 0 0)
(0 0 0)
(0 0 0)
(0 0 0)
(0 0 0)
(0 0 0)
(0 0 0)
(0 0 0)
(0 0 0)
(0 0 0)
(0 0 0)
(0 0 0)
(0 0 0)
(0 0 0)
(0 0 0)
(0 0 0)
(0 0 0)
(0 0 0)
(0 0 0)
(0 0 0)
(0 0 0)
(0 0 0)
(0 0 0)
(0 0 0)
(0 0 0)
(0 0 0)
(0 0 0)
(0 0 0)
(0 0 0)
(0 0 0)
(0 0 0)
(0 0 0)
(0 0 0)
(0 0 0)
(0 0 0)
(0 0 0)
(0 0 0)
(0 0 0)
(0 0 0)
(0 0 0)
(0 0 0)
(0 0 0)
(0 0 0)
(0 0 0)
(0 0 0)
(0 0 0)
(0 0 0)
(0 0 0)
(0 0 0)
(0 0 0)
(0 0 0)
(0 0 0)
(0 0 0)
(0 0 0)
(0 0 0)
(0 0 0)
(0 0 0)
(0 0 0)
(0 0 0)
(0 0 0)
(0 0 0)
(0 0 0)
(0 0 0)
(0 0 0)
(0 0 0)
(0 0 0)
(0 0 0)
(0 0 0)
(0 0 0)
(0 0 0)
(0 0 0)
(0 0 0)
(0 0 0)
(0 0 0)
(0 0 0)
(0 0 0)
(0 0 0)
(0 0 0)
(0 0 0)
(0 0 0)
(0 0 0)
(0 0 0)
(0 0 0)
(0 0 0)
(0 0 0)
(0 0 0)
(0 0 0)
(0 0 0)
(0 0 0)
(0 0 0)
(0 0 0)
(0 0 0)
(0 0 0)
(0 0 0)
(0 0 0)
(0 0 0)
(0 0 0)
(0 0 0)
(0 0 0)
(0 0 0)
(0 0 0)
(0 0 0)
(0 0 0)
(0 0 0)
(0 0 0)
(0 0 0)
(0 0 0)
(0 0 0)
(0 0 0)
(0 0 0)
(0 0 0)
(0 0 0)
(0 0 0)
(0 0 0)
(0 0 0)
(0 0 0)
(0 0 0)
(0 0 0)
(0 0 0)
(0 0 0)
(0 0 0)
(0 0 0)
(0 0 0)
(0 0 0)
(0 0 0)
(0 0 0)
(0 0 0)
(0 0 0)
(0 0 0)
(0 0 0)
(0 0 0)
(0 0 0)
(0 0 0)
(0 0 0)
(0 0 0)
(0 0 0)
(0 0 0)
(0 0 0)
(0 0 0)
(0 0 0)
(0 0 0)
(0 0 0)
(0 0 0)
(0 0 0)
(0 0 0)
(0 0 0)
(0 0 0)
(0 0 0)
(0 0 0)
(0 0 0)
(0 0 0)
(0 0 0)
(0 0 0)
(0 0 0)
(0 0 0)
(0 0 0)
(0 0 0)
(0 0 0)
(0 0 0)
(0 0 0)
(0 0 0)
(0 0 0)
(0 0 0)
(0 0 0)
(0 0 0)
(0 0 0)
(0 0 0)
(0 0 0)
(0 0 0)
(0 0 0)
(0 0 0)
(0 0 0)
(0 0 0)
(0 0 0)
(0 0 0)
(0 0 0)
(0 0 0)
(0 0 0)
(2.88904e-06 2.85043e-07 -3.23143e-05)
(4.54567e-06 -2.08104e-06 -2.96861e-05)
(4.74468e-06 -9.89547e-07 -2.46327e-05)
(2.25186e-06 -3.88893e-07 -3.24482e-05)
(9.36328e-06 -1.25036e-06 -2.67231e-05)
(1.80383e-06 -3.03762e-06 -3.3283e-05)
(1.25292e-06 -2.77632e-06 -2.73929e-05)
(4.42369e-07 -2.00661e-06 -2.44968e-05)
(-7.83559e-07 3.69757e-06 -2.42649e-05)
(1.35992e-06 7.51261e-06 -2.47223e-05)
(1.07104e-07 -4.33649e-06 -3.24475e-05)
(-1.19225e-06 -3.08975e-06 -2.40667e-05)
(-4.94278e-07 2.13157e-06 -2.28593e-05)
(-3.41705e-06 5.88929e-06 -2.97642e-05)
(-8.19632e-07 7.09377e-06 -2.6567e-05)
(-2.27512e-06 -2.0885e-06 -2.60641e-05)
(2.19426e-06 5.74817e-06 -1.74866e-05)
(6.86675e-06 6.4304e-06 -2.51445e-05)
(1.55772e-06 -1.27289e-06 -2.84421e-05)
(1.55357e-07 -3.16459e-06 -2.56286e-05)
(2.21781e-06 6.77632e-07 -3.71209e-05)
(4.52256e-06 3.50603e-06 -3.34793e-05)
(8.5606e-06 8.42368e-06 -2.93989e-05)
(1.03829e-05 -2.32553e-06 -2.4925e-05)
(3.52494e-06 4.43794e-06 -4.45472e-05)
(6.82418e-06 -3.87366e-07 -5.56126e-05)
(2.45e-06 5.13209e-06 -5.14698e-05)
(6.112e-07 1.09777e-05 -5.96572e-05)
(5.54569e-06 8.13742e-06 -6.40106e-05)
(4.74332e-06 9.80376e-06 -7.44646e-05)
(2.10123e-06 -1.63554e-06 -5.32914e-05)
(5.49988e-07 1.71209e-06 -5.42858e-05)
(-2.05781e-07 7.91139e-06 -6.25357e-05)
(1.43758e-06 1.17187e-05 -6.60873e-05)
(1.8577e-06 1.83472e-05 -6.66018e-05)
(1.78791e-06 -2.94648e-06 -5.27388e-05)
(-2.62364e-06 -1.50282e-06 -4.94887e-05)
(-2.85584e-06 5.7086e-06 -5.86442e-05)
(-5.54015e-06 8.67806e-06 -6.50906e-05)
(1.51384e-06 1.63134e-05 -6.35007e-05)
(-3.13513e-07 -1.68789e-06 -6.80029e-05)
(-2.71035e-07 8.68891e-07 -7.43488e-05)
(2.57682e-06 4.87637e-06 -6.27666e-05)
(-4.39496e-06 6.62348e-06 -6.39744e-05)
(3.2852e-06 8.19404e-07 -6.78872e-05)
(9.69791e-07 4.28139e-07 -6.61525e-05)
(2.76177e-06 1.83661e-06 -6.10032e-05)
(-3.82463e-06 1.42311e-05 -6.55537e-05)
(2.56883e-06 9.80547e-06 -6.07972e-05)
(1.82425e-06 5.23232e-06 -6.5978e-05)
(1.06747e-05 -1.08546e-05 -0.000100486)
(8.26097e-06 1.91818e-06 -9.57606e-05)
(9.11119e-06 1.04178e-05 -0.000106691)
(5.70603e-06 9.09461e-06 -0.000109785)
(3.97977e-06 7.5359e-06 -9.84628e-05)
(6.10655e-06 -1.95937e-07 -8.5085e-05)
(5.06136e-06 6.79699e-06 -8.67269e-05)
(1.7767e-06 8.8502e-06 -9.92623e-05)
(3.61674e-06 1.01315e-05 -0.000105488)
(2.05675e-06 1.52912e-05 -0.000108812)
(1.83606e-07 4.75877e-07 -8.47461e-05)
(2.12532e-07 4.34195e-06 -9.69125e-05)
(1.44048e-06 6.89527e-06 -9.96779e-05)
(-1.19049e-07 7.43258e-06 -0.000104892)
(8.50247e-06 1.1666e-05 -0.000103338)
(-3.92055e-07 6.21305e-07 -9.53073e-05)
(-1.86463e-06 1.1108e-06 -0.000104915)
(-5.54504e-06 7.08056e-06 -0.000107722)
(-6.52918e-06 1.42939e-05 -0.000108199)
(9.87024e-07 4.08641e-06 -9.99112e-05)
(-5.86175e-06 5.00983e-06 -0.000112713)
(-2.12472e-06 2.98993e-06 -0.000107865)
(-1.08888e-05 1.03473e-05 -0.000105545)
(-7.90946e-06 9.41983e-06 -0.000113863)
(4.80735e-07 6.71873e-07 -0.000103421)
(1.54458e-05 -8.65707e-06 -0.000133723)
(1.55548e-05 -3.55691e-06 -0.000131396)
(1.5877e-05 1.35282e-06 -0.000135382)
(1.37293e-05 2.8788e-06 -0.000137735)
(1.06793e-05 1.31017e-05 -0.000138198)
(9.94093e-06 6.89466e-06 -0.000121803)
(1.37636e-05 -1.30907e-07 -0.000130239)
(1.03848e-05 7.27569e-06 -0.000125623)
(1.35341e-05 8.64211e-06 -0.00014247)
(4.47801e-06 8.81981e-06 -0.000148113)
(-6.95996e-06 1.95405e-05 -0.00012279)
(-5.01024e-06 1.45513e-05 -0.000134483)
(4.28517e-06 9.74169e-06 -0.000137608)
(8.15008e-06 8.90893e-06 -0.000140434)
(5.47494e-06 8.55337e-06 -0.000141647)
(-9.57372e-06 1.09864e-05 -0.00013876)
(-4.61799e-06 9.85152e-06 -0.000136365)
(-2.00564e-06 6.49094e-06 -0.000146283)
(-2.93675e-06 8.30581e-06 -0.000138795)
(-1.33008e-06 1.05751e-05 -0.000147183)
(-8.54331e-06 9.77407e-06 -0.000144137)
(-9.09827e-07 8.16668e-06 -0.000136823)
(-3.47166e-06 5.77603e-06 -0.000136236)
(-4.1101e-06 4.67552e-06 -0.000141391)
(-3.72018e-07 2.19771e-06 -0.000135829)
(1.10692e-05 -6.3607e-06 -0.000174516)
(1.90751e-05 -1.26418e-05 -0.000173987)
(1.46045e-05 -8.06851e-06 -0.000167296)
(1.01106e-05 -2.64632e-06 -0.000169476)
(-7.03836e-07 2.9721e-06 -0.000169252)
(-1.14788e-05 2.10744e-05 -0.00016623)
(1.22218e-05 -7.77722e-06 -0.000175596)
(1.84624e-05 -4.90921e-06 -0.000166389)
(1.41174e-06 -8.81407e-07 -0.000176693)
(-2.76681e-06 1.80495e-06 -0.000177538)
(-8.76561e-06 2.59255e-05 -0.000164971)
(-7.24461e-06 -6.56241e-07 -0.00017187)
(-1.66926e-06 -4.41246e-06 -0.000183928)
(-2.12134e-06 -3.50026e-06 -0.000174462)
(5.0604e-06 1.20468e-06 -0.000174785)
(-3.93138e-06 1.69612e-05 -0.000170816)
(-4.1609e-06 7.16683e-06 -0.000171154)
(2.53952e-08 5.69561e-06 -0.000173011)
(-2.85118e-06 -2.0837e-06 -0.000170721)
(5.82981e-06 -4.16331e-06 -0.000188941)
(-5.99134e-06 1.0988e-05 -0.00017359)
(-6.68208e-06 6.61092e-06 -0.000164832)
(2.05699e-06 1.08751e-07 -0.000163699)
(5.07576e-07 -1.85518e-06 -0.000170186)
(-2.96881e-06 4.18901e-06 -0.000165975)
(4.45265e-06 -4.77869e-06 -0.000195545)
(8.01384e-06 -1.08689e-05 -0.000195307)
(7.21132e-06 -1.15439e-05 -0.000193402)
(4.08226e-06 -1.1329e-05 -0.000188255)
(-1.91639e-06 -7.22569e-06 -0.00019469)
(4.12692e-06 -2.84035e-06 -0.000207199)
(7.49198e-06 -1.15762e-05 -0.000205751)
(3.19591e-07 -8.26997e-06 -0.000202128)
(-2.94236e-06 -5.02155e-06 -0.000193511)
(-3.06452e-06 -1.75563e-06 -0.00019112)
(7.29209e-07 -4.58518e-06 -0.00020198)
(-5.02198e-07 -8.60546e-06 -0.00021045)
(1.73287e-07 -7.42692e-06 -0.000207003)
(-2.62457e-06 -5.78598e-06 -0.000201445)
(-1.90922e-06 -1.05199e-06 -0.00020205)
(-8.76859e-06 4.03349e-07 -0.000212191)
(-5.23894e-06 -2.17771e-06 -0.000205564)
(-4.47231e-06 -5.3858e-06 -0.000204503)
(-4.89224e-06 -8.25164e-06 -0.000195672)
(2.94453e-08 -4.7866e-06 -0.000205316)
(-1.39027e-05 7.19696e-06 -0.000200047)
(-8.28653e-06 4.62718e-06 -0.00019534)
(-7.09987e-06 -1.86306e-06 -0.000205155)
(7.7241e-07 -1.02196e-05 -0.000187422)
(-1.21591e-06 -9.63242e-06 -0.000192167)
(6.79773e-06 -5.2729e-06 -0.000209353)
(3.32519e-06 -1.42319e-05 -0.000211293)
(4.4965e-06 -1.35998e-05 -0.000205326)
(2.87124e-06 -1.51238e-05 -0.000203566)
(-1.79062e-06 -9.00045e-06 -0.000203043)
(1.25927e-06 -5.98048e-07 -0.00021755)
(-2.32177e-06 -8.19612e-06 -0.00021699)
(-1.00243e-06 -1.15592e-05 -0.000215417)
(-2.97453e-06 -1.20446e-05 -0.000210993)
(-4.7692e-06 -7.44996e-06 -0.000208918)
(-4.59072e-06 -1.34651e-05 -0.000218659)
(-1.71294e-05 -9.31311e-06 -0.000231215)
(-6.3425e-06 -1.31421e-05 -0.00022159)
(-3.83956e-06 -1.04008e-05 -0.000213933)
(-6.19794e-07 -7.13538e-06 -0.000214113)
(-1.33061e-05 -9.13241e-06 -0.000230813)
(-1.19311e-05 -4.33738e-06 -0.000230636)
(-1.17262e-05 -7.2912e-06 -0.000226593)
(-8.87173e-06 -1.18854e-05 -0.000215502)
(-5.80945e-06 -1.08634e-05 -0.000220257)
(-1.84379e-05 -1.8822e-06 -0.000220842)
(-1.45335e-05 -4.52035e-06 -0.000228551)
(-9.15909e-06 -4.56082e-06 -0.000226109)
(-1.09186e-05 -1.24766e-05 -0.000218556)
(-6.1107e-06 -1.18244e-05 -0.0002146)
(1.7731e-06 -4.30759e-06 -0.000219579)
(-3.65044e-06 -1.12405e-05 -0.000220243)
(-8.54146e-07 -1.31763e-05 -0.00021153)
(-5.51894e-07 -1.42004e-05 -0.000206701)
(-1.49488e-06 -6.45049e-06 -0.000204669)
(-9.54065e-06 -1.24595e-06 -0.000218722)
(-5.7371e-06 -1.70386e-05 -0.000219243)
(-3.29153e-06 -1.88797e-05 -0.000223493)
(-7.12072e-06 -1.11084e-05 -0.000219708)
(-7.73323e-06 -7.89132e-06 -0.000219248)
(-1.66702e-05 -3.72897e-06 -0.000226522)
(-2.45671e-05 -1.37052e-05 -0.000235097)
(-1.51209e-05 -2.11168e-05 -0.000232385)
(-1.34315e-05 -8.41841e-06 -0.000222883)
(-6.87106e-06 -7.14197e-06 -0.000228173)
(-1.83935e-05 -5.8841e-06 -0.00023805)
(-2.49763e-05 -1.67711e-07 -0.000251168)
(-2.58082e-05 -8.0237e-06 -0.000241818)
(-1.60087e-05 -1.05159e-05 -0.000228828)
(-8.86193e-06 -1.17593e-05 -0.000228958)
(-2.30218e-05 2.32717e-07 -0.000240951)
(-2.35908e-05 5.31828e-06 -0.000237045)
(-2.02608e-05 -1.03565e-05 -0.000242733)
(-1.81534e-05 -1.55475e-05 -0.000233122)
(-7.70675e-06 -1.72206e-05 -0.000231842)
(-1.52384e-05 -8.76276e-07 -0.00021944)
(-1.7998e-05 -1.16154e-05 -0.000224754)
(-1.71832e-05 -7.94941e-06 -0.000206829)
(-1.54148e-05 -2.24035e-05 -0.000217516)
(2.14027e-06 -8.44483e-06 -0.000197664)
(-1.52797e-05 -1.96961e-06 -0.00021478)
(-1.79451e-05 -1.76563e-05 -0.000225046)
(-1.39818e-05 -1.29652e-05 -0.000230827)
(-1.42408e-05 -1.33194e-05 -0.000230987)
(-1.03373e-05 -1.76845e-06 -0.000225108)
(-1.46833e-05 -1.78813e-06 -0.000225486)
(-2.70166e-05 -1.53999e-05 -0.000236158)
(-2.50023e-05 -1.31068e-05 -0.000240625)
(-2.23906e-05 -1.045e-05 -0.000223319)
(-1.01276e-05 -6.74305e-06 -0.000231443)
(-2.87553e-05 -1.29979e-06 -0.000239209)
(-4.04281e-05 -6.5862e-06 -0.000249434)
(-4.26067e-05 -1.10698e-05 -0.000250836)
(-2.75001e-05 -2.90495e-06 -0.000237546)
(-1.54066e-05 -1.27897e-05 -0.000238695)
(-3.46174e-05 2.07519e-06 -0.000249618)
(-4.25748e-05 -3.21597e-06 -0.000258065)
(-3.62925e-05 -1.48963e-05 -0.000255089)
(-2.76574e-05 -1.80604e-05 -0.000248277)
(-1.52368e-05 -1.88918e-05 -0.000243525)
(4.63355e-06 5.27097e-06 -0.000210284)
(-2.51833e-05 -9.42544e-06 -0.00022313)
(9.1096e-06 -1.50604e-05 -0.000199221)
(-2.30399e-06 -1.79452e-05 -0.000218753)
(3.44487e-05 -1.18747e-06 -0.000188127)
(4.53082e-06 1.16682e-05 -0.000200119)
(-1.80315e-05 -1.14348e-05 -0.000218782)
(-2.16953e-05 -1.11139e-05 -0.000235727)
(-3.17124e-05 -3.53186e-05 -0.000253006)
(-2.08936e-05 1.6714e-06 -0.000222021)
(-1.03598e-05 -6.26589e-06 -0.000215633)
(-2.52706e-05 -8.90491e-06 -0.000228973)
(-4.34554e-05 -1.13464e-05 -0.000252859)
(-1.84077e-05 -3.45165e-05 -0.000249017)
(-1.95644e-06 7.85272e-06 -0.00023367)
(-2.28355e-05 -3.14055e-06 -0.000236558)
(-3.7496e-05 -1.53242e-05 -0.000247165)
(-4.79913e-05 -1.61233e-05 -0.000266106)
(-1.05067e-05 -2.14283e-05 -0.000244168)
(-1.20114e-05 -6.52108e-06 -0.00024119)
(-4.52114e-05 6.23254e-07 -0.000243566)
(-4.10522e-05 -3.7168e-06 -0.000256879)
(-4.86187e-05 -2.43674e-05 -0.000261477)
(-3.45689e-05 -3.68247e-05 -0.000256606)
(-1.03448e-05 -3.27368e-05 -0.000244709)
(5.24811e-06 -6.06171e-06 -0.000201907)
(-2.89546e-05 1.6081e-05 -0.000227368)
(-1.40104e-05 1.06639e-05 -0.000197531)
(3.64086e-05 -6.78933e-06 -0.000189109)
(4.33195e-05 2.90706e-06 -0.000184699)
(-5.36957e-05 -2.86346e-05 -0.000205802)
(-3.31917e-05 8.99544e-06 -0.000215348)
(-7.27817e-06 -2.18564e-06 -0.00021874)
(-1.89642e-05 1.22829e-05 -0.000236906)
(1.79009e-05 1.06373e-05 -0.000206104)
(1.4258e-05 3.1914e-05 -0.000224368)
(8.12618e-06 2.54016e-05 -0.000225086)
(-1.21435e-05 -2.8647e-05 -0.000247191)
(-1.35281e-06 -8.33511e-06 -0.000268288)
(6.88748e-06 1.67059e-05 -0.000234174)
(-6.73386e-07 1.17575e-05 -0.000246365)
(-1.70595e-05 -6.15824e-06 -0.000248054)
(-1.60749e-05 -4.31172e-05 -0.00025132)
(-1.76517e-05 -2.85796e-05 -0.000234735)
(-5.6136e-05 -1.64065e-05 -0.000244519)
(-5.24354e-06 -3.26782e-06 -0.000272619)
(-2.47852e-05 -6.88197e-06 -0.00026017)
(-4.28933e-05 -1.03917e-05 -0.000271951)
(-4.39846e-05 -2.7206e-05 -0.000257042)
(-3.14095e-05 -3.04357e-05 -0.000247804)
(-2.1623e-05 -2.94672e-05 -0.0002019)
(-4.59358e-05 5.59e-06 -0.000213455)
(1.29472e-05 3.70332e-06 -0.000189341)
(4.05912e-05 -4.88012e-06 -0.000185418)
(3.9454e-05 2.07638e-06 -0.000185332)
(-2.89901e-05 -5.7599e-06 -0.000220505)
(-1.69398e-05 -7.26424e-06 -0.000214533)
(3.29918e-05 2.67092e-06 -0.000215818)
(7.48196e-05 1.21896e-05 -0.000237875)
(7.35653e-06 6.22401e-06 -0.000225014)
(2.89689e-05 0.000111662 -0.00024456)
(3.41926e-05 4.80047e-05 -0.000211971)
(1.63571e-05 -3.75933e-06 -0.000252439)
(1.14759e-05 -2.25142e-05 -0.000268664)
(-2.89839e-05 1.71115e-06 -0.000240438)
(7.8885e-05 -2.25386e-05 -0.000223594)
(-1.22881e-05 -2.73301e-06 -0.000247011)
(-4.52382e-05 -4.49338e-06 -0.000284556)
(-1.9818e-05 -5.38774e-06 -0.000221323)
(-0.000106007 -2.5023e-05 -0.000233638)
(2.76954e-06 -5.0353e-06 -0.000268677)
(-2.28889e-05 -6.5926e-06 -0.000255442)
(-9.67899e-05 4.7451e-05 -0.000275032)
(-9.52379e-05 3.036e-05 -0.00025127)
(-8.74263e-05 -2.72847e-05 -0.000236714)
(0 0 0)
(0 0 0)
(0 0 0)
(0 0 0)
(0 0 0)
(0 0 0)
(0 0 0)
(0.000253405 3.69013e-05 -0.000249902)
(0.000253405 3.69013e-05 -0.000249902)
(0 0 0)
(0 0 0)
(0 0 0)
(0.00017053 2.49962e-05 -0.000251999)
(6.33213e-05 -4.52579e-05 -0.000252651)
(-3.17204e-05 -8.63374e-05 -0.000254026)
(0 0 0)
(0 0 0)
(0 0 0)
(0 0 0)
(0 0 0)
(1.22183e-05 -1.74563e-05 -0.000280678)
(-2.64561e-05 -1.66786e-05 -0.000260501)
(-0.000125843 7.69666e-05 -0.000273762)
(-0.000158972 0.000108182 -0.000278182)
(0 0 0)
(0 0 0)
(0 0 0)
(0 0 0)
(0 0 0)
(0 0 0)
(0 0 0)
(0 0 0)
(0 0 0)
(0 0 0)
(0 0 0)
(0 0 0)
(0 0 0)
(0 0 0)
(0 0 0)
(0 0 0)
(0 0 0)
(0 0 0)
(0 0 0)
(0 0 0)
(0 0 0)
(0 0 0)
(0 0 0)
(0 0 0)
(0 0 0)
(0 0 0)
(0 0 0)
(0 0 0)
(0 0 0)
(0 0 0)
(0 0 0)
(0 0 0)
(0 0 0)
(0 0 0)
(0 0 0)
(0 0 0)
(0 0 0)
(0 0 0)
(0 0 0)
(0 0 0)
(0 0 0)
(0 0 0)
(0 0 0)
(0 0 0)
(0 0 0)
(0 0 0)
(0 0 0)
(0 0 0)
(0 0 0)
(0 0 0)
(0 0 0)
(0 0 0)
(0 0 0)
(0 0 0)
(0 0 0)
(0 0 0)
(0 0 0)
(0 0 0)
(0 0 0)
(0 0 0)
(0 0 0)
(0 0 0)
(0 0 0)
(0 0 0)
(0 0 0)
(0 0 0)
(0 0 0)
(0 0 0)
(0 0 0)
(0 0 0)
(0 0 0)
(0 0 0)
(0 0 0)
(0 0 0)
(0 0 0)
(0 0 0)
(0 0 0)
(0 0 0)
(0 0 0)
(0 0 0)
(0 0 0)
(0 0 0)
(0 0 0)
(0 0 0)
(0 0 0)
(0 0 0)
(0 0 0)
(0 0 0)
(0 0 0)
(0 0 0)
(0 0 0)
(0 0 0)
(0 0 0)
(0 0 0)
(0 0 0)
(0 0 0)
(0 0 0)
(0 0 0)
(0 0 0)
(0 0 0)
(0 0 0)
(0 0 0)
(0 0 0)
(0 0 0)
(0 0 0)
(0 0 0)
(0 0 0)
(0 0 0)
(0 0 0)
(0 0 0)
(0 0 0)
(0 0 0)
(0 0 0)
(0 0 0)
(0 0 0)
(0 0 0)
(0 0 0)
(0 0 0)
(0 0 0)
(0 0 0)
(0 0 0)
(0 0 0)
(0 0 0)
(0 0 0)
(0 0 0)
(0 0 0)
(0 0 0)
(0 0 0)
(0 0 0)
(0 0 0)
(0 0 0)
(0 0 0)
(0 0 0)
(0 0 0)
(0 0 0)
(0 0 0)
(0 0 0)
(0 0 0)
(0 0 0)
(0 0 0)
(0 0 0)
(0 0 0)
(0 0 0)
(0 0 0)
(0 0 0)
(0 0 0)
(0 0 0)
(0 0 0)
(0 0 0)
(0 0 0)
(0 0 0)
(0 0 0)
(0 0 0)
(0 0 0)
(0 0 0)
(0 0 0)
(0 0 0)
(0 0 0)
(0 0 0)
(0 0 0)
(0 0 0)
(0 0 0)
(0 0 0)
(0 0 0)
(0 0 0)
(0 0 0)
(0 0 0)
(0 0 0)
(0 0 0)
(0 0 0)
(0 0 0)
(0 0 0)
(0 0 0)
(0 0 0)
(0 0 0)
(0 0 0)
(0 0 0)
(0 0 0)
(0 0 0)
(0 0 0)
(0 0 0)
(0 0 0)
(0 0 0)
(0 0 0)
(0 0 0)
(0 0 0)
(0 0 0)
(0 0 0)
(0 0 0)
(0 0 0)
(0 0 0)
(0 0 0)
(0 0 0)
(0 0 0)
(0 0 0)
(0 0 0)
(0 0 0)
(0 0 0)
(0 0 0)
(0 0 0)
(0 0 0)
(0 0 0)
(0 0 0)
(0 0 0)
(0 0 0)
(0 0 0)
(0 0 0)
(0 0 0)
(0 0 0)
(0 0 0)
(0 0 0)
(0 0 0)
(0 0 0)
(0 0 0)
(0 0 0)
(0 0 0)
(0 0 0)
(0 0 0)
(0 0 0)
(0 0 0)
(0 0 0)
(0 0 0)
(0 0 0)
(0 0 0)
(0 0 0)
(0 0 0)
(0 0 0)
(0 0 0)
(0 0 0)
(0 0 0)
(0 0 0)
(0 0 0)
(0 0 0)
(0 0 0)
(0 0 0)
(0 0 0)
(0 0 0)
(0 0 0)
(0 0 0)
(0 0 0)
(0 0 0)
(0 0 0)
(0 0 0)
(0 0 0)
(0 0 0)
(0 0 0)
(0 0 0)
(0 0 0)
(0 0 0)
(0 0 0)
(0 0 0)
(0 0 0)
(0 0 0)
(0 0 0)
(0 0 0)
(0 0 0)
(0 0 0)
(0 0 0)
(0 0 0)
(0 0 0)
(0 0 0)
(0 0 0)
(0 0 0)
(0 0 0)
(0 0 0)
(0 0 0)
(0 0 0)
(0 0 0)
(0 0 0)
(0 0 0)
(0 0 0)
(0 0 0)
(0 0 0)
(0 0 0)
(0 0 0)
(0 0 0)
(0 0 0)
(0 0 0)
(0 0 0)
(0 0 0)
(0 0 0)
(0 0 0)
(0 0 0)
(0 0 0)
(0 0 0)
(0 0 0)
(0 0 0)
(0 0 0)
(0 0 0)
(0 0 0)
(0 0 0)
(0 0 0)
(0 0 0)
(0 0 0)
(0 0 0)
(0 0 0)
(0 0 0)
(0 0 0)
(0 0 0)
(0 0 0)
(0 0 0)
(0 0 0)
(0 0 0)
(0 0 0)
(0 0 0)
(0 0 0)
(0 0 0)
(0 0 0)
(0 0 0)
(0 0 0)
(0 0 0)
(0 0 0)
(0 0 0)
(0 0 0)
(0 0 0)
(0 0 0)
(0 0 0)
(0 0 0)
(0 0 0)
(0 0 0)
(0 0 0)
(0 0 0)
(0 0 0)
(0 0 0)
(0 0 0)
(0 0 0)
(0 0 0)
(0 0 0)
(0 0 0)
(0 0 0)
(0 0 0)
(0 0 0)
(0 0 0)
(0 0 0)
(0 0 0)
(0 0 0)
(0 0 0)
(0 0 0)
(0 0 0)
(0 0 0)
(0 0 0)
(0 0 0)
(0 0 0)
(0 0 0)
(0 0 0)
(0 0 0)
(0 0 0)
(0 0 0)
(0 0 0)
(0 0 0)
(0 0 0)
(0 0 0)
(0 0 0)
(0 0 0)
(0 0 0)
(0 0 0)
(0 0 0)
(0 0 0)
(0 0 0)
(0 0 0)
(0 0 0)
(0 0 0)
(0 0 0)
(0 0 0)
(0 0 0)
(0 0 0)
(0 0 0)
(0 0 0)
(0 0 0)
(0 0 0)
(0 0 0)
(0 0 0)
(0 0 0)
(0 0 0)
(0 0 0)
(0 0 0)
(0 0 0)
(0 0 0)
(0 0 0)
(0 0 0)
(0 0 0)
(0 0 0)
(0 0 0)
(0 0 0)
(0 0 0)
(0 0 0)
(0 0 0)
(0 0 0)
(0 0 0)
(0 0 0)
(0 0 0)
(0 0 0)
(0 0 0)
(0 0 0)
(0 0 0)
(0 0 0)
(0 0 0)
(0 0 0)
(0 0 0)
(0 0 0)
(0 0 0)
(0 0 0)
(0 0 0)
(0 0 0)
(0 0 0)
(0 0 0)
(0 0 0)
(0 0 0)
(0 0 0)
(0 0 0)
(0 0 0)
(0 0 0)
(0 0 0)
(0 0 0)
(0 0 0)
(0 0 0)
(0 0 0)
(0 0 0)
(0 0 0)
(0 0 0)
(0 0 0)
(0 0 0)
(0 0 0)
(0 0 0)
(0 0 0)
(0 0 0)
(0 0 0)
(0 0 0)
(0 0 0)
(0 0 0)
(0 0 0)
(0 0 0)
(0 0 0)
(0 0 0)
(0 0 0)
(0 0 0)
(0 0 0)
(0 0 0)
(0 0 0)
(0 0 0)
(0 0 0)
(0 0 0)
(0 0 0)
(0 0 0)
(0 0 0)
(0 0 0)
(0 0 0)
(0 0 0)
(0 0 0)
(0 0 0)
(0 0 0)
(0 0 0)
(0 0 0)
(0 0 0)
(0 0 0)
(0 0 0)
(0 0 0)
(0 0 0)
(0 0 0)
(0 0 0)
(0 0 0)
(0 0 0)
(0 0 0)
(0 0 0)
(0 0 0)
(0 0 0)
(0 0 0)
(0 0 0)
(0 0 0)
(0 0 0)
(0 0 0)
(0 0 0)
(0 0 0)
(0 0 0)
(0 0 0)
(0 0 0)
(0 0 0)
(0 0 0)
(0 0 0)
(0 0 0)
(0 0 0)
(0 0 0)
(0 0 0)
(0 0 0)
(0 0 0)
(0 0 0)
(0 0 0)
(0 0 0)
(0 0 0)
(0 0 0)
(0 0 0)
(0 0 0)
(0 0 0)
(0 0 0)
(0 0 0)
(0 0 0)
(0 0 0)
(0 0 0)
(0 0 0)
(0 0 0)
(0 0 0)
(0 0 0)
(0 0 0)
(0 0 0)
(0 0 0)
(0 0 0)
(0 0 0)
(0 0 0)
(0 0 0)
(0 0 0)
(0 0 0)
(0 0 0)
(0 0 0)
(0 0 0)
(0 0 0)
(0 0 0)
(0 0 0)
(0 0 0)
(0 0 0)
(0 0 0)
(0 0 0)
(0 0 0)
(0 0 0)
(0 0 0)
(0 0 0)
(0 0 0)
(0 0 0)
(0 0 0)
(0 0 0)
(0 0 0)
(0 0 0)
(0 0 0)
(0 0 0)
(0 0 0)
(0 0 0)
(0 0 0)
(0 0 0)
(0 0 0)
(0 0 0)
(0 0 0)
(0 0 0)
(0 0 0)
(0 0 0)
(0 0 0)
(0 0 0)
(0 0 0)
(0 0 0)
(0 0 0)
(0 0 0)
(0 0 0)
(0 0 0)
(0 0 0)
(0 0 0)
(0 0 0)
(0 0 0)
(0 0 0)
(0 0 0)
(0 0 0)
(0 0 0)
(0 0 0)
(0 0 0)
(0 0 0)
(0 0 0)
(0 0 0)
(0 0 0)
(0 0 0)
(0 0 0)
(0 0 0)
(0 0 0)
(0 0 0)
(0 0 0)
(0 0 0)
(0 0 0)
(0 0 0)
(0 0 0)
(0 0 0)
(0 0 0)
(0 0 0)
(0 0 0)
(0 0 0)
(0 0 0)
(0 0 0)
(0 0 0)
(0 0 0)
(0 0 0)
(0 0 0)
(0 0 0)
(0 0 0)
(0 0 0)
(0 0 0)
(0 0 0)
(0 0 0)
(0 0 0)
(0 0 0)
(0 0 0)
(0 0 0)
(0 0 0)
(0 0 0)
(0 0 0)
(0 0 0)
(0 0 0)
(0 0 0)
(0 0 0)
(0 0 0)
(0 0 0)
(0 0 0)
(0 0 0)
(0 0 0)
(0 0 0)
(0 0 0)
(0 0 0)
(0 0 0)
(0 0 0)
(0 0 0)
(0 0 0)
(0 0 0)
(0 0 0)
(0 0 0)
(0 0 0)
(0 0 0)
(0 0 0)
(0 0 0)
(0 0 0)
(0 0 0)
(0 0 0)
(0 0 0)
(0 0 0)
(0 0 0)
(0 0 0)
(0 0 0)
(0 0 0)
(0 0 0)
(0 0 0)
(0 0 0)
(0 0 0)
(0 0 0)
(0 0 0)
(0 0 0)
(0 0 0)
(0 0 0)
(0 0 0)
(0 0 0)
(0 0 0)
(0 0 0)
(0 0 0)
(0 0 0)
(0 0 0)
(0 0 0)
(0 0 0)
(0 0 0)
(0 0 0)
(0 0 0)
(0 0 0)
(0 0 0)
(0 0 0)
(0 0 0)
(0 0 0)
(0 0 0)
(0 0 0)
(0 0 0)
(0 0 0)
(0 0 0)
(0 0 0)
(0 0 0)
(0 0 0)
(0 0 0)
(0 0 0)
(0 0 0)
(0 0 0)
(0 0 0)
(0 0 0)
(0 0 0)
(0 0 0)
(0 0 0)
(0 0 0)
(0 0 0)
(0 0 0)
(0 0 0)
(0 0 0)
(0 0 0)
(0 0 0)
(0 0 0)
(0 0 0)
(0 0 0)
(0 0 0)
(0 0 0)
(0 0 0)
(0 0 0)
(0 0 0)
(0 0 0)
(0 0 0)
(0 0 0)
(0 0 0)
(0 0 0)
(0 0 0)
(0 0 0)
(0 0 0)
(0 0 0)
(0 0 0)
(0 0 0)
(0 0 0)
(0 0 0)
(0 0 0)
(0 0 0)
(0 0 0)
(0 0 0)
(0 0 0)
(0 0 0)
(0 0 0)
(0 0 0)
(0 0 0)
(0 0 0)
(0 0 0)
(0 0 0)
(0 0 0)
(0 0 0)
(0 0 0)
(0 0 0)
(0 0 0)
(0 0 0)
(0 0 0)
(0 0 0)
(0 0 0)
(0 0 0)
(0 0 0)
(0 0 0)
(0 0 0)
(0 0 0)
(0 0 0)
(0 0 0)
(0 0 0)
(0 0 0)
(0 0 0)
(0 0 0)
(0 0 0)
(0 0 0)
(0 0 0)
(0 0 0)
(0 0 0)
(0 0 0)
(0 0 0)
(0 0 0)
(0 0 0)
(0 0 0)
(0 0 0)
(0 0 0)
(0 0 0)
(0 0 0)
(0 0 0)
(0 0 0)
(0 0 0)
(0 0 0)
(0 0 0)
(0 0 0)
(0 0 0)
(0 0 0)
(0 0 0)
(0 0 0)
(0 0 0)
(0 0 0)
(0 0 0)
(0 0 0)
(0 0 0)
(0 0 0)
(0 0 0)
(0 0 0)
(0 0 0)
(0 0 0)
(0 0 0)
(0 0 0)
(0 0 0)
(0 0 0)
(0 0 0)
(0 0 0)
(0 0 0)
(0 0 0)
(0 0 0)
(0 0 0)
(0 0 0)
(0 0 0)
(0 0 0)
(0 0 0)
(0 0 0)
(0 0 0)
(0 0 0)
(0 0 0)
(0 0 0)
(0 0 0)
(0 0 0)
(0 0 0)
(0 0 0)
(0 0 0)
(0 0 0)
(0 0 0)
(0 0 0)
(0 0 0)
(0 0 0)
(0 0 0)
(0 0 0)
(0 0 0)
(0 0 0)
(0 0 0)
(0 0 0)
(0 0 0)
(0 0 0)
(0 0 0)
(0 0 0)
(0 0 0)
(0 0 0)
(0 0 0)
(0 0 0)
(0 0 0)
(0 0 0)
(0 0 0)
(0 0 0)
(0 0 0)
(0 0 0)
(0 0 0)
(0 0 0)
(0 0 0)
(0 0 0)
(0 0 0)
(0 0 0)
(0 0 0)
(0 0 0)
(0 0 0)
(0 0 0)
(0 0 0)
(0 0 0)
(0 0 0)
(0 0 0)
(0 0 0)
(0 0 0)
(0 0 0)
(0 0 0)
(0 0 0)
(0 0 0)
(0 0 0)
(0 0 0)
(0 0 0)
(0 0 0)
(0 0 0)
(0 0 0)
(0 0 0)
(0 0 0)
(0 0 0)
(0 0 0)
(0 0 0)
(0 0 0)
(0 0 0)
(0 0 0)
(0 0 0)
(0 0 0)
(0 0 0)
(0 0 0)
(0 0 0)
(0 0 0)
(0 0 0)
(0 0 0)
(0 0 0)
(0 0 0)
(0 0 0)
(0 0 0)
(0 0 0)
(0 0 0)
(0 0 0)
(0 0 0)
(0 0 0)
(0 0 0)
(0 0 0)
(0 0 0)
(0 0 0)
(0 0 0)
(0 0 0)
(0 0 0)
(0 0 0)
(0 0 0)
(0 0 0)
(0 0 0)
(0 0 0)
(0 0 0)
(0 0 0)
(0 0 0)
(0 0 0)
(0 0 0)
(0 0 0)
(0 0 0)
(0 0 0)
(0 0 0)
(0 0 0)
(0 0 0)
(0 0 0)
(0 0 0)
(0 0 0)
(0 0 0)
(0 0 0)
(0 0 0)
(0 0 0)
(0 0 0)
(0 0 0)
(0 0 0)
(0 0 0)
(0 0 0)
(0 0 0)
(0 0 0)
(0 0 0)
(0 0 0)
(0 0 0)
(0 0 0)
(0 0 0)
(0 0 0)
(0 0 0)
(0 0 0)
(0 0 0)
(0 0 0)
(0 0 0)
(0 0 0)
(0 0 0)
(0 0 0)
(0 0 0)
(0 0 0)
(0 0 0)
(0 0 0)
(0 0 0)
(0 0 0)
(0 0 0)
)
;

boundaryField
{
    inlet
    {
        type            fixedValue;
        value           uniform (0 0 0);
    }
    outlet
    {
        type            fixedValue;
        value           uniform (0 0 0);
    }
    repeat_boundary
    {
        type            fixedValue;
        value           uniform (0 0 0);
    }
    procBoundary0to1
    {
        type            processor;
        value           nonuniform List<vector> 
450
(
(0 0 0)
(0 0 0)
(0 0 0)
(0 0 0)
(0 0 0)
(0 0 0)
(0 0 0)
(0 0 0)
(0 0 0)
(0 0 0)
(0 0 0)
(0 0 0)
(0 0 0)
(0 0 0)
(0 0 0)
(0 0 0)
(0 0 0)
(0 0 0)
(0 0 0)
(0 0 0)
(0 0 0)
(0 0 0)
(0 0 0)
(0 0 0)
(0 0 0)
(0 0 0)
(0 0 0)
(0 0 0)
(0 0 0)
(0 0 0)
(0 0 0)
(0 0 0)
(0 0 0)
(0 0 0)
(0 0 0)
(0 0 0)
(0 0 0)
(0 0 0)
(0 0 0)
(0 0 0)
(0 0 0)
(0 0 0)
(0 0 0)
(0 0 0)
(0 0 0)
(0 0 0)
(0 0 0)
(0 0 0)
(0 0 0)
(0 0 0)
(0 0 0)
(0 0 0)
(0 0 0)
(0 0 0)
(0 0 0)
(0 0 0)
(0 0 0)
(0 0 0)
(0 0 0)
(0 0 0)
(0 0 0)
(0 0 0)
(0 0 0)
(0 0 0)
(0 0 0)
(0 0 0)
(0 0 0)
(0 0 0)
(0 0 0)
(0 0 0)
(0 0 0)
(0 0 0)
(0 0 0)
(0 0 0)
(0 0 0)
(0 0 0)
(0 0 0)
(0 0 0)
(0 0 0)
(0 0 0)
(0 0 0)
(0 0 0)
(0 0 0)
(0 0 0)
(0 0 0)
(0 0 0)
(0 0 0)
(0 0 0)
(0 0 0)
(0 0 0)
(0 0 0)
(0 0 0)
(0 0 0)
(0 0 0)
(0 0 0)
(0 0 0)
(0 0 0)
(0 0 0)
(0 0 0)
(0 0 0)
(0 0 0)
(0 0 0)
(0 0 0)
(0 0 0)
(0 0 0)
(0 0 0)
(0 0 0)
(0 0 0)
(0 0 0)
(0 0 0)
(0 0 0)
(0 0 0)
(0 0 0)
(0 0 0)
(0 0 0)
(0 0 0)
(0 0 0)
(0 0 0)
(0 0 0)
(0 0 0)
(0 0 0)
(0 0 0)
(0 0 0)
(0 0 0)
(0 0 0)
(0 0 0)
(0 0 0)
(0 0 0)
(0 0 0)
(0 0 0)
(0 0 0)
(0 0 0)
(0 0 0)
(0 0 0)
(0 0 0)
(0 0 0)
(0 0 0)
(0 0 0)
(0 0 0)
(0 0 0)
(0 0 0)
(0 0 0)
(0 0 0)
(0 0 0)
(0 0 0)
(0 0 0)
(0 0 0)
(0 0 0)
(0 0 0)
(0 0 0)
(0 0 0)
(0 0 0)
(0 0 0)
(0 0 0)
(0 0 0)
(0 0 0)
(0 0 0)
(0 0 0)
(0 0 0)
(0 0 0)
(0 0 0)
(0 0 0)
(0 0 0)
(0 0 0)
(0 0 0)
(0 0 0)
(0 0 0)
(0 0 0)
(0 0 0)
(0 0 0)
(0 0 0)
(0 0 0)
(0 0 0)
(0 0 0)
(0 0 0)
(0 0 0)
(0 0 0)
(0 0 0)
(0 0 0)
(0 0 0)
(0 0 0)
(0 0 0)
(0 0 0)
(0 0 0)
(0 0 0)
(0 0 0)
(0 0 0)
(0 0 0)
(0 0 0)
(0 0 0)
(0 0 0)
(0 0 0)
(0 0 0)
(0 0 0)
(0 0 0)
(0 0 0)
(0 0 0)
(0 0 0)
(0 0 0)
(0 0 0)
(4.09155e-06 -5.97977e-06 -2.46348e-05)
(2.75913e-06 5.66159e-06 -1.93189e-05)
(2.97129e-06 -1.60625e-06 -2.61641e-05)
(2.44996e-06 5.65221e-06 -2.65758e-05)
(6.45005e-07 -1.44237e-06 -2.73322e-05)
(5.51019e-06 -6.41934e-06 -5.66505e-05)
(1.08621e-07 7.46795e-06 -5.90469e-05)
(7.6875e-07 6.01433e-06 -4.57167e-05)
(2.46765e-06 7.29144e-06 -6.01179e-05)
(-1.36268e-06 5.73011e-06 -5.11563e-05)
(2.60279e-06 1.10708e-05 -0.000102595)
(-2.05351e-06 1.96985e-05 -9.88245e-05)
(7.46989e-06 1.03571e-05 -9.60916e-05)
(1.21897e-05 6.05975e-06 -0.00011097)
(4.50507e-06 7.06587e-06 -0.000114002)
(-1.44999e-06 -4.50132e-06 -0.00014336)
(-5.58268e-06 1.19613e-05 -0.000145273)
(8.34035e-08 1.49989e-05 -0.000127019)
(5.19003e-06 1.16098e-05 -0.000134104)
(-9.44346e-07 2.5885e-06 -0.00014236)
(-5.11358e-06 -5.39249e-06 -0.000178605)
(-7.58854e-06 4.69446e-07 -0.000176284)
(2.19881e-06 2.4907e-06 -0.000170975)
(4.79739e-06 9.17771e-06 -0.000173312)
(-1.00163e-06 9.03467e-06 -0.000164395)
(-6.61536e-06 -1.12205e-06 -0.000192441)
(-3.42897e-06 -3.39967e-06 -0.000196873)
(2.73548e-06 -4.92427e-06 -0.000194781)
(2.07336e-06 2.27371e-06 -0.000200293)
(-3.56092e-06 2.88224e-06 -0.000189798)
(-9.46959e-06 -4.19704e-06 -0.000204293)
(-1.81469e-06 -1.26152e-05 -0.000209395)
(1.52261e-06 -4.4318e-06 -0.000209805)
(-4.23791e-06 -4.32577e-06 -0.000220088)
(-7.15631e-06 -5.89366e-06 -0.000216462)
(-5.61716e-06 -2.33175e-06 -0.000208519)
(-3.86074e-06 -1.34936e-06 -0.00021862)
(-2.26231e-06 -7.44776e-06 -0.000226464)
(-4.60166e-06 -1.02721e-05 -0.000228884)
(-7.29858e-06 -1.58448e-05 -0.000230166)
(6.39787e-06 -4.76329e-06 -0.000212933)
(-9.23184e-06 1.38462e-05 -0.000219916)
(4.5176e-07 3.88045e-06 -0.000233624)
(-3.96859e-06 -8.56706e-06 -0.000235176)
(-5.07437e-06 -2.40819e-05 -0.000238208)
(1.7528e-05 4.14042e-06 -0.000215018)
(5.22077e-06 2.46782e-05 -0.000214187)
(-7.42502e-06 1.4775e-05 -0.000238608)
(7.47777e-07 -9.32826e-06 -0.000236373)
(-5.53484e-06 -3.88821e-05 -0.000230223)
(2.7438e-07 0.000117435 -0.000127247)
(3.79069e-05 4.46157e-05 -0.000212357)
(8.75671e-06 2.96651e-05 -0.000229213)
(8.33855e-06 -2.2132e-05 -0.000222984)
(-1.1905e-06 -5.55518e-05 -0.000217099)
(7.25908e-06 0.000175972 -6.25898e-05)
(0.000163232 7.36061e-05 -0.000314245)
(3.4766e-06 2.96532e-05 -0.000231099)
(3.16449e-05 -5.20493e-06 -0.000210647)
(1.20177e-05 -9.38024e-05 -0.000202939)
(0 0 0)
(0 0 0)
(0 0 0)
(0 0 0)
(0 0 0)
(0 0 0)
(0 0 0)
(0 0 0)
(0 0 0)
(0 0 0)
(0 0 0)
(0 0 0)
(0 0 0)
(0 0 0)
(0 0 0)
(0 0 0)
(0 0 0)
(0 0 0)
(0 0 0)
(0 0 0)
(0 0 0)
(0 0 0)
(0 0 0)
(0 0 0)
(0 0 0)
(0 0 0)
(0 0 0)
(0 0 0)
(0 0 0)
(0 0 0)
(0 0 0)
(0 0 0)
(0 0 0)
(0 0 0)
(0 0 0)
(0 0 0)
(0 0 0)
(0 0 0)
(0 0 0)
(0 0 0)
(0 0 0)
(0 0 0)
(0 0 0)
(0 0 0)
(0 0 0)
(0 0 0)
(0 0 0)
(0 0 0)
(0 0 0)
(0 0 0)
(0 0 0)
(0 0 0)
(0 0 0)
(0 0 0)
(0 0 0)
(0 0 0)
(0 0 0)
(0 0 0)
(0 0 0)
(0 0 0)
(0 0 0)
(0 0 0)
(0 0 0)
(0 0 0)
(0 0 0)
(0 0 0)
(0 0 0)
(0 0 0)
(0 0 0)
(0 0 0)
(0 0 0)
(0 0 0)
(0 0 0)
(0 0 0)
(0 0 0)
(0 0 0)
(0 0 0)
(0 0 0)
(0 0 0)
(0 0 0)
(0 0 0)
(0 0 0)
(0 0 0)
(0 0 0)
(0 0 0)
(0 0 0)
(0 0 0)
(0 0 0)
(0 0 0)
(0 0 0)
(0 0 0)
(0 0 0)
(0 0 0)
(0 0 0)
(0 0 0)
(0 0 0)
(0 0 0)
(0 0 0)
(0 0 0)
(0 0 0)
(0 0 0)
(0 0 0)
(0 0 0)
(0 0 0)
(0 0 0)
(0 0 0)
(0 0 0)
(0 0 0)
(0 0 0)
(0 0 0)
(0 0 0)
(0 0 0)
(0 0 0)
(0 0 0)
(0 0 0)
(0 0 0)
(0 0 0)
(0 0 0)
(0 0 0)
(0 0 0)
(0 0 0)
(0 0 0)
(0 0 0)
(0 0 0)
(0 0 0)
(0 0 0)
(0 0 0)
(0 0 0)
(0 0 0)
(0 0 0)
(0 0 0)
(0 0 0)
(0 0 0)
(0 0 0)
(0 0 0)
(0 0 0)
(0 0 0)
(0 0 0)
(0 0 0)
(0 0 0)
(0 0 0)
(0 0 0)
(0 0 0)
(0 0 0)
(0 0 0)
(0 0 0)
(0 0 0)
(0 0 0)
(0 0 0)
(0 0 0)
(0 0 0)
(0 0 0)
(0 0 0)
(0 0 0)
(0 0 0)
(0 0 0)
(0 0 0)
(0 0 0)
(0 0 0)
(0 0 0)
(0 0 0)
(0 0 0)
(0 0 0)
(0 0 0)
(0 0 0)
(0 0 0)
(0 0 0)
(0 0 0)
(0 0 0)
(0 0 0)
(0 0 0)
(0 0 0)
(0 0 0)
(0 0 0)
(0 0 0)
(0 0 0)
(0 0 0)
(0 0 0)
(0 0 0)
(0 0 0)
(0 0 0)
(0 0 0)
(0 0 0)
(0 0 0)
(0 0 0)
(0 0 0)
(0 0 0)
(0 0 0)
(0 0 0)
(0 0 0)
)
;
    }
    procBoundary0to2
    {
        type            processor;
        value           nonuniform List<vector> 
450
(
(0 0 0)
(0 0 0)
(0 0 0)
(0 0 0)
(0 0 0)
(0 0 0)
(0 0 0)
(0 0 0)
(0 0 0)
(0 0 0)
(0 0 0)
(0 0 0)
(0 0 0)
(0 0 0)
(0 0 0)
(0 0 0)
(0 0 0)
(0 0 0)
(0 0 0)
(0 0 0)
(0 0 0)
(0 0 0)
(0 0 0)
(0 0 0)
(0 0 0)
(0 0 0)
(0 0 0)
(0 0 0)
(0 0 0)
(0 0 0)
(0 0 0)
(0 0 0)
(0 0 0)
(0 0 0)
(0 0 0)
(0 0 0)
(0 0 0)
(0 0 0)
(0 0 0)
(0 0 0)
(0 0 0)
(0 0 0)
(0 0 0)
(0 0 0)
(0 0 0)
(0 0 0)
(0 0 0)
(0 0 0)
(0 0 0)
(0 0 0)
(0 0 0)
(0 0 0)
(0 0 0)
(0 0 0)
(0 0 0)
(0 0 0)
(0 0 0)
(0 0 0)
(0 0 0)
(0 0 0)
(0 0 0)
(0 0 0)
(0 0 0)
(0 0 0)
(0 0 0)
(0 0 0)
(0 0 0)
(0 0 0)
(0 0 0)
(0 0 0)
(0 0 0)
(0 0 0)
(0 0 0)
(0 0 0)
(0 0 0)
(0 0 0)
(0 0 0)
(0 0 0)
(0 0 0)
(0 0 0)
(0 0 0)
(0 0 0)
(0 0 0)
(0 0 0)
(0 0 0)
(0 0 0)
(0 0 0)
(0 0 0)
(0 0 0)
(0 0 0)
(0 0 0)
(0 0 0)
(0 0 0)
(0 0 0)
(0 0 0)
(0 0 0)
(0 0 0)
(0 0 0)
(0 0 0)
(0 0 0)
(0 0 0)
(0 0 0)
(0 0 0)
(0 0 0)
(0 0 0)
(0 0 0)
(0 0 0)
(0 0 0)
(0 0 0)
(0 0 0)
(0 0 0)
(0 0 0)
(0 0 0)
(0 0 0)
(0 0 0)
(0 0 0)
(0 0 0)
(0 0 0)
(0 0 0)
(0 0 0)
(0 0 0)
(0 0 0)
(0 0 0)
(0 0 0)
(0 0 0)
(0 0 0)
(0 0 0)
(0 0 0)
(0 0 0)
(0 0 0)
(0 0 0)
(0 0 0)
(0 0 0)
(0 0 0)
(0 0 0)
(0 0 0)
(0 0 0)
(0 0 0)
(0 0 0)
(0 0 0)
(0 0 0)
(0 0 0)
(0 0 0)
(0 0 0)
(0 0 0)
(0 0 0)
(0 0 0)
(0 0 0)
(0 0 0)
(0 0 0)
(0 0 0)
(0 0 0)
(0 0 0)
(0 0 0)
(0 0 0)
(0 0 0)
(0 0 0)
(0 0 0)
(0 0 0)
(0 0 0)
(0 0 0)
(0 0 0)
(0 0 0)
(0 0 0)
(0 0 0)
(0 0 0)
(0 0 0)
(0 0 0)
(0 0 0)
(0 0 0)
(0 0 0)
(0 0 0)
(0 0 0)
(0 0 0)
(0 0 0)
(0 0 0)
(0 0 0)
(0 0 0)
(0 0 0)
(0 0 0)
(0 0 0)
(0 0 0)
(0 0 0)
(0 0 0)
(0 0 0)
(0 0 0)
(0 0 0)
(0 0 0)
(0 0 0)
(0 0 0)
(0 0 0)
(0 0 0)
(0 0 0)
(0 0 0)
(0 0 0)
(0 0 0)
(0 0 0)
(0 0 0)
(0 0 0)
(0 0 0)
(-2.11143e-06 -1.43931e-05 -2.82403e-05)
(7.90347e-07 -3.02934e-06 -3.03686e-05)
(4.16225e-07 1.0003e-06 -3.67227e-05)
(-2.22364e-06 3.1148e-06 -2.48855e-05)
(-1.64733e-06 2.47585e-06 -3.0177e-05)
(-4.20574e-06 -4.03451e-05 -3.72773e-05)
(4.73132e-06 2.62139e-06 -7.12381e-05)
(1.62739e-06 2.89071e-06 -5.71455e-05)
(-2.51127e-07 5.94292e-06 -6.37085e-05)
(-3.69478e-06 4.07766e-06 -5.45155e-05)
(1.04082e-06 2.55396e-06 -0.00010382)
(-4.84237e-06 2.15009e-06 -0.000101339)
(2.69229e-06 1.01393e-06 -7.80704e-05)
(-2.01707e-06 1.13028e-05 -0.00010088)
(-2.24923e-06 -3.93064e-06 -0.000102196)
(-6.08212e-06 5.39791e-06 -0.000144104)
(-1.01127e-05 2.81145e-06 -0.000135996)
(-8.01157e-06 5.5134e-06 -0.000137409)
(-3.25121e-06 6.45004e-06 -0.000138044)
(-2.42377e-06 1.27029e-06 -0.000150239)
(-8.43889e-06 6.33751e-06 -0.000176115)
(-4.09536e-06 1.77154e-06 -0.000173255)
(-7.61944e-08 7.94725e-07 -0.000174489)
(-3.82744e-06 2.17242e-06 -0.000165083)
(-4.46874e-06 3.42349e-06 -0.000171215)
(-1.12963e-05 7.76341e-06 -0.000202265)
(-1.30591e-05 3.72174e-08 -0.000192611)
(-3.51716e-06 -7.00068e-06 -0.000198304)
(-1.75142e-06 -4.95688e-06 -0.000193916)
(-1.47893e-06 7.31696e-08 -0.000193782)
(-1.86185e-05 -6.56848e-07 -0.000230569)
(-1.43032e-05 6.36354e-07 -0.000214409)
(-1.11704e-05 -7.19621e-06 -0.000214934)
(-5.82763e-06 -1.00894e-05 -0.000209937)
(-4.18216e-06 -1.12539e-05 -0.00020995)
(-2.82588e-05 -4.12161e-07 -0.000244224)
(-1.86896e-05 -4.68549e-06 -0.000224523)
(-1.52374e-05 -1.22235e-05 -0.000226001)
(-1.20414e-05 -2.23212e-05 -0.000222916)
(-1.03563e-05 -1.91604e-05 -0.000217227)
(-3.43096e-05 -2.5319e-06 -0.000251969)
(-3.01529e-05 2.7259e-06 -0.000238315)
(-2.24343e-05 -1.95228e-05 -0.000244904)
(-1.95092e-05 -2.99768e-05 -0.000228615)
(-1.36704e-05 -2.63156e-05 -0.000220431)
(-3.80709e-05 2.39897e-06 -0.000220691)
(-2.71381e-05 -1.21286e-06 -0.000231952)
(-2.62406e-05 -3.30406e-05 -0.000250708)
(-3.52874e-05 -5.2441e-05 -0.000250133)
(1.6e-05 -4.47805e-05 -0.000218074)
(-8.56565e-05 0.000116267 -0.000248985)
(-3.64999e-05 1.90468e-05 -0.000216557)
(-3.4265e-05 -2.86966e-05 -0.00026509)
(-2.57925e-06 -5.17147e-05 -0.000181628)
(5.39852e-05 -7.16813e-05 -0.000199287)
(-6.19094e-05 9.13634e-05 -0.000257313)
(-4.51186e-05 3.29614e-05 -0.000264179)
(-4.07147e-05 -5.34379e-06 -0.000256451)
(-4.29535e-06 -5.56309e-05 -0.000194284)
(3.28691e-05 -0.000112985 -0.000235063)
(0 0 0)
(0 0 0)
(-3.49238e-05 6.15759e-07 -0.000255466)
(-1.67493e-05 -1.96592e-05 -0.000231766)
(1.38118e-05 -0.000130414 -0.000226173)
(0 0 0)
(0 0 0)
(0 0 0)
(0 0 0)
(0 0 0)
(0 0 0)
(0 0 0)
(0 0 0)
(0 0 0)
(0 0 0)
(0 0 0)
(0 0 0)
(0 0 0)
(0 0 0)
(0 0 0)
(0 0 0)
(0 0 0)
(0 0 0)
(0 0 0)
(0 0 0)
(0 0 0)
(0 0 0)
(0 0 0)
(0 0 0)
(0 0 0)
(0 0 0)
(0 0 0)
(0 0 0)
(0 0 0)
(0 0 0)
(0 0 0)
(0 0 0)
(0 0 0)
(0 0 0)
(0 0 0)
(0 0 0)
(0 0 0)
(0 0 0)
(0 0 0)
(0 0 0)
(0 0 0)
(0 0 0)
(0 0 0)
(0 0 0)
(0 0 0)
(0 0 0)
(0 0 0)
(0 0 0)
(0 0 0)
(0 0 0)
(0 0 0)
(0 0 0)
(0 0 0)
(0 0 0)
(0 0 0)
(0 0 0)
(0 0 0)
(0 0 0)
(0 0 0)
(0 0 0)
(0 0 0)
(0 0 0)
(0 0 0)
(0 0 0)
(0 0 0)
(0 0 0)
(0 0 0)
(0 0 0)
(0 0 0)
(0 0 0)
(0 0 0)
(0 0 0)
(0 0 0)
(0 0 0)
(0 0 0)
(0 0 0)
(0 0 0)
(0 0 0)
(0 0 0)
(0 0 0)
(0 0 0)
(0 0 0)
(0 0 0)
(0 0 0)
(0 0 0)
(0 0 0)
(0 0 0)
(0 0 0)
(0 0 0)
(0 0 0)
(0 0 0)
(0 0 0)
(0 0 0)
(0 0 0)
(0 0 0)
(0 0 0)
(0 0 0)
(0 0 0)
(0 0 0)
(0 0 0)
(0 0 0)
(0 0 0)
(0 0 0)
(0 0 0)
(0 0 0)
(0 0 0)
(0 0 0)
(0 0 0)
(0 0 0)
(0 0 0)
(0 0 0)
(0 0 0)
(0 0 0)
(0 0 0)
(0 0 0)
(0 0 0)
(0 0 0)
(0 0 0)
(0 0 0)
(0 0 0)
(0 0 0)
(0 0 0)
(0 0 0)
(0 0 0)
(0 0 0)
(0 0 0)
(0 0 0)
(0 0 0)
(0 0 0)
(0 0 0)
(0 0 0)
(0 0 0)
(0 0 0)
(0 0 0)
(0 0 0)
(0 0 0)
(0 0 0)
(0 0 0)
(0 0 0)
(0 0 0)
(0 0 0)
(0 0 0)
(0 0 0)
(0 0 0)
(0 0 0)
(0 0 0)
(0 0 0)
(0 0 0)
(0 0 0)
(0 0 0)
(0 0 0)
(0 0 0)
(0 0 0)
(0 0 0)
(0 0 0)
(0 0 0)
(0 0 0)
(0 0 0)
(0 0 0)
(0 0 0)
(0 0 0)
(0 0 0)
(0 0 0)
(0 0 0)
(0 0 0)
(0 0 0)
(0 0 0)
(0 0 0)
(0 0 0)
(0 0 0)
(0 0 0)
(0 0 0)
(0 0 0)
(0 0 0)
(0 0 0)
(0 0 0)
(0 0 0)
(0 0 0)
(0 0 0)
(0 0 0)
(0 0 0)
(0 0 0)
(0 0 0)
(0 0 0)
(0 0 0)
)
;
    }
}


// ************************************************************************* //
