/*--------------------------------*- C++ -*----------------------------------*\
| =========                 |                                                 |
| \\      /  F ield         | OpenFOAM: The Open Source CFD Toolbox           |
|  \\    /   O peration     | Version:  5.x                                   |
|   \\  /    A nd           | Web:      www.OpenFOAM.org                      |
|    \\/     M anipulation  |                                                 |
\*---------------------------------------------------------------------------*/
FoamFile
{
    version     2.0;
    format      ascii;
    class       volVectorField;
    location    "0.1";
    object      Us;
}
// * * * * * * * * * * * * * * * * * * * * * * * * * * * * * * * * * * * * * //

dimensions      [0 1 -1 0 0 0 0];

internalField   nonuniform List<vector> 
2250
(
(0 0 0)
(0 0 0)
(0 0 0)
(0 0 0)
(0 0 0)
(0 0 0)
(0 0 0)
(0 0 0)
(0 0 0)
(0 0 0)
(0 0 0)
(0 0 0)
(0 0 0)
(0 0 0)
(0 0 0)
(0 0 0)
(0 0 0)
(0 0 0)
(0 0 0)
(0 0 0)
(0 0 0)
(0 0 0)
(0 0 0)
(0 0 0)
(0 0 0)
(0 0 0)
(0 0 0)
(0 0 0)
(0 0 0)
(0 0 0)
(0 0 0)
(0 0 0)
(0 0 0)
(0 0 0)
(0 0 0)
(0 0 0)
(0 0 0)
(0 0 0)
(0 0 0)
(0 0 0)
(0 0 0)
(0 0 0)
(0 0 0)
(0 0 0)
(0 0 0)
(0 0 0)
(0 0 0)
(0 0 0)
(0 0 0)
(0 0 0)
(0 0 0)
(0 0 0)
(0 0 0)
(0 0 0)
(0 0 0)
(0 0 0)
(0 0 0)
(0 0 0)
(0 0 0)
(0 0 0)
(0 0 0)
(0 0 0)
(0 0 0)
(0 0 0)
(0 0 0)
(0 0 0)
(0 0 0)
(0 0 0)
(0 0 0)
(0 0 0)
(0 0 0)
(0 0 0)
(0 0 0)
(0 0 0)
(0 0 0)
(0 0 0)
(0 0 0)
(0 0 0)
(0 0 0)
(0 0 0)
(0 0 0)
(0 0 0)
(0 0 0)
(0 0 0)
(0 0 0)
(0 0 0)
(0 0 0)
(0 0 0)
(0 0 0)
(0 0 0)
(0 0 0)
(0 0 0)
(0 0 0)
(0 0 0)
(0 0 0)
(0 0 0)
(0 0 0)
(0 0 0)
(0 0 0)
(0 0 0)
(0 0 0)
(0 0 0)
(0 0 0)
(0 0 0)
(0 0 0)
(0 0 0)
(0 0 0)
(0 0 0)
(0 0 0)
(0 0 0)
(0 0 0)
(0 0 0)
(0 0 0)
(0 0 0)
(0 0 0)
(0 0 0)
(0 0 0)
(0 0 0)
(0 0 0)
(0 0 0)
(0 0 0)
(0 0 0)
(0 0 0)
(0 0 0)
(0 0 0)
(0 0 0)
(0 0 0)
(0 0 0)
(0 0 0)
(0 0 0)
(0 0 0)
(0 0 0)
(0 0 0)
(0 0 0)
(0 0 0)
(0 0 0)
(0 0 0)
(0 0 0)
(0 0 0)
(0 0 0)
(0 0 0)
(0 0 0)
(0 0 0)
(0 0 0)
(0 0 0)
(0 0 0)
(0 0 0)
(0 0 0)
(0 0 0)
(0 0 0)
(0 0 0)
(0 0 0)
(0 0 0)
(0 0 0)
(0 0 0)
(0 0 0)
(0 0 0)
(0 0 0)
(0 0 0)
(0 0 0)
(0 0 0)
(0 0 0)
(0 0 0)
(0 0 0)
(0 0 0)
(0 0 0)
(0 0 0)
(0 0 0)
(0 0 0)
(0 0 0)
(0 0 0)
(0 0 0)
(0 0 0)
(0 0 0)
(0 0 0)
(0 0 0)
(0 0 0)
(0 0 0)
(0 0 0)
(0 0 0)
(0 0 0)
(0 0 0)
(0 0 0)
(0 0 0)
(0 0 0)
(0 0 0)
(0 0 0)
(0 0 0)
(0 0 0)
(0 0 0)
(0 0 0)
(0 0 0)
(0 0 0)
(0 0 0)
(0 0 0)
(0 0 0)
(0 0 0)
(0 0 0)
(0 0 0)
(0 0 0)
(0 0 0)
(0 0 0)
(0 0 0)
(0 0 0)
(0 0 0)
(0 0 0)
(0 0 0)
(0 0 0)
(0 0 0)
(0 0 0)
(0 0 0)
(0 0 0)
(0 0 0)
(0 0 0)
(0 0 0)
(0 0 0)
(0 0 0)
(0 0 0)
(0 0 0)
(0 0 0)
(0 0 0)
(0 0 0)
(0 0 0)
(0 0 0)
(0 0 0)
(0 0 0)
(0 0 0)
(0 0 0)
(0 0 0)
(0 0 0)
(0 0 0)
(0 0 0)
(0 0 0)
(0 0 0)
(0 0 0)
(0 0 0)
(0 0 0)
(0 0 0)
(0 0 0)
(0 0 0)
(0 0 0)
(0 0 0)
(0 0 0)
(0 0 0)
(0 0 0)
(0 0 0)
(0 0 0)
(0 0 0)
(0 0 0)
(0 0 0)
(0 0 0)
(0 0 0)
(0 0 0)
(0 0 0)
(0 0 0)
(0 0 0)
(0 0 0)
(0 0 0)
(0 0 0)
(0 0 0)
(0 0 0)
(0 0 0)
(0 0 0)
(0 0 0)
(0 0 0)
(0 0 0)
(0 0 0)
(0 0 0)
(0 0 0)
(0 0 0)
(0 0 0)
(0 0 0)
(0 0 0)
(0 0 0)
(0 0 0)
(0 0 0)
(0 0 0)
(0 0 0)
(0 0 0)
(0 0 0)
(0 0 0)
(0 0 0)
(0 0 0)
(0 0 0)
(0 0 0)
(0 0 0)
(0 0 0)
(0 0 0)
(0 0 0)
(0 0 0)
(0 0 0)
(0 0 0)
(0 0 0)
(0 0 0)
(0 0 0)
(0 0 0)
(0 0 0)
(0 0 0)
(0 0 0)
(0 0 0)
(0 0 0)
(0 0 0)
(0 0 0)
(0 0 0)
(0 0 0)
(0 0 0)
(0 0 0)
(0 0 0)
(0 0 0)
(0 0 0)
(0 0 0)
(0 0 0)
(0 0 0)
(0 0 0)
(0 0 0)
(0 0 0)
(0 0 0)
(0 0 0)
(0 0 0)
(0 0 0)
(0 0 0)
(0 0 0)
(0 0 0)
(0 0 0)
(0 0 0)
(0 0 0)
(0 0 0)
(0 0 0)
(0 0 0)
(0 0 0)
(0 0 0)
(0 0 0)
(0 0 0)
(0 0 0)
(0 0 0)
(0 0 0)
(0 0 0)
(0 0 0)
(0 0 0)
(0 0 0)
(0 0 0)
(0 0 0)
(0 0 0)
(0 0 0)
(0 0 0)
(0 0 0)
(0 0 0)
(0 0 0)
(0 0 0)
(0 0 0)
(0 0 0)
(0 0 0)
(0 0 0)
(0 0 0)
(0 0 0)
(0 0 0)
(0 0 0)
(0 0 0)
(0 0 0)
(0 0 0)
(0 0 0)
(0 0 0)
(0 0 0)
(0 0 0)
(0 0 0)
(0 0 0)
(0 0 0)
(0 0 0)
(0 0 0)
(0 0 0)
(0 0 0)
(0 0 0)
(0 0 0)
(0 0 0)
(0 0 0)
(0 0 0)
(0 0 0)
(0 0 0)
(0 0 0)
(0 0 0)
(0 0 0)
(0 0 0)
(0 0 0)
(0 0 0)
(0 0 0)
(0 0 0)
(0 0 0)
(0 0 0)
(0 0 0)
(0 0 0)
(0 0 0)
(0 0 0)
(0 0 0)
(0 0 0)
(0 0 0)
(0 0 0)
(0 0 0)
(0 0 0)
(0 0 0)
(0 0 0)
(0 0 0)
(0 0 0)
(0 0 0)
(0 0 0)
(0 0 0)
(0 0 0)
(0 0 0)
(0 0 0)
(0 0 0)
(0 0 0)
(0 0 0)
(0 0 0)
(0 0 0)
(0 0 0)
(0 0 0)
(0 0 0)
(0 0 0)
(0 0 0)
(0 0 0)
(0 0 0)
(0 0 0)
(0 0 0)
(0 0 0)
(0 0 0)
(0 0 0)
(0 0 0)
(0 0 0)
(0 0 0)
(0 0 0)
(0 0 0)
(0 0 0)
(0 0 0)
(0 0 0)
(0 0 0)
(0 0 0)
(0 0 0)
(0 0 0)
(0 0 0)
(0 0 0)
(0 0 0)
(0 0 0)
(0 0 0)
(0 0 0)
(0 0 0)
(0 0 0)
(0 0 0)
(0 0 0)
(0 0 0)
(0 0 0)
(0 0 0)
(0 0 0)
(0 0 0)
(0 0 0)
(0 0 0)
(0 0 0)
(0 0 0)
(0 0 0)
(0 0 0)
(0 0 0)
(0 0 0)
(0 0 0)
(0 0 0)
(0 0 0)
(0 0 0)
(0 0 0)
(0 0 0)
(0 0 0)
(0 0 0)
(0 0 0)
(0 0 0)
(0 0 0)
(0 0 0)
(0 0 0)
(0 0 0)
(0 0 0)
(0 0 0)
(0 0 0)
(0 0 0)
(0 0 0)
(0 0 0)
(0 0 0)
(0 0 0)
(0 0 0)
(0 0 0)
(0 0 0)
(0 0 0)
(0 0 0)
(0 0 0)
(0 0 0)
(0 0 0)
(0 0 0)
(0 0 0)
(0 0 0)
(0 0 0)
(0 0 0)
(0 0 0)
(0 0 0)
(0 0 0)
(0 0 0)
(0 0 0)
(0 0 0)
(0 0 0)
(0 0 0)
(0 0 0)
(0 0 0)
(0 0 0)
(0 0 0)
(0 0 0)
(0 0 0)
(0 0 0)
(0 0 0)
(0 0 0)
(0 0 0)
(0 0 0)
(0 0 0)
(0 0 0)
(0 0 0)
(0 0 0)
(0 0 0)
(0 0 0)
(0 0 0)
(0 0 0)
(0 0 0)
(0 0 0)
(0 0 0)
(0 0 0)
(0 0 0)
(0 0 0)
(0 0 0)
(0 0 0)
(0 0 0)
(0 0 0)
(0 0 0)
(0 0 0)
(0 0 0)
(0 0 0)
(0 0 0)
(0 0 0)
(0 0 0)
(0 0 0)
(0 0 0)
(0 0 0)
(0 0 0)
(0 0 0)
(0 0 0)
(0 0 0)
(0 0 0)
(0 0 0)
(0 0 0)
(0 0 0)
(0 0 0)
(0 0 0)
(0 0 0)
(0 0 0)
(0 0 0)
(0 0 0)
(0 0 0)
(0 0 0)
(0 0 0)
(0 0 0)
(0 0 0)
(0 0 0)
(0 0 0)
(0 0 0)
(0 0 0)
(0 0 0)
(0 0 0)
(0 0 0)
(0 0 0)
(0 0 0)
(0 0 0)
(0 0 0)
(0 0 0)
(0 0 0)
(0 0 0)
(0 0 0)
(0 0 0)
(0 0 0)
(0 0 0)
(0 0 0)
(0 0 0)
(0 0 0)
(0 0 0)
(0 0 0)
(0 0 0)
(0 0 0)
(0 0 0)
(0 0 0)
(0 0 0)
(0 0 0)
(0 0 0)
(0 0 0)
(0 0 0)
(0 0 0)
(0 0 0)
(0 0 0)
(0 0 0)
(0 0 0)
(0 0 0)
(0 0 0)
(0 0 0)
(0 0 0)
(0 0 0)
(0 0 0)
(0 0 0)
(0 0 0)
(0 0 0)
(0 0 0)
(0 0 0)
(0 0 0)
(0 0 0)
(0 0 0)
(0 0 0)
(0 0 0)
(0 0 0)
(0 0 0)
(0 0 0)
(0 0 0)
(0 0 0)
(0 0 0)
(0 0 0)
(0 0 0)
(0 0 0)
(0 0 0)
(0 0 0)
(0 0 0)
(0 0 0)
(0 0 0)
(0 0 0)
(0 0 0)
(0 0 0)
(0 0 0)
(0 0 0)
(0 0 0)
(0 0 0)
(0 0 0)
(0 0 0)
(0 0 0)
(0 0 0)
(0 0 0)
(0 0 0)
(0 0 0)
(0 0 0)
(0 0 0)
(0 0 0)
(0 0 0)
(0 0 0)
(0 0 0)
(0 0 0)
(0 0 0)
(0 0 0)
(0 0 0)
(0 0 0)
(0 0 0)
(0 0 0)
(0 0 0)
(0 0 0)
(0 0 0)
(0 0 0)
(0 0 0)
(0 0 0)
(0 0 0)
(0 0 0)
(0 0 0)
(0 0 0)
(0 0 0)
(0 0 0)
(0 0 0)
(0 0 0)
(0 0 0)
(0 0 0)
(0 0 0)
(0 0 0)
(0 0 0)
(0 0 0)
(0 0 0)
(0 0 0)
(0 0 0)
(0 0 0)
(0 0 0)
(0 0 0)
(0 0 0)
(0 0 0)
(0 0 0)
(0 0 0)
(0 0 0)
(0 0 0)
(0 0 0)
(0 0 0)
(0 0 0)
(0 0 0)
(0 0 0)
(0 0 0)
(0 0 0)
(0 0 0)
(0 0 0)
(0 0 0)
(0 0 0)
(0 0 0)
(0 0 0)
(0 0 0)
(0 0 0)
(0 0 0)
(0 0 0)
(0 0 0)
(0 0 0)
(0 0 0)
(0 0 0)
(0 0 0)
(0 0 0)
(0 0 0)
(0 0 0)
(0 0 0)
(0 0 0)
(0 0 0)
(0 0 0)
(0 0 0)
(0 0 0)
(0 0 0)
(0 0 0)
(0 0 0)
(0 0 0)
(0 0 0)
(0 0 0)
(0 0 0)
(0 0 0)
(0 0 0)
(0 0 0)
(0 0 0)
(0 0 0)
(0 0 0)
(0 0 0)
(0 0 0)
(0 0 0)
(0 0 0)
(0 0 0)
(0 0 0)
(0 0 0)
(0 0 0)
(0 0 0)
(0 0 0)
(0 0 0)
(0 0 0)
(0 0 0)
(0 0 0)
(0 0 0)
(0 0 0)
(0 0 0)
(0 0 0)
(0 0 0)
(0 0 0)
(0 0 0)
(0 0 0)
(0 0 0)
(0 0 0)
(0 0 0)
(0 0 0)
(0 0 0)
(0 0 0)
(0 0 0)
(0 0 0)
(0 0 0)
(0 0 0)
(0 0 0)
(0 0 0)
(0 0 0)
(0 0 0)
(0 0 0)
(0 0 0)
(0 0 0)
(0 0 0)
(0 0 0)
(0 0 0)
(0 0 0)
(0 0 0)
(0 0 0)
(0 0 0)
(0 0 0)
(0 0 0)
(0 0 0)
(0 0 0)
(0 0 0)
(0 0 0)
(0 0 0)
(0 0 0)
(0 0 0)
(0 0 0)
(0 0 0)
(0 0 0)
(0 0 0)
(0 0 0)
(0 0 0)
(0 0 0)
(0 0 0)
(0 0 0)
(0 0 0)
(0 0 0)
(0 0 0)
(0 0 0)
(0 0 0)
(0 0 0)
(0 0 0)
(0 0 0)
(0 0 0)
(0 0 0)
(0 0 0)
(0 0 0)
(0 0 0)
(0 0 0)
(0 0 0)
(0 0 0)
(0 0 0)
(0 0 0)
(0 0 0)
(0 0 0)
(0 0 0)
(0 0 0)
(0 0 0)
(0 0 0)
(0 0 0)
(0 0 0)
(0 0 0)
(0 0 0)
(0 0 0)
(0 0 0)
(0 0 0)
(0 0 0)
(0 0 0)
(0 0 0)
(0 0 0)
(0 0 0)
(0 0 0)
(0 0 0)
(0 0 0)
(0 0 0)
(0 0 0)
(0 0 0)
(0 0 0)
(0 0 0)
(0 0 0)
(0 0 0)
(0 0 0)
(0 0 0)
(0 0 0)
(0 0 0)
(0 0 0)
(0 0 0)
(0 0 0)
(0 0 0)
(0 0 0)
(0 0 0)
(0 0 0)
(0 0 0)
(0 0 0)
(0 0 0)
(0 0 0)
(0 0 0)
(0 0 0)
(0 0 0)
(0 0 0)
(0 0 0)
(0 0 0)
(0 0 0)
(0 0 0)
(0 0 0)
(0 0 0)
(0 0 0)
(0 0 0)
(0 0 0)
(0 0 0)
(0 0 0)
(0 0 0)
(0 0 0)
(0 0 0)
(0 0 0)
(0 0 0)
(0 0 0)
(0 0 0)
(0 0 0)
(0 0 0)
(0 0 0)
(0 0 0)
(0 0 0)
(0 0 0)
(0 0 0)
(0 0 0)
(0 0 0)
(0 0 0)
(0 0 0)
(0 0 0)
(0 0 0)
(0 0 0)
(0 0 0)
(0 0 0)
(0 0 0)
(0 0 0)
(0 0 0)
(0 0 0)
(0 0 0)
(0 0 0)
(0 0 0)
(0 0 0)
(0 0 0)
(0 0 0)
(0 0 0)
(0 0 0)
(0 0 0)
(0 0 0)
(0 0 0)
(0 0 0)
(0 0 0)
(0 0 0)
(0 0 0)
(0 0 0)
(0 0 0)
(0 0 0)
(0 0 0)
(0 0 0)
(0 0 0)
(0 0 0)
(0 0 0)
(0 0 0)
(0 0 0)
(0 0 0)
(0 0 0)
(0 0 0)
(0 0 0)
(0 0 0)
(0 0 0)
(0 0 0)
(0 0 0)
(0 0 0)
(0 0 0)
(0 0 0)
(0 0 0)
(0 0 0)
(0 0 0)
(0 0 0)
(0 0 0)
(0 0 0)
(0 0 0)
(0 0 0)
(0 0 0)
(0 0 0)
(0 0 0)
(0 0 0)
(0 0 0)
(0 0 0)
(0 0 0)
(0 0 0)
(0 0 0)
(0 0 0)
(0 0 0)
(0 0 0)
(0 0 0)
(0 0 0)
(0 0 0)
(0 0 0)
(0 0 0)
(0 0 0)
(0 0 0)
(0 0 0)
(0 0 0)
(0 0 0)
(0 0 0)
(0 0 0)
(0 0 0)
(0 0 0)
(0 0 0)
(0 0 0)
(0 0 0)
(0 0 0)
(0 0 0)
(0 0 0)
(0 0 0)
(0 0 0)
(0 0 0)
(0 0 0)
(0 0 0)
(0 0 0)
(0 0 0)
(0 0 0)
(0 0 0)
(0 0 0)
(0 0 0)
(0 0 0)
(0 0 0)
(0 0 0)
(0 0 0)
(0 0 0)
(0 0 0)
(0 0 0)
(0 0 0)
(0 0 0)
(0 0 0)
(0 0 0)
(0 0 0)
(0 0 0)
(0 0 0)
(0 0 0)
(-3.94786e-07 2.2178e-06 -5.02074e-06)
(1.07043e-07 2.5315e-06 -4.12919e-06)
(6.60369e-07 2.00716e-06 -3.66245e-06)
(-1.16727e-07 2.10741e-06 -5.43395e-06)
(7.00345e-07 1.87277e-06 -5.09363e-06)
(-7.92526e-07 1.92249e-06 -5.89039e-06)
(-7.80619e-07 1.80618e-06 -4.66846e-06)
(-4.57881e-07 1.69563e-06 -3.96431e-06)
(-5.18858e-07 2.44411e-06 -3.98217e-06)
(-9.99407e-09 2.53287e-06 -4.39554e-06)
(-1.2445e-06 1.8958e-06 -6.27019e-06)
(-1.32082e-06 1.7009e-06 -4.29385e-06)
(-1.04003e-06 1.94541e-06 -3.81953e-06)
(-1.72906e-06 2.51543e-06 -5.00285e-06)
(-1.25703e-06 3.42036e-06 -4.8989e-06)
(-2.04962e-06 2.11543e-06 -4.17521e-06)
(-1.0306e-06 3.20932e-06 -2.1382e-06)
(-1.26808e-06 2.17585e-06 -4.16896e-06)
(-1.51544e-06 1.4627e-06 -4.9943e-06)
(-1.16587e-06 1.6121e-06 -4.62324e-06)
(-2.48342e-06 2.82813e-06 -5.86223e-06)
(-2.44908e-06 2.57862e-06 -5.35589e-06)
(-2.36562e-06 2.43554e-06 -4.01664e-06)
(-2.17451e-06 9.83256e-07 -4.01167e-06)
(-3.93415e-06 4.2881e-06 -8.55112e-06)
(1.19031e-07 3.6253e-06 -8.99268e-06)
(-9.66802e-07 5.41241e-06 -7.88677e-06)
(-3.37056e-07 6.73375e-06 -9.46949e-06)
(2.04768e-07 5.55588e-06 -1.0797e-05)
(3.99358e-08 6.63424e-06 -1.30783e-05)
(-1.46002e-06 3.98036e-06 -8.89585e-06)
(-1.73342e-06 4.96007e-06 -9.23438e-06)
(-1.57874e-06 6.10414e-06 -1.03067e-05)
(-1.43519e-06 5.96014e-06 -1.14288e-05)
(-9.50824e-07 7.14379e-06 -1.32661e-05)
(-2.02298e-06 4.06179e-06 -1.00301e-05)
(-3.01195e-06 3.73665e-06 -8.90203e-06)
(-2.80131e-06 4.89849e-06 -9.51249e-06)
(-3.03186e-06 5.5693e-06 -1.15752e-05)
(-2.27011e-06 7.33938e-06 -1.2334e-05)
(-3.87451e-06 4.43393e-06 -1.18613e-05)
(-4.16066e-06 4.82388e-06 -1.14438e-05)
(-3.19738e-06 5.0445e-06 -9.60548e-06)
(-4.66658e-06 4.94413e-06 -1.0954e-05)
(-4.75027e-06 5.7402e-06 -1.19259e-05)
(-4.91398e-06 4.95789e-06 -1.06299e-05)
(-5.29869e-06 3.9347e-06 -9.94187e-06)
(-6.87983e-06 5.46308e-06 -1.04938e-05)
(-5.18723e-06 4.58128e-06 -1.03004e-05)
(-5.03586e-06 5.39987e-06 -1.16007e-05)
(1.63935e-06 3.2627e-06 -1.55076e-05)
(1.80994e-06 8.61408e-06 -1.30187e-05)
(2.59844e-07 7.43021e-06 -1.5622e-05)
(4.20161e-08 6.96062e-06 -1.75892e-05)
(-4.06563e-07 7.84038e-06 -1.56094e-05)
(-1.11359e-06 4.70448e-06 -1.33956e-05)
(-1.14746e-06 5.53252e-06 -1.34153e-05)
(-1.57224e-06 7.08188e-06 -1.51331e-05)
(-1.54474e-06 6.4679e-06 -1.6706e-05)
(-2.06087e-06 7.58361e-06 -1.81237e-05)
(-3.29666e-06 6.48734e-06 -1.47849e-05)
(-4.27038e-06 5.27601e-06 -1.53713e-05)
(-4.18701e-06 5.98445e-06 -1.50501e-05)
(-3.55623e-06 6.18693e-06 -1.65372e-05)
(-3.17786e-06 6.29057e-06 -1.7227e-05)
(-5.13503e-06 5.53537e-06 -1.63583e-05)
(-6.12059e-06 4.61259e-06 -1.59005e-05)
(-6.34433e-06 5.74751e-06 -1.59559e-05)
(-6.84907e-06 6.47189e-06 -1.62317e-05)
(-5.48513e-06 5.93903e-06 -1.56119e-05)
(-7.20733e-06 6.43436e-06 -1.71039e-05)
(-7.45953e-06 4.50492e-06 -1.6444e-05)
(-8.10213e-06 5.12437e-06 -1.68946e-05)
(-8.59418e-06 6.24581e-06 -1.78349e-05)
(-6.73552e-06 5.63958e-06 -1.67319e-05)
(5.53212e-06 6.74427e-07 -1.9028e-05)
(4.93642e-06 6.5936e-06 -1.60646e-05)
(2.80359e-06 5.81706e-06 -1.78168e-05)
(6.07409e-07 5.17196e-06 -1.95989e-05)
(-2.13945e-06 6.53865e-06 -1.82722e-05)
(1.95217e-06 2.29919e-06 -1.75082e-05)
(2.22843e-06 3.01829e-06 -1.55573e-05)
(-6.08087e-07 6.12716e-06 -1.69035e-05)
(-2.93782e-06 5.06982e-06 -1.85017e-05)
(-3.53399e-06 6.41609e-06 -1.96108e-05)
(-3.81648e-06 5.42522e-06 -1.7447e-05)
(-4.20696e-06 3.97545e-06 -1.73581e-05)
(-3.8576e-06 4.45141e-06 -1.73925e-05)
(-5.03831e-06 5.02741e-06 -1.83217e-05)
(-5.20239e-06 5.58278e-06 -1.8997e-05)
(-6.77549e-06 5.13616e-06 -2.05888e-05)
(-7.36213e-06 3.33117e-06 -1.90781e-05)
(-6.78526e-06 3.63685e-06 -1.99136e-05)
(-6.26563e-06 5.02709e-06 -1.81269e-05)
(-6.07819e-06 4.79394e-06 -2.0263e-05)
(-8.35808e-06 4.77203e-06 -2.02124e-05)
(-8.12526e-06 3.27819e-06 -1.91448e-05)
(-8.85401e-06 3.08433e-06 -1.93297e-05)
(-9.6832e-06 4.51917e-06 -1.99057e-05)
(-7.56852e-06 4.9921e-06 -2.02687e-05)
(6.74705e-06 -8.56829e-07 -2.0977e-05)
(6.31214e-06 -1.11719e-06 -1.76946e-05)
(6.6574e-06 9.56218e-07 -1.74711e-05)
(3.69362e-06 -1.9909e-07 -2.04812e-05)
(9.08142e-07 1.91349e-06 -2.47666e-05)
(2.98805e-06 1.03666e-06 -1.61839e-05)
(3.27161e-06 -6.30197e-07 -1.51251e-05)
(2.28304e-06 2.92091e-06 -1.52816e-05)
(-2.41658e-06 7.37681e-08 -1.9149e-05)
(-2.41599e-06 3.42358e-07 -2.1485e-05)
(-4.41875e-06 3.64002e-06 -2.05534e-05)
(-2.88913e-06 1.13813e-06 -1.71813e-05)
(-3.32802e-06 8.60994e-07 -1.63744e-05)
(-4.83513e-06 1.16067e-07 -1.88673e-05)
(-4.34049e-06 8.50366e-07 -2.12168e-05)
(-7.95243e-06 2.44218e-06 -2.23715e-05)
(-7.33716e-06 3.24733e-07 -2.03087e-05)
(-7.12861e-06 -4.87737e-07 -2.07266e-05)
(-6.6904e-06 2.49711e-07 -2.07817e-05)
(-5.99141e-06 2.13929e-07 -2.21317e-05)
(-7.5402e-06 1.81214e-06 -2.17255e-05)
(-7.91164e-06 5.78973e-08 -2.12785e-05)
(-9.04463e-06 -1.00613e-07 -2.01885e-05)
(-8.25806e-06 7.38128e-08 -2.24901e-05)
(-7.37472e-06 2.88636e-06 -2.39989e-05)
(7.03858e-06 -3.84865e-06 -1.98368e-05)
(8.02934e-06 -5.02225e-06 -1.73486e-05)
(9.06441e-06 -4.66492e-06 -1.56546e-05)
(6.67326e-06 -4.40605e-06 -1.88067e-05)
(5.57716e-06 -7.22326e-06 -2.03529e-05)
(5.87827e-06 -2.78925e-06 -1.96979e-05)
(3.72849e-06 -6.31115e-06 -1.67714e-05)
(3.00865e-06 -6.50056e-06 -1.46355e-05)
(7.30953e-07 -5.3035e-06 -1.79055e-05)
(-1.1237e-07 -4.6479e-06 -1.97829e-05)
(-3.2672e-07 -2.96535e-06 -2.06602e-05)
(-2.62157e-06 -5.77442e-06 -1.80912e-05)
(-2.71111e-06 -5.37218e-06 -1.4461e-05)
(-3.41899e-06 -6.55362e-06 -1.64997e-05)
(-2.74397e-06 -3.92789e-06 -2.00013e-05)
(-9.51462e-06 -5.36511e-06 -2.19301e-05)
(-7.34485e-06 -5.58406e-06 -2.04124e-05)
(-7.89329e-06 -5.91683e-06 -1.92298e-05)
(-7.25359e-06 -5.95031e-06 -1.94824e-05)
(-5.249e-06 -4.15115e-06 -2.11718e-05)
(-8.57363e-06 -2.17315e-06 -2.26439e-05)
(-8.23538e-06 -5.09687e-06 -2.13122e-05)
(-7.8749e-06 -6.19177e-06 -2.07822e-05)
(-7.28681e-06 -4.74747e-06 -2.27866e-05)
(-6.02547e-06 -7.56552e-06 -2.83048e-05)
(7.96976e-06 -7.85393e-06 -1.92485e-05)
(8.366e-06 -1.04857e-05 -1.59817e-05)
(9.39476e-06 -9.58277e-06 -1.32947e-05)
(7.94137e-06 -1.20619e-05 -1.56912e-05)
(6.95844e-06 -1.08486e-05 -1.7786e-05)
(3.59791e-06 -7.51981e-06 -1.69551e-05)
(3.0851e-06 -7.94639e-06 -1.26646e-05)
(4.86214e-06 -1.11838e-05 -1.02133e-05)
(3.83416e-06 -1.1975e-05 -1.48549e-05)
(3.64253e-06 -1.05684e-05 -1.87862e-05)
(-2.05208e-06 -9.63499e-06 -1.60618e-05)
(-5.65083e-06 -7.73218e-06 -1.63272e-05)
(-3.46134e-06 -1.54827e-05 -9.80926e-06)
(-2.09781e-06 -1.16072e-05 -1.57789e-05)
(1.13696e-06 -9.37409e-06 -1.99701e-05)
(-8.46175e-06 -1.10472e-05 -1.8823e-05)
(-9.90195e-06 -8.15203e-06 -2.02065e-05)
(-1.01506e-05 -1.01071e-05 -1.63563e-05)
(-6.59926e-06 -1.12732e-05 -1.81742e-05)
(-3.69824e-06 -1.13571e-05 -2.07932e-05)
(-7.87676e-06 -4.45805e-06 -2.21872e-05)
(-9.38134e-06 -6.9536e-06 -2.07648e-05)
(-6.68552e-06 -9.22378e-06 -2.13409e-05)
(-5.60077e-06 -1.22243e-05 -2.13715e-05)
(-3.24789e-06 -1.1206e-05 -2.60002e-05)
(6.32431e-06 -1.01039e-05 -1.98993e-05)
(6.93071e-06 -1.17481e-05 -1.44423e-05)
(8.70158e-06 -1.22053e-05 -8.75643e-06)
(9.06504e-06 -1.38957e-05 -1.21503e-05)
(9.92122e-06 -1.31867e-05 -1.4873e-05)
(-9.88611e-07 -9.63145e-06 -1.2966e-05)
(4.83904e-06 -1.2787e-05 -1.00541e-05)
(9.0216e-06 -1.79206e-05 -8.18709e-06)
(7.42175e-06 -1.39191e-05 -1.21614e-05)
(5.9335e-06 -1.1783e-05 -1.60804e-05)
(-6.23771e-06 -8.9301e-06 -1.39389e-05)
(-4.04482e-06 -1.08263e-05 -9.32824e-06)
(1.34551e-06 -2.22667e-05 -4.94804e-06)
(-3.70343e-08 -1.05149e-05 -1.13994e-05)
(1.00663e-06 -1.10677e-05 -1.80552e-05)
(-1.08805e-05 -9.45776e-06 -2.10312e-05)
(-8.60153e-06 -9.24153e-06 -1.91065e-05)
(-9.33485e-06 -1.08846e-05 -1.64457e-05)
(-6.18209e-06 -1.06398e-05 -1.53075e-05)
(-1.80427e-06 -1.22967e-05 -2.08125e-05)
(-6.66664e-06 -4.37994e-06 -2.1617e-05)
(-1.07897e-05 -8.52091e-06 -1.74404e-05)
(-9.53844e-06 -1.11532e-05 -2.10191e-05)
(-8.56505e-06 -1.38174e-05 -2.05371e-05)
(-3.52703e-06 -1.69954e-05 -2.80161e-05)
(-2.78107e-06 -7.14958e-06 -9.14179e-06)
(-5.05289e-06 -1.48573e-05 -5.4697e-06)
(3.28242e-07 -1.05697e-05 -2.01838e-06)
(5.98047e-06 -1.5418e-05 -1.06306e-05)
(1.43804e-05 -7.56308e-06 -1.51168e-05)
(-3.45487e-06 -8.91505e-06 -5.33537e-06)
(-7.94274e-06 -1.53328e-05 -4.64683e-06)
(7.63852e-07 -1.05683e-05 -1.29386e-05)
(5.36099e-06 -1.0359e-05 -1.44344e-05)
(1.20059e-05 -3.74964e-06 -1.5408e-05)
(8.13915e-07 -2.45226e-06 -7.4205e-06)
(-1.16742e-05 -9.64912e-06 -6.30753e-06)
(-4.84074e-06 -7.90839e-06 -1.12305e-05)
(-4.79545e-06 -6.10921e-06 -4.31657e-06)
(1.62381e-06 -5.62129e-06 -1.51676e-05)
(-1.13678e-05 4.73784e-06 -1.45246e-05)
(-1.65759e-05 -4.29392e-06 -1.42487e-05)
(-1.74127e-05 -1.30687e-05 -1.41811e-05)
(-1.90988e-05 -1.02435e-05 -1.09512e-05)
(-3.51975e-06 -8.73262e-06 -1.85533e-05)
(-1.28779e-05 5.16951e-06 -1.41815e-05)
(-1.94981e-05 -1.41667e-05 -1.96926e-05)
(-1.38771e-05 -8.82024e-06 -2.23299e-05)
(-1.07801e-05 -7.61177e-06 -2.18188e-05)
(-5.91489e-06 -9.27819e-06 -2.61728e-05)
(-4.95368e-06 -3.05947e-06 -2.7954e-07)
(-1.70337e-05 -1.53957e-05 1.81822e-06)
(-3.13692e-06 -1.42236e-05 -4.758e-06)
(1.54447e-05 -1.13205e-05 -1.75719e-05)
(3.85531e-05 -3.31638e-06 -1.61415e-05)
(-4.6085e-06 3.10702e-06 3.55975e-06)
(-2.24079e-05 -6.97363e-06 4.53615e-06)
(-1.52628e-05 -7.61035e-06 -2.32191e-05)
(-3.5584e-06 -1.54249e-05 -2.6583e-05)
(1.32415e-05 3.80443e-06 -1.42776e-05)
(-3.02337e-06 -1.52204e-06 2.24581e-06)
(-2.98819e-05 -2.74735e-07 -3.76332e-06)
(-2.57401e-05 -4.46375e-06 -2.05314e-05)
(-2.41282e-06 -1.32296e-05 -1.29499e-05)
(1.37728e-05 1.27204e-05 -1.61798e-05)
(-6.71093e-06 6.51404e-06 -7.20629e-06)
(-2.72308e-05 1.05244e-06 -1.23834e-05)
(-3.41602e-05 -7.38683e-06 -1.45501e-05)
(-1.19015e-05 -1.41479e-05 -8.13512e-06)
(2.19729e-06 2.62711e-06 -2.06529e-05)
(-1.72326e-05 1.63349e-05 -1.02767e-05)
(-1.33677e-05 9.27889e-06 -1.07281e-05)
(-2.19594e-05 -6.23439e-06 -2.23105e-05)
(-1.3148e-05 -1.00809e-05 -2.84172e-05)
(-4.93116e-06 -1.34276e-05 -2.81338e-05)
(-8.29529e-06 8.50026e-06 1.01954e-05)
(-3.22942e-06 2.07618e-05 1.27181e-06)
(1.75667e-05 -1.38326e-07 -2.21046e-05)
(2.90433e-05 4.19925e-06 -3.64826e-05)
(4.0623e-05 -5.88234e-07 -1.44003e-05)
(-2.02326e-05 1.13157e-05 3.18724e-06)
(-3.10127e-05 2.0699e-05 -4.58699e-07)
(-1.21458e-05 -1.06871e-07 -3.83851e-05)
(-3.29771e-07 -3.90468e-06 -4.38837e-05)
(2.82766e-05 -1.10602e-06 -1.94294e-05)
(-4.60008e-06 1.83538e-05 9.85213e-06)
(-1.20959e-05 2.14023e-05 -6.92204e-07)
(-2.59058e-05 -4.19438e-06 -2.97109e-05)
(-5.97302e-06 -1.25076e-05 -4.41716e-05)
(9.51047e-06 1.02281e-05 -2.68216e-05)
(-7.21345e-06 1.18575e-05 -6.50007e-06)
(-2.13683e-05 1.37397e-05 -9.06046e-06)
(-4.24268e-05 -1.20146e-05 -2.33009e-06)
(-2.4203e-05 -2.0074e-05 -7.42961e-06)
(-1.23113e-05 3.94322e-06 -2.54087e-05)
(-6.8324e-06 1.1997e-05 -1.99036e-05)
(-1.85086e-05 1.95593e-05 -1.89239e-05)
(-2.98727e-05 1.0156e-06 -2.54672e-05)
(-2.03928e-05 -1.74147e-05 -2.77625e-05)
(-2.25814e-05 -1.32987e-05 -3.231e-05)
(-1.24692e-05 2.65353e-05 1.12144e-05)
(-4.02443e-06 1.858e-05 4.81302e-06)
(1.36366e-05 2.04416e-05 -3.83695e-05)
(1.52242e-05 2.0083e-05 -3.80299e-05)
(2.80133e-05 8.83219e-06 -1.68419e-05)
(-1.70452e-05 2.43803e-05 7.43278e-06)
(7.83868e-07 2.56125e-05 -9.26963e-06)
(1.17134e-05 1.30028e-05 -5.28715e-05)
(-2.09e-06 3.90721e-07 -7.12691e-05)
(7.02362e-07 5.40779e-08 -4.17142e-05)
(2.77256e-06 1.77809e-05 1.42686e-05)
(1.10504e-05 2.95956e-05 2.10148e-06)
(-3.36715e-05 1.36356e-06 -5.6926e-05)
(-1.96457e-05 -4.91291e-05 -8.68738e-05)
(-2.31616e-05 -1.23565e-05 -4.29679e-05)
(3.5939e-06 1.50707e-05 -4.37587e-07)
(-2.23051e-05 1.88016e-05 -5.89986e-06)
(-6.76806e-05 8.78227e-06 -2.71817e-05)
(-3.57348e-05 -1.14303e-05 -1.35476e-05)
(-5.15505e-05 -4.55507e-06 -1.70835e-05)
(-1.8381e-05 2.14514e-05 -1.67052e-05)
(-2.27918e-05 3.93355e-05 -1.42573e-05)
(-5.51266e-05 3.07334e-05 -2.96598e-05)
(-4.71344e-05 1.19886e-05 -2.57995e-05)
(-4.44312e-05 -8.82877e-06 -2.05514e-05)
(0 0 0)
(0 0 0)
(0 0 0)
(0 0 0)
(0 0 0)
(0 0 0)
(0 0 0)
(9.15962e-06 2.75614e-06 -9.1415e-05)
(9.15962e-06 2.75614e-06 -9.1415e-05)
(0 0 0)
(0 0 0)
(0 0 0)
(-1.09944e-05 1.34063e-06 -7.89709e-05)
(-1.25943e-05 -7.83459e-05 -8.29583e-05)
(-2.34713e-05 -0.000118897 -7.873e-05)
(0 0 0)
(0 0 0)
(0 0 0)
(0 0 0)
(0 0 0)
(-1.87697e-05 1.93104e-05 -1.86336e-05)
(-2.46832e-05 4.78174e-05 -1.3901e-05)
(-6.53699e-05 5.08866e-05 -3.03885e-05)
(-7.89321e-05 5.19096e-05 -3.58844e-05)
(0 0 0)
(0 0 0)
(0 0 0)
(0 0 0)
(0 0 0)
(0 0 0)
(0 0 0)
(0 0 0)
(0 0 0)
(0 0 0)
(0 0 0)
(0 0 0)
(0 0 0)
(0 0 0)
(0 0 0)
(0 0 0)
(0 0 0)
(0 0 0)
(0 0 0)
(0 0 0)
(0 0 0)
(0 0 0)
(0 0 0)
(0 0 0)
(0 0 0)
(0 0 0)
(0 0 0)
(0 0 0)
(0 0 0)
(0 0 0)
(0 0 0)
(0 0 0)
(0 0 0)
(0 0 0)
(0 0 0)
(0 0 0)
(0 0 0)
(0 0 0)
(0 0 0)
(0 0 0)
(0 0 0)
(0 0 0)
(0 0 0)
(0 0 0)
(0 0 0)
(0 0 0)
(0 0 0)
(0 0 0)
(0 0 0)
(0 0 0)
(0 0 0)
(0 0 0)
(0 0 0)
(0 0 0)
(0 0 0)
(0 0 0)
(0 0 0)
(0 0 0)
(0 0 0)
(0 0 0)
(0 0 0)
(0 0 0)
(0 0 0)
(0 0 0)
(0 0 0)
(0 0 0)
(0 0 0)
(0 0 0)
(0 0 0)
(0 0 0)
(0 0 0)
(0 0 0)
(0 0 0)
(0 0 0)
(0 0 0)
(0 0 0)
(0 0 0)
(0 0 0)
(0 0 0)
(0 0 0)
(0 0 0)
(0 0 0)
(0 0 0)
(0 0 0)
(0 0 0)
(0 0 0)
(0 0 0)
(0 0 0)
(0 0 0)
(0 0 0)
(0 0 0)
(0 0 0)
(0 0 0)
(0 0 0)
(0 0 0)
(0 0 0)
(0 0 0)
(0 0 0)
(0 0 0)
(0 0 0)
(0 0 0)
(0 0 0)
(0 0 0)
(0 0 0)
(0 0 0)
(0 0 0)
(0 0 0)
(0 0 0)
(0 0 0)
(0 0 0)
(0 0 0)
(0 0 0)
(0 0 0)
(0 0 0)
(0 0 0)
(0 0 0)
(0 0 0)
(0 0 0)
(0 0 0)
(0 0 0)
(0 0 0)
(0 0 0)
(0 0 0)
(0 0 0)
(0 0 0)
(0 0 0)
(0 0 0)
(0 0 0)
(0 0 0)
(0 0 0)
(0 0 0)
(0 0 0)
(0 0 0)
(0 0 0)
(0 0 0)
(0 0 0)
(0 0 0)
(0 0 0)
(0 0 0)
(0 0 0)
(0 0 0)
(0 0 0)
(0 0 0)
(0 0 0)
(0 0 0)
(0 0 0)
(0 0 0)
(0 0 0)
(0 0 0)
(0 0 0)
(0 0 0)
(0 0 0)
(0 0 0)
(0 0 0)
(0 0 0)
(0 0 0)
(0 0 0)
(0 0 0)
(0 0 0)
(0 0 0)
(0 0 0)
(0 0 0)
(0 0 0)
(0 0 0)
(0 0 0)
(0 0 0)
(0 0 0)
(0 0 0)
(0 0 0)
(0 0 0)
(0 0 0)
(0 0 0)
(0 0 0)
(0 0 0)
(0 0 0)
(0 0 0)
(0 0 0)
(0 0 0)
(0 0 0)
(0 0 0)
(0 0 0)
(0 0 0)
(0 0 0)
(0 0 0)
(0 0 0)
(0 0 0)
(0 0 0)
(0 0 0)
(0 0 0)
(0 0 0)
(0 0 0)
(0 0 0)
(0 0 0)
(0 0 0)
(0 0 0)
(0 0 0)
(0 0 0)
(0 0 0)
(0 0 0)
(0 0 0)
(0 0 0)
(0 0 0)
(0 0 0)
(0 0 0)
(0 0 0)
(0 0 0)
(0 0 0)
(0 0 0)
(0 0 0)
(0 0 0)
(0 0 0)
(0 0 0)
(0 0 0)
(0 0 0)
(0 0 0)
(0 0 0)
(0 0 0)
(0 0 0)
(0 0 0)
(0 0 0)
(0 0 0)
(0 0 0)
(0 0 0)
(0 0 0)
(0 0 0)
(0 0 0)
(0 0 0)
(0 0 0)
(0 0 0)
(0 0 0)
(0 0 0)
(0 0 0)
(0 0 0)
(0 0 0)
(0 0 0)
(0 0 0)
(0 0 0)
(0 0 0)
(0 0 0)
(0 0 0)
(0 0 0)
(0 0 0)
(0 0 0)
(0 0 0)
(0 0 0)
(0 0 0)
(0 0 0)
(0 0 0)
(0 0 0)
(0 0 0)
(0 0 0)
(0 0 0)
(0 0 0)
(0 0 0)
(0 0 0)
(0 0 0)
(0 0 0)
(0 0 0)
(0 0 0)
(0 0 0)
(0 0 0)
(0 0 0)
(0 0 0)
(0 0 0)
(0 0 0)
(0 0 0)
(0 0 0)
(0 0 0)
(0 0 0)
(0 0 0)
(0 0 0)
(0 0 0)
(0 0 0)
(0 0 0)
(0 0 0)
(0 0 0)
(0 0 0)
(0 0 0)
(0 0 0)
(0 0 0)
(0 0 0)
(0 0 0)
(0 0 0)
(0 0 0)
(0 0 0)
(0 0 0)
(0 0 0)
(0 0 0)
(0 0 0)
(0 0 0)
(0 0 0)
(0 0 0)
(0 0 0)
(0 0 0)
(0 0 0)
(0 0 0)
(0 0 0)
(0 0 0)
(0 0 0)
(0 0 0)
(0 0 0)
(0 0 0)
(0 0 0)
(0 0 0)
(0 0 0)
(0 0 0)
(0 0 0)
(0 0 0)
(0 0 0)
(0 0 0)
(0 0 0)
(0 0 0)
(0 0 0)
(0 0 0)
(0 0 0)
(0 0 0)
(0 0 0)
(0 0 0)
(0 0 0)
(0 0 0)
(0 0 0)
(0 0 0)
(0 0 0)
(0 0 0)
(0 0 0)
(0 0 0)
(0 0 0)
(0 0 0)
(0 0 0)
(0 0 0)
(0 0 0)
(0 0 0)
(0 0 0)
(0 0 0)
(0 0 0)
(0 0 0)
(0 0 0)
(0 0 0)
(0 0 0)
(0 0 0)
(0 0 0)
(0 0 0)
(0 0 0)
(0 0 0)
(0 0 0)
(0 0 0)
(0 0 0)
(0 0 0)
(0 0 0)
(0 0 0)
(0 0 0)
(0 0 0)
(0 0 0)
(0 0 0)
(0 0 0)
(0 0 0)
(0 0 0)
(0 0 0)
(0 0 0)
(0 0 0)
(0 0 0)
(0 0 0)
(0 0 0)
(0 0 0)
(0 0 0)
(0 0 0)
(0 0 0)
(0 0 0)
(0 0 0)
(0 0 0)
(0 0 0)
(0 0 0)
(0 0 0)
(0 0 0)
(0 0 0)
(0 0 0)
(0 0 0)
(0 0 0)
(0 0 0)
(0 0 0)
(0 0 0)
(0 0 0)
(0 0 0)
(0 0 0)
(0 0 0)
(0 0 0)
(0 0 0)
(0 0 0)
(0 0 0)
(0 0 0)
(0 0 0)
(0 0 0)
(0 0 0)
(0 0 0)
(0 0 0)
(0 0 0)
(0 0 0)
(0 0 0)
(0 0 0)
(0 0 0)
(0 0 0)
(0 0 0)
(0 0 0)
(0 0 0)
(0 0 0)
(0 0 0)
(0 0 0)
(0 0 0)
(0 0 0)
(0 0 0)
(0 0 0)
(0 0 0)
(0 0 0)
(0 0 0)
(0 0 0)
(0 0 0)
(0 0 0)
(0 0 0)
(0 0 0)
(0 0 0)
(0 0 0)
(0 0 0)
(0 0 0)
(0 0 0)
(0 0 0)
(0 0 0)
(0 0 0)
(0 0 0)
(0 0 0)
(0 0 0)
(0 0 0)
(0 0 0)
(0 0 0)
(0 0 0)
(0 0 0)
(0 0 0)
(0 0 0)
(0 0 0)
(0 0 0)
(0 0 0)
(0 0 0)
(0 0 0)
(0 0 0)
(0 0 0)
(0 0 0)
(0 0 0)
(0 0 0)
(0 0 0)
(0 0 0)
(0 0 0)
(0 0 0)
(0 0 0)
(0 0 0)
(0 0 0)
(0 0 0)
(0 0 0)
(0 0 0)
(0 0 0)
(0 0 0)
(0 0 0)
(0 0 0)
(0 0 0)
(0 0 0)
(0 0 0)
(0 0 0)
(0 0 0)
(0 0 0)
(0 0 0)
(0 0 0)
(0 0 0)
(0 0 0)
(0 0 0)
(0 0 0)
(0 0 0)
(0 0 0)
(0 0 0)
(0 0 0)
(0 0 0)
(0 0 0)
(0 0 0)
(0 0 0)
(0 0 0)
(0 0 0)
(0 0 0)
(0 0 0)
(0 0 0)
(0 0 0)
(0 0 0)
(0 0 0)
(0 0 0)
(0 0 0)
(0 0 0)
(0 0 0)
(0 0 0)
(0 0 0)
(0 0 0)
(0 0 0)
(0 0 0)
(0 0 0)
(0 0 0)
(0 0 0)
(0 0 0)
(0 0 0)
(0 0 0)
(0 0 0)
(0 0 0)
(0 0 0)
(0 0 0)
(0 0 0)
(0 0 0)
(0 0 0)
(0 0 0)
(0 0 0)
(0 0 0)
(0 0 0)
(0 0 0)
(0 0 0)
(0 0 0)
(0 0 0)
(0 0 0)
(0 0 0)
(0 0 0)
(0 0 0)
(0 0 0)
(0 0 0)
(0 0 0)
(0 0 0)
(0 0 0)
(0 0 0)
(0 0 0)
(0 0 0)
(0 0 0)
(0 0 0)
(0 0 0)
(0 0 0)
(0 0 0)
(0 0 0)
(0 0 0)
(0 0 0)
(0 0 0)
(0 0 0)
(0 0 0)
(0 0 0)
(0 0 0)
(0 0 0)
(0 0 0)
(0 0 0)
(0 0 0)
(0 0 0)
(0 0 0)
(0 0 0)
(0 0 0)
(0 0 0)
(0 0 0)
(0 0 0)
(0 0 0)
(0 0 0)
(0 0 0)
(0 0 0)
(0 0 0)
(0 0 0)
(0 0 0)
(0 0 0)
(0 0 0)
(0 0 0)
(0 0 0)
(0 0 0)
(0 0 0)
(0 0 0)
(0 0 0)
(0 0 0)
(0 0 0)
(0 0 0)
(0 0 0)
(0 0 0)
(0 0 0)
(0 0 0)
(0 0 0)
(0 0 0)
(0 0 0)
(0 0 0)
(0 0 0)
(0 0 0)
(0 0 0)
(0 0 0)
(0 0 0)
(0 0 0)
(0 0 0)
(0 0 0)
(0 0 0)
(0 0 0)
(0 0 0)
(0 0 0)
(0 0 0)
(0 0 0)
(0 0 0)
(0 0 0)
(0 0 0)
(0 0 0)
(0 0 0)
(0 0 0)
(0 0 0)
(0 0 0)
(0 0 0)
(0 0 0)
(0 0 0)
(0 0 0)
(0 0 0)
(0 0 0)
(0 0 0)
(0 0 0)
(0 0 0)
(0 0 0)
(0 0 0)
(0 0 0)
(0 0 0)
(0 0 0)
(0 0 0)
(0 0 0)
(0 0 0)
(0 0 0)
(0 0 0)
(0 0 0)
(0 0 0)
(0 0 0)
(0 0 0)
(0 0 0)
(0 0 0)
(0 0 0)
(0 0 0)
(0 0 0)
(0 0 0)
(0 0 0)
(0 0 0)
(0 0 0)
(0 0 0)
(0 0 0)
(0 0 0)
(0 0 0)
(0 0 0)
(0 0 0)
(0 0 0)
(0 0 0)
(0 0 0)
(0 0 0)
(0 0 0)
(0 0 0)
(0 0 0)
(0 0 0)
(0 0 0)
(0 0 0)
(0 0 0)
(0 0 0)
(0 0 0)
(0 0 0)
(0 0 0)
(0 0 0)
(0 0 0)
(0 0 0)
(0 0 0)
(0 0 0)
(0 0 0)
(0 0 0)
(0 0 0)
(0 0 0)
(0 0 0)
(0 0 0)
(0 0 0)
(0 0 0)
(0 0 0)
(0 0 0)
(0 0 0)
(0 0 0)
(0 0 0)
(0 0 0)
(0 0 0)
(0 0 0)
(0 0 0)
(0 0 0)
(0 0 0)
(0 0 0)
(0 0 0)
(0 0 0)
(0 0 0)
(0 0 0)
(0 0 0)
(0 0 0)
(0 0 0)
(0 0 0)
(0 0 0)
(0 0 0)
(0 0 0)
(0 0 0)
(0 0 0)
(0 0 0)
(0 0 0)
(0 0 0)
(0 0 0)
(0 0 0)
(0 0 0)
(0 0 0)
(0 0 0)
(0 0 0)
(0 0 0)
(0 0 0)
(0 0 0)
(0 0 0)
(0 0 0)
(0 0 0)
(0 0 0)
(0 0 0)
(0 0 0)
(0 0 0)
(0 0 0)
(0 0 0)
(0 0 0)
(0 0 0)
(0 0 0)
(0 0 0)
(0 0 0)
(0 0 0)
(0 0 0)
(0 0 0)
(0 0 0)
(0 0 0)
(0 0 0)
(0 0 0)
(0 0 0)
(0 0 0)
(0 0 0)
(0 0 0)
(0 0 0)
(0 0 0)
(0 0 0)
(0 0 0)
(0 0 0)
(0 0 0)
(0 0 0)
(0 0 0)
(0 0 0)
(0 0 0)
(0 0 0)
(0 0 0)
(0 0 0)
(0 0 0)
(0 0 0)
(0 0 0)
(0 0 0)
(0 0 0)
(0 0 0)
(0 0 0)
(0 0 0)
(0 0 0)
(0 0 0)
(0 0 0)
(0 0 0)
(0 0 0)
(0 0 0)
(0 0 0)
(0 0 0)
(0 0 0)
(0 0 0)
(0 0 0)
(0 0 0)
(0 0 0)
(0 0 0)
(0 0 0)
(0 0 0)
(0 0 0)
(0 0 0)
(0 0 0)
(0 0 0)
(0 0 0)
(0 0 0)
(0 0 0)
(0 0 0)
(0 0 0)
(0 0 0)
(0 0 0)
(0 0 0)
(0 0 0)
(0 0 0)
(0 0 0)
(0 0 0)
(0 0 0)
(0 0 0)
(0 0 0)
(0 0 0)
(0 0 0)
(0 0 0)
(0 0 0)
(0 0 0)
(0 0 0)
(0 0 0)
(0 0 0)
(0 0 0)
(0 0 0)
(0 0 0)
(0 0 0)
(0 0 0)
(0 0 0)
(0 0 0)
(0 0 0)
(0 0 0)
(0 0 0)
(0 0 0)
(0 0 0)
(0 0 0)
(0 0 0)
(0 0 0)
(0 0 0)
(0 0 0)
(0 0 0)
(0 0 0)
(0 0 0)
(0 0 0)
(0 0 0)
(0 0 0)
(0 0 0)
(0 0 0)
(0 0 0)
(0 0 0)
(0 0 0)
(0 0 0)
(0 0 0)
(0 0 0)
(0 0 0)
(0 0 0)
(0 0 0)
(0 0 0)
(0 0 0)
(0 0 0)
(0 0 0)
(0 0 0)
(0 0 0)
(0 0 0)
(0 0 0)
(0 0 0)
(0 0 0)
(0 0 0)
(0 0 0)
(0 0 0)
(0 0 0)
(0 0 0)
(0 0 0)
(0 0 0)
(0 0 0)
(0 0 0)
(0 0 0)
(0 0 0)
(0 0 0)
(0 0 0)
(0 0 0)
(0 0 0)
(0 0 0)
(0 0 0)
(0 0 0)
(0 0 0)
(0 0 0)
(0 0 0)
(0 0 0)
(0 0 0)
(0 0 0)
(0 0 0)
(0 0 0)
(0 0 0)
(0 0 0)
(0 0 0)
(0 0 0)
(0 0 0)
(0 0 0)
(0 0 0)
(0 0 0)
(0 0 0)
(0 0 0)
(0 0 0)
(0 0 0)
(0 0 0)
(0 0 0)
(0 0 0)
(0 0 0)
(0 0 0)
(0 0 0)
(0 0 0)
(0 0 0)
(0 0 0)
(0 0 0)
(0 0 0)
(0 0 0)
(0 0 0)
(0 0 0)
(0 0 0)
(0 0 0)
(0 0 0)
(0 0 0)
(0 0 0)
(0 0 0)
(0 0 0)
(0 0 0)
(0 0 0)
(0 0 0)
(0 0 0)
(0 0 0)
(0 0 0)
(0 0 0)
(0 0 0)
(0 0 0)
(0 0 0)
(0 0 0)
(0 0 0)
(0 0 0)
(0 0 0)
(0 0 0)
(0 0 0)
(0 0 0)
(0 0 0)
(0 0 0)
(0 0 0)
(0 0 0)
(0 0 0)
(0 0 0)
(0 0 0)
(0 0 0)
(0 0 0)
(0 0 0)
(0 0 0)
)
;

boundaryField
{
    inlet
    {
        type            fixedValue;
        value           uniform (0 0 0);
    }
    outlet
    {
        type            fixedValue;
        value           uniform (0 0 0);
    }
    repeat_boundary
    {
        type            fixedValue;
        value           uniform (0 0 0);
    }
    procBoundary0to1
    {
        type            processor;
        value           nonuniform List<vector> 
450
(
(0 0 0)
(0 0 0)
(0 0 0)
(0 0 0)
(0 0 0)
(0 0 0)
(0 0 0)
(0 0 0)
(0 0 0)
(0 0 0)
(0 0 0)
(0 0 0)
(0 0 0)
(0 0 0)
(0 0 0)
(0 0 0)
(0 0 0)
(0 0 0)
(0 0 0)
(0 0 0)
(0 0 0)
(0 0 0)
(0 0 0)
(0 0 0)
(0 0 0)
(0 0 0)
(0 0 0)
(0 0 0)
(0 0 0)
(0 0 0)
(0 0 0)
(0 0 0)
(0 0 0)
(0 0 0)
(0 0 0)
(0 0 0)
(0 0 0)
(0 0 0)
(0 0 0)
(0 0 0)
(0 0 0)
(0 0 0)
(0 0 0)
(0 0 0)
(0 0 0)
(0 0 0)
(0 0 0)
(0 0 0)
(0 0 0)
(0 0 0)
(0 0 0)
(0 0 0)
(0 0 0)
(0 0 0)
(0 0 0)
(0 0 0)
(0 0 0)
(0 0 0)
(0 0 0)
(0 0 0)
(0 0 0)
(0 0 0)
(0 0 0)
(0 0 0)
(0 0 0)
(0 0 0)
(0 0 0)
(0 0 0)
(0 0 0)
(0 0 0)
(0 0 0)
(0 0 0)
(0 0 0)
(0 0 0)
(0 0 0)
(0 0 0)
(0 0 0)
(0 0 0)
(0 0 0)
(0 0 0)
(0 0 0)
(0 0 0)
(0 0 0)
(0 0 0)
(0 0 0)
(0 0 0)
(0 0 0)
(0 0 0)
(0 0 0)
(0 0 0)
(0 0 0)
(0 0 0)
(0 0 0)
(0 0 0)
(0 0 0)
(0 0 0)
(0 0 0)
(0 0 0)
(0 0 0)
(0 0 0)
(0 0 0)
(0 0 0)
(0 0 0)
(0 0 0)
(0 0 0)
(0 0 0)
(0 0 0)
(0 0 0)
(0 0 0)
(0 0 0)
(0 0 0)
(0 0 0)
(0 0 0)
(0 0 0)
(0 0 0)
(0 0 0)
(0 0 0)
(0 0 0)
(0 0 0)
(0 0 0)
(0 0 0)
(0 0 0)
(0 0 0)
(0 0 0)
(0 0 0)
(0 0 0)
(0 0 0)
(0 0 0)
(0 0 0)
(0 0 0)
(0 0 0)
(0 0 0)
(0 0 0)
(0 0 0)
(0 0 0)
(0 0 0)
(0 0 0)
(0 0 0)
(0 0 0)
(0 0 0)
(0 0 0)
(0 0 0)
(0 0 0)
(0 0 0)
(0 0 0)
(0 0 0)
(0 0 0)
(0 0 0)
(0 0 0)
(0 0 0)
(0 0 0)
(0 0 0)
(0 0 0)
(0 0 0)
(0 0 0)
(0 0 0)
(0 0 0)
(0 0 0)
(0 0 0)
(0 0 0)
(0 0 0)
(0 0 0)
(0 0 0)
(0 0 0)
(0 0 0)
(0 0 0)
(0 0 0)
(0 0 0)
(0 0 0)
(0 0 0)
(0 0 0)
(0 0 0)
(0 0 0)
(0 0 0)
(0 0 0)
(0 0 0)
(0 0 0)
(0 0 0)
(0 0 0)
(0 0 0)
(0 0 0)
(0 0 0)
(0 0 0)
(0 0 0)
(0 0 0)
(0 0 0)
(0 0 0)
(0 0 0)
(0 0 0)
(0 0 0)
(0 0 0)
(0 0 0)
(0 0 0)
(0 0 0)
(0 0 0)
(0 0 0)
(0 0 0)
(0 0 0)
(0 0 0)
(0 0 0)
(-5.5616e-08 7.52264e-07 -5.03781e-06)
(-2.41437e-07 3.56248e-06 -4.55812e-06)
(-8.78832e-07 2.72377e-06 -4.60127e-06)
(-1.96378e-06 3.90905e-06 -4.92847e-06)
(-2.53369e-06 2.83075e-06 -5.1789e-06)
(-2.62145e-07 4.84865e-06 -1.11728e-05)
(-1.66586e-06 5.80722e-06 -1.23822e-05)
(-3.28547e-06 5.1202e-06 -9.11234e-06)
(-4.04084e-06 6.81386e-06 -1.14829e-05)
(-4.37507e-06 5.94303e-06 -9.20679e-06)
(2.42005e-07 1.04755e-05 -1.73408e-05)
(-2.06402e-06 9.50094e-06 -1.9103e-05)
(-3.92321e-06 7.32831e-06 -1.74477e-05)
(-4.84858e-06 6.00438e-06 -1.82936e-05)
(-5.12932e-06 6.69564e-06 -1.96687e-05)
(-1.7608e-07 8.38549e-06 -2.2275e-05)
(-2.54595e-06 6.11182e-06 -2.32147e-05)
(-5.22752e-06 6.03497e-06 -2.04833e-05)
(-5.5008e-06 6.34966e-06 -2.19563e-05)
(-6.10376e-06 3.8015e-06 -2.27445e-05)
(-1.01343e-06 1.33383e-06 -2.26966e-05)
(-1.61329e-06 1.27191e-06 -2.43843e-05)
(-3.14374e-06 1.71808e-06 -2.41432e-05)
(-5.81589e-06 1.87996e-06 -2.42944e-05)
(-6.28999e-06 2.70118e-06 -2.5126e-05)
(2.64172e-06 -4.82236e-06 -2.28763e-05)
(1.40445e-06 -4.37772e-06 -2.27175e-05)
(1.94493e-08 -3.80649e-06 -2.35653e-05)
(-4.16228e-06 -3.72597e-06 -2.51222e-05)
(-5.2695e-06 -2.50034e-06 -2.67924e-05)
(9.1406e-06 -1.20766e-05 -2.26065e-05)
(4.92969e-06 -1.30604e-05 -2.23494e-05)
(1.81604e-06 -8.16687e-06 -2.34301e-05)
(-8.67009e-07 -8.78397e-06 -2.4558e-05)
(-3.61334e-06 -7.54135e-06 -2.68204e-05)
(1.25496e-05 -1.35703e-05 -2.0202e-05)
(9.5724e-06 -1.04908e-05 -1.87737e-05)
(5.05981e-06 -1.11453e-05 -2.20779e-05)
(-3.17745e-08 -9.15087e-06 -2.48272e-05)
(-2.80735e-06 -1.18443e-05 -2.61479e-05)
(1.30194e-05 -1.88358e-05 -2.0834e-05)
(1.01012e-05 4.43832e-07 -2.1992e-05)
(1.14196e-05 -1.35639e-06 -2.18348e-05)
(1.54338e-06 -5.04551e-06 -2.37282e-05)
(-1.91078e-06 -1.11707e-05 -2.54309e-05)
(1.8049e-05 -1.14854e-05 -2.4476e-05)
(2.16201e-05 1.13697e-05 -2.18799e-05)
(1.64836e-05 9.00642e-06 -2.17178e-05)
(7.52479e-06 -1.52676e-07 -2.04948e-05)
(-4.55082e-06 -1.29951e-05 -1.91161e-05)
(1.02972e-05 4.19435e-05 -1.05657e-06)
(3.60583e-05 2.20704e-05 -2.39937e-05)
(2.04421e-05 2.08799e-05 -1.454e-05)
(6.77855e-06 -4.25756e-06 -1.30762e-05)
(-6.439e-06 -1.88722e-05 -9.40689e-06)
(2.35003e-06 5.67428e-05 2.7788e-05)
(6.68419e-05 5.35523e-05 -2.3563e-05)
(1.96907e-05 2.22754e-05 -1.4093e-05)
(2.36298e-05 6.09282e-06 -1.16962e-05)
(-7.42907e-06 -2.99263e-05 7.24738e-06)
(0 0 0)
(0 0 0)
(0 0 0)
(0 0 0)
(0 0 0)
(0 0 0)
(0 0 0)
(0 0 0)
(0 0 0)
(0 0 0)
(0 0 0)
(0 0 0)
(0 0 0)
(0 0 0)
(0 0 0)
(0 0 0)
(0 0 0)
(0 0 0)
(0 0 0)
(0 0 0)
(0 0 0)
(0 0 0)
(0 0 0)
(0 0 0)
(0 0 0)
(0 0 0)
(0 0 0)
(0 0 0)
(0 0 0)
(0 0 0)
(0 0 0)
(0 0 0)
(0 0 0)
(0 0 0)
(0 0 0)
(0 0 0)
(0 0 0)
(0 0 0)
(0 0 0)
(0 0 0)
(0 0 0)
(0 0 0)
(0 0 0)
(0 0 0)
(0 0 0)
(0 0 0)
(0 0 0)
(0 0 0)
(0 0 0)
(0 0 0)
(0 0 0)
(0 0 0)
(0 0 0)
(0 0 0)
(0 0 0)
(0 0 0)
(0 0 0)
(0 0 0)
(0 0 0)
(0 0 0)
(0 0 0)
(0 0 0)
(0 0 0)
(0 0 0)
(0 0 0)
(0 0 0)
(0 0 0)
(0 0 0)
(0 0 0)
(0 0 0)
(0 0 0)
(0 0 0)
(0 0 0)
(0 0 0)
(0 0 0)
(0 0 0)
(0 0 0)
(0 0 0)
(0 0 0)
(0 0 0)
(0 0 0)
(0 0 0)
(0 0 0)
(0 0 0)
(0 0 0)
(0 0 0)
(0 0 0)
(0 0 0)
(0 0 0)
(0 0 0)
(0 0 0)
(0 0 0)
(0 0 0)
(0 0 0)
(0 0 0)
(0 0 0)
(0 0 0)
(0 0 0)
(0 0 0)
(0 0 0)
(0 0 0)
(0 0 0)
(0 0 0)
(0 0 0)
(0 0 0)
(0 0 0)
(0 0 0)
(0 0 0)
(0 0 0)
(0 0 0)
(0 0 0)
(0 0 0)
(0 0 0)
(0 0 0)
(0 0 0)
(0 0 0)
(0 0 0)
(0 0 0)
(0 0 0)
(0 0 0)
(0 0 0)
(0 0 0)
(0 0 0)
(0 0 0)
(0 0 0)
(0 0 0)
(0 0 0)
(0 0 0)
(0 0 0)
(0 0 0)
(0 0 0)
(0 0 0)
(0 0 0)
(0 0 0)
(0 0 0)
(0 0 0)
(0 0 0)
(0 0 0)
(0 0 0)
(0 0 0)
(0 0 0)
(0 0 0)
(0 0 0)
(0 0 0)
(0 0 0)
(0 0 0)
(0 0 0)
(0 0 0)
(0 0 0)
(0 0 0)
(0 0 0)
(0 0 0)
(0 0 0)
(0 0 0)
(0 0 0)
(0 0 0)
(0 0 0)
(0 0 0)
(0 0 0)
(0 0 0)
(0 0 0)
(0 0 0)
(0 0 0)
(0 0 0)
(0 0 0)
(0 0 0)
(0 0 0)
(0 0 0)
(0 0 0)
(0 0 0)
(0 0 0)
(0 0 0)
(0 0 0)
(0 0 0)
(0 0 0)
(0 0 0)
(0 0 0)
(0 0 0)
(0 0 0)
(0 0 0)
(0 0 0)
(0 0 0)
(0 0 0)
(0 0 0)
(0 0 0)
(0 0 0)
(0 0 0)
(0 0 0)
(0 0 0)
(0 0 0)
)
;
    }
    procBoundary0to2
    {
        type            processor;
        value           nonuniform List<vector> 
450
(
(0 0 0)
(0 0 0)
(0 0 0)
(0 0 0)
(0 0 0)
(0 0 0)
(0 0 0)
(0 0 0)
(0 0 0)
(0 0 0)
(0 0 0)
(0 0 0)
(0 0 0)
(0 0 0)
(0 0 0)
(0 0 0)
(0 0 0)
(0 0 0)
(0 0 0)
(0 0 0)
(0 0 0)
(0 0 0)
(0 0 0)
(0 0 0)
(0 0 0)
(0 0 0)
(0 0 0)
(0 0 0)
(0 0 0)
(0 0 0)
(0 0 0)
(0 0 0)
(0 0 0)
(0 0 0)
(0 0 0)
(0 0 0)
(0 0 0)
(0 0 0)
(0 0 0)
(0 0 0)
(0 0 0)
(0 0 0)
(0 0 0)
(0 0 0)
(0 0 0)
(0 0 0)
(0 0 0)
(0 0 0)
(0 0 0)
(0 0 0)
(0 0 0)
(0 0 0)
(0 0 0)
(0 0 0)
(0 0 0)
(0 0 0)
(0 0 0)
(0 0 0)
(0 0 0)
(0 0 0)
(0 0 0)
(0 0 0)
(0 0 0)
(0 0 0)
(0 0 0)
(0 0 0)
(0 0 0)
(0 0 0)
(0 0 0)
(0 0 0)
(0 0 0)
(0 0 0)
(0 0 0)
(0 0 0)
(0 0 0)
(0 0 0)
(0 0 0)
(0 0 0)
(0 0 0)
(0 0 0)
(0 0 0)
(0 0 0)
(0 0 0)
(0 0 0)
(0 0 0)
(0 0 0)
(0 0 0)
(0 0 0)
(0 0 0)
(0 0 0)
(0 0 0)
(0 0 0)
(0 0 0)
(0 0 0)
(0 0 0)
(0 0 0)
(0 0 0)
(0 0 0)
(0 0 0)
(0 0 0)
(0 0 0)
(0 0 0)
(0 0 0)
(0 0 0)
(0 0 0)
(0 0 0)
(0 0 0)
(0 0 0)
(0 0 0)
(0 0 0)
(0 0 0)
(0 0 0)
(0 0 0)
(0 0 0)
(0 0 0)
(0 0 0)
(0 0 0)
(0 0 0)
(0 0 0)
(0 0 0)
(0 0 0)
(0 0 0)
(0 0 0)
(0 0 0)
(0 0 0)
(0 0 0)
(0 0 0)
(0 0 0)
(0 0 0)
(0 0 0)
(0 0 0)
(0 0 0)
(0 0 0)
(0 0 0)
(0 0 0)
(0 0 0)
(0 0 0)
(0 0 0)
(0 0 0)
(0 0 0)
(0 0 0)
(0 0 0)
(0 0 0)
(0 0 0)
(0 0 0)
(0 0 0)
(0 0 0)
(0 0 0)
(0 0 0)
(0 0 0)
(0 0 0)
(0 0 0)
(0 0 0)
(0 0 0)
(0 0 0)
(0 0 0)
(0 0 0)
(0 0 0)
(0 0 0)
(0 0 0)
(0 0 0)
(0 0 0)
(0 0 0)
(0 0 0)
(0 0 0)
(0 0 0)
(0 0 0)
(0 0 0)
(0 0 0)
(0 0 0)
(0 0 0)
(0 0 0)
(0 0 0)
(0 0 0)
(0 0 0)
(0 0 0)
(0 0 0)
(0 0 0)
(0 0 0)
(0 0 0)
(0 0 0)
(0 0 0)
(0 0 0)
(0 0 0)
(0 0 0)
(0 0 0)
(0 0 0)
(0 0 0)
(0 0 0)
(0 0 0)
(0 0 0)
(0 0 0)
(0 0 0)
(0 0 0)
(0 0 0)
(0 0 0)
(0 0 0)
(0 0 0)
(0 0 0)
(0 0 0)
(-2.62197e-06 4.16387e-07 -5.57768e-06)
(-2.63715e-06 1.74154e-06 -5.33682e-06)
(-3.21599e-06 2.13449e-06 -6.00572e-06)
(-2.93933e-06 1.72439e-06 -3.84629e-06)
(-2.75606e-06 2.37538e-06 -5.08094e-06)
(-4.17963e-06 -2.24171e-06 -7.12084e-06)
(-5.50672e-06 4.80162e-06 -1.13814e-05)
(-5.33136e-06 5.20838e-06 -8.80445e-06)
(-4.88644e-06 4.46607e-06 -1.00408e-05)
(-4.55961e-06 4.27007e-06 -9.19202e-06)
(-6.11244e-06 5.68729e-06 -1.56898e-05)
(-7.28681e-06 4.22818e-06 -1.57921e-05)
(-5.73701e-06 6.70245e-06 -1.21165e-05)
(-5.52505e-06 6.07979e-06 -1.55972e-05)
(-5.31416e-06 5.42704e-06 -1.75094e-05)
(-6.70022e-06 4.8221e-06 -2.00258e-05)
(-7.41221e-06 2.58273e-06 -2.05871e-05)
(-9.01988e-06 3.64151e-06 -2.17481e-05)
(-7.48441e-06 4.24512e-06 -2.10343e-05)
(-5.09039e-06 3.29452e-06 -2.38183e-05)
(-3.18334e-06 2.17208e-06 -2.33955e-05)
(-5.53438e-06 5.98903e-07 -2.22495e-05)
(-8.26661e-06 2.12658e-06 -2.16801e-05)
(-7.61312e-06 8.82095e-07 -2.30388e-05)
(-5.50468e-06 -6.95747e-07 -2.62648e-05)
(-5.32739e-06 -1.04859e-06 -2.40741e-05)
(-5.9163e-06 -2.44539e-07 -2.31309e-05)
(-6.82529e-06 -2.05605e-06 -2.3355e-05)
(-4.51339e-06 -8.04289e-06 -2.43035e-05)
(-4.88755e-06 -6.25448e-06 -2.71912e-05)
(-3.24193e-06 -6.47693e-06 -2.70096e-05)
(-6.54937e-06 -5.94123e-06 -2.34289e-05)
(-6.8985e-06 -9.24165e-06 -2.70318e-05)
(-4.4731e-06 -1.23746e-05 -2.75352e-05)
(-2.941e-06 -1.33456e-05 -2.74983e-05)
(-9.00614e-06 -4.4269e-06 -2.61662e-05)
(-5.38964e-06 -5.21398e-06 -2.30834e-05)
(-7.09024e-06 -1.03253e-05 -2.50216e-05)
(-7.13128e-06 -1.21016e-05 -2.87738e-05)
(-4.01695e-06 -1.33594e-05 -2.63082e-05)
(-1.09678e-05 2.10591e-07 -2.39147e-05)
(-8.90573e-06 1.75266e-06 -1.68656e-05)
(-9.37171e-06 -9.11641e-06 -2.96269e-05)
(-6.8823e-06 -1.09084e-05 -2.99297e-05)
(-4.34891e-06 -1.29912e-05 -2.73893e-05)
(-1.14776e-05 1.97457e-05 -1.04632e-05)
(-5.83904e-06 9.15253e-06 -1.97178e-05)
(-5.75298e-06 -8.99029e-06 -3.39467e-05)
(-1.03092e-05 -1.48732e-05 -3.27917e-05)
(-3.05627e-06 -2.19226e-05 -1.99407e-05)
(-1.57166e-06 2.0891e-05 -1.78894e-05)
(6.82422e-07 1.72528e-05 -1.97516e-05)
(1.4027e-06 -1.07657e-05 -3.84678e-05)
(-1.47481e-05 -2.09261e-05 -2.38092e-05)
(2.39137e-06 -2.90406e-05 -1.17812e-05)
(1.23496e-05 1.04802e-05 -2.21063e-05)
(2.2431e-05 5.44605e-05 -3.83588e-05)
(-1.09539e-05 1.52132e-05 -4.34703e-05)
(-1.3197e-05 -1.58773e-05 -3.86029e-05)
(-2.54806e-05 -4.06926e-05 -2.96769e-05)
(0 0 0)
(0 0 0)
(-1.40051e-05 1.98155e-05 -4.13378e-05)
(-1.29817e-06 4.98999e-06 -5.52279e-05)
(-4.42736e-05 -5.18513e-05 -2.95236e-05)
(0 0 0)
(0 0 0)
(0 0 0)
(0 0 0)
(0 0 0)
(0 0 0)
(0 0 0)
(0 0 0)
(0 0 0)
(0 0 0)
(0 0 0)
(0 0 0)
(0 0 0)
(0 0 0)
(0 0 0)
(0 0 0)
(0 0 0)
(0 0 0)
(0 0 0)
(0 0 0)
(0 0 0)
(0 0 0)
(0 0 0)
(0 0 0)
(0 0 0)
(0 0 0)
(0 0 0)
(0 0 0)
(0 0 0)
(0 0 0)
(0 0 0)
(0 0 0)
(0 0 0)
(0 0 0)
(0 0 0)
(0 0 0)
(0 0 0)
(0 0 0)
(0 0 0)
(0 0 0)
(0 0 0)
(0 0 0)
(0 0 0)
(0 0 0)
(0 0 0)
(0 0 0)
(0 0 0)
(0 0 0)
(0 0 0)
(0 0 0)
(0 0 0)
(0 0 0)
(0 0 0)
(0 0 0)
(0 0 0)
(0 0 0)
(0 0 0)
(0 0 0)
(0 0 0)
(0 0 0)
(0 0 0)
(0 0 0)
(0 0 0)
(0 0 0)
(0 0 0)
(0 0 0)
(0 0 0)
(0 0 0)
(0 0 0)
(0 0 0)
(0 0 0)
(0 0 0)
(0 0 0)
(0 0 0)
(0 0 0)
(0 0 0)
(0 0 0)
(0 0 0)
(0 0 0)
(0 0 0)
(0 0 0)
(0 0 0)
(0 0 0)
(0 0 0)
(0 0 0)
(0 0 0)
(0 0 0)
(0 0 0)
(0 0 0)
(0 0 0)
(0 0 0)
(0 0 0)
(0 0 0)
(0 0 0)
(0 0 0)
(0 0 0)
(0 0 0)
(0 0 0)
(0 0 0)
(0 0 0)
(0 0 0)
(0 0 0)
(0 0 0)
(0 0 0)
(0 0 0)
(0 0 0)
(0 0 0)
(0 0 0)
(0 0 0)
(0 0 0)
(0 0 0)
(0 0 0)
(0 0 0)
(0 0 0)
(0 0 0)
(0 0 0)
(0 0 0)
(0 0 0)
(0 0 0)
(0 0 0)
(0 0 0)
(0 0 0)
(0 0 0)
(0 0 0)
(0 0 0)
(0 0 0)
(0 0 0)
(0 0 0)
(0 0 0)
(0 0 0)
(0 0 0)
(0 0 0)
(0 0 0)
(0 0 0)
(0 0 0)
(0 0 0)
(0 0 0)
(0 0 0)
(0 0 0)
(0 0 0)
(0 0 0)
(0 0 0)
(0 0 0)
(0 0 0)
(0 0 0)
(0 0 0)
(0 0 0)
(0 0 0)
(0 0 0)
(0 0 0)
(0 0 0)
(0 0 0)
(0 0 0)
(0 0 0)
(0 0 0)
(0 0 0)
(0 0 0)
(0 0 0)
(0 0 0)
(0 0 0)
(0 0 0)
(0 0 0)
(0 0 0)
(0 0 0)
(0 0 0)
(0 0 0)
(0 0 0)
(0 0 0)
(0 0 0)
(0 0 0)
(0 0 0)
(0 0 0)
(0 0 0)
(0 0 0)
(0 0 0)
(0 0 0)
(0 0 0)
(0 0 0)
(0 0 0)
(0 0 0)
(0 0 0)
(0 0 0)
(0 0 0)
(0 0 0)
(0 0 0)
)
;
    }
}


// ************************************************************************* //
