/*--------------------------------*- C++ -*----------------------------------*\
| =========                 |                                                 |
| \\      /  F ield         | OpenFOAM: The Open Source CFD Toolbox           |
|  \\    /   O peration     | Version:  5.x                                   |
|   \\  /    A nd           | Web:      www.OpenFOAM.org                      |
|    \\/     M anipulation  |                                                 |
\*---------------------------------------------------------------------------*/
FoamFile
{
    version     2.0;
    format      ascii;
    class       surfaceScalarField;
    location    "80000";
    object      phi;
}
// * * * * * * * * * * * * * * * * * * * * * * * * * * * * * * * * * * * * * //

dimensions      [0 3 -1 0 0 0 0];

internalField   nonuniform List<scalar> 
5825
(
-0.000123732
7.29141e-05
-1000
-0.000104225
6.57006e-05
-1000
-7.40749e-05
6.36432e-05
-1000
-3.85957e-05
6.38848e-05
-1000
6.36147e-05
-1000
-0.000129491
0.000126028
-1000
-0.000107797
0.000115656
-1000
-7.38975e-05
0.000115679
-1000
-3.80078e-05
0.000117755
-1000
0.000116905
-1000
-0.000125222
0.000166602
-1000
-0.000102101
0.000159397
-1000
-7.27315e-05
0.000161539
-1000
-3.85113e-05
0.000160517
-1000
0.000157828
-1000
-0.000131373
0.000224077
-1000
-0.000103576
0.00019821
-1000
-7.6555e-05
0.000196406
-1000
-3.98302e-05
0.000189909
-1000
0.000188279
-1000
-0.000153727
-1000
-0.000104517
-1000
-8.35622e-05
-1000
-4.77867e-05
-1000
-1000
-0.000324054
0.000195545
-1000
-0.000277189
0.000178855
-1000
-0.000195036
0.000174318
-1000
-0.00010249
0.000176153
-1000
0.000173604
-1000
-0.000335212
0.000336547
-1000
-0.000276415
0.000317499
-1000
-0.000194827
0.000319101
-1000
-0.000101942
0.00032022
-1000
0.000316102
-1000
-0.000324131
0.000461135
-1000
-0.000268455
0.000439905
-1000
-0.00019486
0.000442742
-1000
-0.000102724
0.000436723
-1000
0.000434442
-1000
-0.000321936
0.000633769
-1000
-0.000270925
0.00055217
-1000
-0.000200806
0.000533656
-1000
-0.00010887
0.000516462
-1000
0.000514928
-1000
-0.000377688
-1000
-0.000277301
-1000
-0.00020979
-1000
-0.000110942
-1000
-1000
-0.000513297
0.000333125
-1000
-0.000437642
0.000314861
-1000
-0.000315281
0.000312873
-1000
-0.000165418
0.000310569
-1000
0.000303231
-1000
-0.000517893
0.000581508
-1000
-0.000439934
0.000574381
-1000
-0.000317454
0.000570658
-1000
-0.000168426
0.000566617
-1000
0.000565603
-1000
-0.000509452
0.000810265
-1000
-0.000429022
0.000793992
-1000
-0.000317156
0.000792835
-1000
-0.000175087
0.000789627
-1000
0.000793713
-1000
-0.000494986
0.001027
-1000
-0.000429321
0.000971668
-1000
-0.000322886
0.000955573
-1000
-0.000171889
0.000947945
-1000
0.000958484
-1000
-0.000553517
-1000
-0.000448234
-1000
-0.000326519
-1000
-0.000160129
-1000
-1000
-0.000699664
0.000496085
-1000
-0.000597099
0.000487173
-1000
-0.000434754
0.00048148
-1000
-0.000238344
0.000474496
-1000
0.000465929
-1000
-0.000702764
0.000904307
-1000
-0.00060009
0.000899504
-1000
-0.000442158
0.00089085
-1000
-0.000246757
0.000890557
-1000
0.000893158
-1000
-0.000696871
0.00125615
-1000
-0.00060069
0.00124422
-1000
-0.000447595
0.00124069
-1000
-0.000244232
0.00124976
-1000
0.00126113
-1000
-0.000689939
0.00154857
-1000
-0.0006009
0.00149062
-1000
-0.000448601
0.00148571
-1000
-0.000231278
0.00149822
-1000
0.00151328
-1000
-0.000751471
-1000
-0.00061966
-1000
-0.000446598
-1000
-0.000220795
-1000
-1000
-0.000907623
0.000705277
-1000
-0.000786294
0.000704079
-1000
-0.000585544
0.00069612
-1000
-0.0003226
0.000689381
-1000
0.000684796
-1000
-0.000911745
0.00131951
-1000
-0.000795398
0.00132221
-1000
-0.000594959
0.00131683
-1000
-0.000324328
0.00132196
-1000
0.00132877
-1000
-0.00091207
0.0018228
-1000
-0.000797966
0.00182185
-1000
-0.000593594
0.00182369
-1000
-0.000313102
0.00184316
-1000
0.00185525
-1000
-0.000915284
0.00218948
-1000
-0.000793411
0.00215302
-1000
-0.00058226
0.00215876
-1000
-0.000296606
0.00218188
-1000
0.00218784
-1000
-0.000951692
-1000
-0.000798233
-1000
-0.000578679
-1000
-0.000289289
-1000
-1000
-0.00119501
0.0009912
-1000
-0.00104238
0.00099054
-1000.01
-0.000777468
0.000984508
-1000.01
-0.000417445
0.000983291
-1000.01
0.00098783
-1000.01
-0.00119763
0.00186615
-1000
-0.00105107
0.00187636
-1000
-0.000779339
0.00188046
-1000.01
-0.000410269
0.00189275
-1000.01
0.00190097
-1000.01
-0.00119504
0.00256223
-1000
-0.00104545
0.00257656
-1000
-0.000766186
0.00258842
-1000
-0.000397858
0.00261004
-1000
0.00261702
-1000
-0.00119509
0.00301203
-1000
-0.00102836
0.00301292
-1000
-0.000746276
0.00303314
-1000
-0.00038596
0.00305567
-1000
0.00305248
-1000
-0.00118687
-1000
-0.00101273
-1000
-0.000729691
-1000
-0.000383289
-1000
-1000
-0.00161319
0.00138179
-1000.01
-0.00139311
0.00137925
-1000.01
-0.00102212
0.00138043
-1000.01
-0.000535828
0.00138858
-1000.01
0.00139584
-1000.01
-0.00161809
0.00258597
-1000.01
-0.00139445
0.002606
-1000.01
-0.00101487
0.00262743
-1000.01
-0.000525688
0.00264675
-1000.01
0.00265084
-1000.01
-0.00159914
0.00354943
-1000
-0.00137444
0.00357555
-1000.01
-0.000995385
0.00360248
-1000.01
-0.000517711
0.00362342
-1000.01
0.00362332
-1000.01
-0.00157591
0.00412821
-1000
-0.00134143
0.00416984
-1000
-0.000971095
0.00421071
-1000
-0.000510225
0.00422915
-1000
0.0042222
-1000
-0.00152973
-1000
-0.00132467
-1000
-0.000958268
-1000
-0.000510729
-1000
-1000
-0.00218933
0.00190025
-1000.01
-0.00185317
0.00190386
-1000.01
-0.00133765
0.00191624
-1000.01
-0.000695358
0.00193039
-1000.01
0.00193366
-1000.01
-0.00218961
0.00355521
-1000.01
-0.00184344
0.00359342
-1000.01
-0.00132551
0.00362925
-1000.01
-0.000689592
0.00365176
-1000.01
0.00365046
-1000.01
-0.00214727
0.00489751
-1000.01
-0.00181004
0.00493487
-1000.01
-0.00130384
0.00497346
-1000.01
-0.000684656
0.00499396
-1000.01
0.00498984
-1000.01
-0.00209123
0.00571659
-1000
-0.00176642
0.0057743
-1000.01
-0.00127869
0.0058272
-1000.01
-0.000676322
0.00584319
-1000.01
0.00583888
-1000.01
-0.00201581
-1000
-0.00175411
-1000
-0.00127177
-1000
-0.000671745
-1000
-1000
-0.0029078
0.0025965
-1000.01
-0.00243287
0.002619
-1000.01
-0.00174632
0.00264074
-1000.01
-0.000913291
0.00265583
-1000.01
0.00265327
-1000.01
-0.00289193
0.00490304
-1000.01
-0.00241561
0.00495732
-1000.01
-0.001736
0.00499194
-1000.01
-0.000912608
0.00501224
-1000.01
0.0050071
-1000.01
-0.00283934
0.00676701
-1000.01
-0.00238044
0.00681434
-1000.01
-0.00171648
0.0068487
-1000.01
-0.000907326
0.00686908
-1000.01
0.00686409
-1000.01
-0.00277715
0.00798009
-1000.01
-0.00234169
0.00800552
-1000.01
-0.00169379
0.00804659
-1000.01
-0.00089517
0.00806754
-1000.01
0.00806927
-1000.01
-0.00271625
-1000
-0.00231615
-1000
-0.00167622
-1000
-0.000876749
-1000.01
-1000.01
-0.00378723
0.00357641
-1000.02
-0.00317945
0.00360842
-1000.02
-0.00229243
0.00362789
-1000.02
-0.00120854
0.00363734
-1000.02
0.00362887
-1000.02
-0.00376591
0.00679056
-1000.01
-0.00316737
0.00683288
-1000.02
-0.00228922
0.00685235
-1000.02
-0.00121164
0.00686658
-1000.02
0.00685756
-1000.02
-0.00372973
0.0093451
-1000.01
-0.00314489
0.00939033
-1000.01
-0.00227477
0.00941194
-1000.01
-0.0012057
0.00943342
-1000.01
0.00942748
-1000.02
-0.00369553
0.0110521
-1000.01
-0.00311745
0.0110306
-1000.01
-0.002253
0.0110719
-1000.01
-0.00118914
0.0111071
-1000.01
0.0111116
-1000.01
-0.00368605
-1000
-0.00306649
-1000
-0.00221507
-1000.01
-0.00115846
-1000.01
-1000.01
-0.00496477
0.00495051
-1000.02
-0.00420449
0.00495943
-1000.02
-0.00304657
0.0049665
-1000.02
-0.00161329
0.00496888
-1000.03
0.00495419
-1000.03
-0.00496927
0.00936332
-1000.02
-0.00420762
0.00937418
-1000.02
-0.00305092
0.00938283
-1000.02
-0.00161961
0.0093927
-1000.02
0.009378
-1000.02
-0.00496309
0.0128511
-1000.02
-0.00419752
0.012879
-1000.02
-0.00303982
0.0129034
-1000.02
-0.00161231
0.0129284
-1000.02
0.012919
-1000.02
-0.00494019
0.0151223
-1000.01
-0.00416974
0.015133
-1000.01
-0.00301412
0.0151885
-1000.01
-0.00159243
0.0152355
-1000.01
0.0152336
-1000.02
-0.00493421
-1000
-0.00410562
-1000.01
-0.00296024
-1000.01
-0.00155824
-1000.01
-1000.01
-0.00664292
0.00679226
-1000.03
-0.00563817
0.00677444
-1000.03
-0.00408714
0.00677555
-1000.03
-0.00216515
0.00677522
-1000.03
0.00675338
-1000.03
-0.00667656
0.01281
-1000.03
-0.00565017
0.0128122
-1000.03
-0.00409535
0.0128244
-1000.03
-0.00217424
0.0128331
-1000.03
0.0128108
-1000.03
-0.00667657
0.0175879
-1000.02
-0.00563845
0.017619
-1000.02
-0.00408506
0.0176585
-1000.03
-0.00216701
0.0176858
-1000.03
0.0176678
-1000.03
-0.00663911
0.0206693
-1000.01
-0.00559817
0.0207257
-1000.02
-0.00405542
0.020794
-1000.02
-0.00214536
0.0208407
-1000.02
0.0208215
-1000.02
-0.00658957
-1000.01
-0.00552968
-1000.01
-0.00400249
-1000.01
-0.00211537
-1000.01
-1000.01
-0.00895719
0.00923555
-1000.04
-0.00758741
0.00922666
-1000.04
-0.00549657
0.00923184
-1000.04
-0.00290965
0.00923035
-1000.05
0.00920147
-1000.05
-0.00898774
0.017481
-1000.03
-0.00759824
0.0175012
-1000.04
-0.00550819
0.0175177
-1000.04
-0.00292253
0.0175222
-1000.04
0.0174886
-1000.04
-0.00897073
0.0240509
-1000.03
-0.00758261
0.0240913
-1000.03
-0.00550208
0.0241347
-1000.03
-0.00291691
0.0241562
-1000.04
0.0241228
-1000.04
-0.00891953
0.0282991
-1000.02
-0.00753956
0.0283608
-1000.02
-0.00547671
0.028419
-1000.02
-0.0028959
0.0284506
-1000.03
0.0284017
-1000.03
-0.00885163
-1000.01
-0.00748459
-1000.01
-0.00543864
-1000.01
-0.00287829
-1000.02
-1000.02
-0.0120254
0.0125685
-1000.05
-0.0101945
0.0125793
-1000.06
-0.0073957
0.012582
-1000.06
-0.00391339
0.0125756
-1000.06
0.0125402
-1000.06
-0.0120434
0.023889
-1000.05
-0.0102124
0.0239096
-1000.05
-0.0074169
0.0239142
-1000.05
-0.00392945
0.023909
-1000.06
0.02386
-1000.06
-0.0120292
0.0328745
-1000.04
-0.0102083
0.0329085
-1000.04
-0.00742033
0.0329368
-1000.05
-0.00392477
0.0329461
-1000.05
0.0328887
-1000.05
-0.0119928
0.0386664
-1000.03
-0.0101807
0.0387178
-1000.03
-0.00740728
0.0387574
-1000.03
-0.00390843
0.038767
-1000.04
0.038677
-1000.04
-0.0119245
-1000.01
-0.0101389
-1000.02
-0.00738804
-1000.02
-0.00390896
-1000.02
-1000.02
-0.016136
0.0171623
-1000.07
-0.0137181
0.0171591
-1000.08
-0.00997038
0.0171481
-1000.08
-0.00527008
0.0171361
-1000.08
0.0170961
-1000.09
-0.0161761
0.0326339
-1000.06
-0.0137589
0.0326228
-1000.07
-0.0100038
0.0326092
-1000.07
-0.00528419
0.0325963
-1000.08
0.0325279
-1000.08
-0.0161936
0.0448613
-1000.05
-0.0137738
0.0448768
-1000.06
-0.0100142
0.044885
-1000.06
-0.00527856
0.0448805
-1000.07
0.0447879
-1000.07
-0.0161792
0.0526982
-1000.03
-0.0137666
0.0527467
-1000.04
-0.0100145
0.0527686
-1000.04
-0.00527043
0.0527564
-1000.05
0.0526221
-1000.05
-0.016121
-1000.01
-0.0137376
-1000.02
-0.0100144
-1000.03
-0.00528199
-1000.03
-1000.03
-0.0217621
0.023408
-1000.09
-0.0185198
0.0233791
-1000.1
-0.013465
0.023361
-1000.11
-0.00710447
0.0233505
-1000.11
0.0233055
-1000.12
-0.0218399
0.0444723
-1000.08
-0.018581
0.0444356
-1000.09
-0.0135049
0.0444152
-1000.1
-0.00711349
0.0444012
-1000.1
0.0443057
-1000.11
-0.0218802
0.0611315
-1000.07
-0.0186041
0.0611207
-1000.08
-0.0135144
0.061109
-1000.08
-0.00710815
0.0610901
-1000.09
0.0609512
-1000.09
-0.0218867
0.0718054
-1000.05
-0.018616
0.0718095
-1000.05
-0.0135263
0.0718002
-1000.06
-0.00710874
0.0717693
-1000.07
0.0715973
-1000.07
-0.0218731
-1000.02
-0.0186211
-1000.03
-0.0135447
-1000.03
-0.00711504
-1000.04
-1000.04
-0.0294444
0.0318483
-1000.13
-0.0250422
0.0318229
-1000.14
-0.0181989
0.0318108
-1000.15
-0.00959147
0.0318064
-1000.15
0.0317464
-1000.16
-0.0295372
0.0605014
-1000.11
-0.0251134
0.0604645
-1000.13
-0.0182424
0.0604461
-1000.13
-0.00960285
0.0604324
-1000.14
0.060296
-1000.15
-0.0295759
0.0832282
-1000.09
-0.0251347
0.0831832
-1000.1
-0.0182496
0.0831485
-1000.11
-0.0096019
0.0831141
-1000.12
0.0829179
-1000.12
-0.029612
0.0978396
-1000.06
-0.025168
0.0977512
-1000.07
-0.0182729
0.0976914
-1000.08
-0.00960878
0.097642
-1000.09
0.097419
-1000.09
-0.0296884
-1000.03
-0.0252282
-1000.04
-0.0183095
-1000.05
-0.00960779
-1000.05
-1000.06
-0.039871
0.0433049
-1000.17
-0.0338875
0.0432968
-1000.19
-0.0246194
0.0432922
-1000.2
-0.0129784
0.0432902
-1000.21
0.0431978
-1000.21
-0.0399716
0.0822589
-1000.16
-0.0339713
0.0822332
-1000.17
-0.0246746
0.0822176
-1000.18
-0.0130041
0.0822001
-1000.19
0.0820095
-1000.2
-0.0399987
0.11321
-1000.13
-0.0339893
0.113146
-1000.14
-0.0246835
0.113091
-1000.15
-0.0130075
0.11304
-1000.16
0.112771
-1000.17
-0.0400545
0.133164
-1000.08
-0.0340414
0.133006
-1000.1
-0.0247186
0.132895
-1000.11
-0.0130179
0.132813
-1000.12
0.132491
-1000.12
-0.040197
-1000.03
-0.0341521
-1000.05
-0.0247838
-1000.06
-0.0130343
-1000.07
-1000.08
-0.0540453
0.0588715
-1000.23
-0.0458958
0.0588799
-1000.25
-0.0333366
0.0588838
-1000.27
-0.0175864
0.0588809
-1000.28
0.0587485
-1000.29
-0.0541611
0.111817
-1000.21
-0.0459979
0.111813
-1000.23
-0.033411
0.111805
-1000.25
-0.0176262
0.111786
-1000.26
0.111533
-1000.27
-0.0541665
0.153911
-1000.17
-0.0460079
0.153851
-1000.19
-0.0334183
0.153786
-1000.21
-0.0176232
0.153721
-1000.22
0.153355
-1000.23
-0.0542167
0.181053
-1000.11
-0.0460695
0.180866
-1000.13
-0.0334609
0.180716
-1000.15
-0.0176335
0.180588
-1000.16
0.180122
-1000.17
-0.0543869
-1000.05
-0.046216
-1000.07
-0.0335648
-1000.08
-0.0176818
-1000.1
-1000.1
-0.0733008
0.0800128
-1000.32
-0.0621781
0.0800601
-1000.35
-0.0451462
0.0800844
-1000.37
-0.0238174
0.080091
-1000.38
0.0799253
-1000.39
-0.0734199
0.15202
-1000.29
-0.0622953
0.152046
-1000.31
-0.0452341
0.152061
-1000.34
-0.0238548
0.152057
-1000.35
0.151732
-1000.36
-0.0733924
0.209252
-1000.23
-0.0622826
0.209192
-1000.26
-0.0452205
0.209129
-1000.28
-0.0238301
0.209062
-1000.3
0.208572
-1000.31
-0.0734376
0.246078
-1000.15
-0.0623376
0.245871
-1000.18
-0.0452544
0.245695
-1000.2
-0.0238342
0.245529
-1000.22
0.244901
-1000.23
-0.0736253
-1000.06
-0.0625075
-1000.09
-0.0453859
-1000.11
-0.0238944
-1000.13
-1000.14
-0.0993969
0.108794
-1000.43
-0.0842283
0.108903
-1000.47
-0.0611058
0.108969
-1000.5
-0.0322067
0.109012
-1000.52
0.108815
-1000.53
-0.0995109
0.206738
-1000.39
-0.0843495
0.206809
-1000.43
-0.0611869
0.206876
-1000.46
-0.0322264
0.206916
-1000.48
0.206493
-1000.49
-0.0994351
0.284521
-1000.31
-0.0842794
0.284457
-1000.35
-0.0611195
0.28442
-1000.38
-0.0321703
0.284368
-1000.4
0.283715
-1000.42
-0.0994751
0.334483
-1000.21
-0.0842989
0.334259
-1000.25
-0.0611227
0.334044
-1000.28
-0.0321597
0.333844
-1000.3
0.333008
-1000.31
-0.0996743
-1000.09
-0.0845028
-1000.12
-0.0612746
-1000.15
-0.03222
-1000.18
-1000.19
-0.134828
0.14801
-1000.59
-0.114099
0.148211
-1000.64
-0.0826544
0.14837
-1000.68
-0.043503
0.148491
-1000.71
0.148247
-1000.73
-0.13492
0.281162
-1000.53
-0.114186
0.28136
-1000.58
-0.0826957
0.281552
-1000.62
-0.0435019
0.281676
-1000.65
0.281122
-1000.67
-0.134704
0.386837
-1000.43
-0.113979
0.386835
-1000.48
-0.0825264
0.386864
-1000.52
-0.043399
0.386849
-1000.55
0.385989
-1000.56
-0.134665
0.454756
-1000.29
-0.113916
0.454455
-1000.33
-0.0824698
0.45415
-1000.38
-0.0433516
0.453891
-1000.4
0.452762
-1000.42
-0.134936
-1000.12
-0.114202
-1000.17
-0.0826591
-1000.21
-0.0434216
-1000.24
-1000.25
-0.183031
0.201374
-1000.8
-0.154551
0.201806
-1000.87
-0.111745
0.202177
-1000.92
-0.058731
0.202444
-1000.96
0.202136
-1000.99
-0.182979
0.382343
-1000.72
-0.1545
0.382896
-1000.79
-0.111688
0.383368
-1000.85
-0.0586968
0.383669
-1000.89
0.382976
-1000.91
-0.18238
0.525884
-1000.58
-0.153987
0.526118
-1000.65
-0.11131
0.526316
-1000.7
-0.0584864
0.526411
-1000.74
0.525308
-1000.76
-0.182072
0.61823
-1000.39
-0.153726
0.617785
-1000.45
-0.111104
0.617388
-1000.51
-0.0583444
0.617071
-1000.55
0.615552
-1000.57
-0.182471
-1000.16
-0.154086
-1000.23
-0.111318
-1000.28
-0.0584146
-1000.32
-1000.34
-0.24859
0.274029
-1001.09
-0.209267
0.275012
-1001.18
-0.151024
0.275819
-1001.26
-0.0792298
0.276377
-1001.31
0.276028
-1001.34
-0.24809
0.520015
-1000.99
-0.208863
0.521366
-1001.08
-0.150727
0.522443
-1001.15
-0.0790968
0.523159
-1001.2
0.522364
-1001.23
-0.246637
0.714864
-1000.79
-0.207692
0.715696
-1000.88
-0.14988
0.716338
-1000.96
-0.0786405
0.716744
-1001.01
0.715366
-1001.04
-0.245673
0.840103
-1000.53
-0.206927
0.839672
-1000.62
-0.149298
0.839298
-1000.69
-0.0783026
0.838973
-1000.74
0.836934
-1000.77
-0.246024
-1000.22
-0.207228
-1000.31
-0.149469
-1000.38
-0.0783536
-1000.43
-1000.46
-0.337839
0.373198
-1001.49
-0.28321
0.375331
-1001.61
-0.204112
0.376999
-1001.71
-0.106664
0.37819
-1001.79
0.377883
-1001.83
-0.336297
0.707623
-1001.34
-0.282017
0.710639
-1001.47
-0.203233
0.712978
-1001.57
-0.106277
0.714638
-1001.64
0.713823
-1001.68
-0.333068
0.971804
-1001.08
-0.279468
0.973984
-1001.2
-0.201347
0.975635
-1001.3
-0.105338
0.976774
-1001.37
0.975089
-1001.4
-0.330645
1.1412
-1000.72
-0.277576
1.14114
-1000.84
-0.199926
1.14097
-1000.93
-0.104642
1.14075
-1001
1.13798
-1001.04
-0.330562
-1000.3
-0.277613
-1000.42
-0.199914
-1000.51
-0.104665
-1000.58
-1000.62
-0.459951
0.508964
-1002.03
-0.382854
0.513509
-1002.2
-0.276209
0.516845
-1002.34
-0.142864
0.519473
-1002.44
0.519324
-1002.49
-0.456089
0.963752
-1001.83
-0.380004
0.970309
-1002
-0.273936
0.975145
-1002.13
-0.141975
0.978912
-1002.23
0.978175
-1002.28
-0.449112
1.32123
-1001.47
-0.374702
1.3264
-1001.63
-0.269789
1.33008
-1001.76
-0.140206
1.3329
-1001.85
1.33084
-1001.9
-0.443511
1.54967
-1000.98
-0.370542
1.55066
-1001.13
-0.266533
1.55096
-1001.26
-0.138915
1.55121
-1001.35
1.54739
-1001.39
-0.442313
-1000.42
-0.36996
-1000.56
-0.265934
-1000.69
-0.138909
-1000.77
-1000.82
-0.629162
0.695522
-1002.77
-0.515425
0.705476
-1003.02
-0.3759
0.711741
-1003.19
-0.18884
0.717835
-1003.35
0.717746
-1003.39
-0.620008
1.31429
-1002.49
-0.509418
1.32881
-1002.73
-0.370301
1.33805
-1002.9
-0.187202
1.34684
-1003.04
1.34596
-1003.09
-0.604802
1.79638
-1002
-0.49911
1.8084
-1002.21
-0.36103
1.81565
-1002.37
-0.184339
1.8226
-1002.5
1.81968
-1002.55
-0.592117
2.10291
-1001.33
-0.49086
2.10684
-1001.53
-0.353559
2.10801
-1001.69
-0.182434
2.10992
-1001.8
2.10428
-1001.86
-0.587947
-1000.57
-0.489069
-1000.76
-0.351172
-1000.91
-0.18264
-1001.02
-1001.08
-0.871742
0.952729
-1003.76
-0.684348
0.976334
-1004.19
-0.520676
0.98597
-1004.34
-0.242358
1.00156
-1004.63
0.999932
-1004.64
-0.849994
1.7954
-1003.38
-0.673078
1.82968
-1003.76
-0.507052
1.84409
-1003.92
-0.239766
1.86681
-1004.17
1.86309
-1004.19
-0.815693
2.44163
-1002.7
-0.655293
2.47077
-1003.02
-0.485387
2.48193
-1003.18
-0.23616
2.50046
-1003.38
2.49357
-1003.42
-0.786403
2.85018
-1001.8
-0.64152
2.86278
-1002.07
-0.467581
2.864
-1002.24
-0.234991
2.87192
-1002.41
2.86177
-1002.46
-0.774024
-1000.78
-0.63867
-1001.01
-0.459569
-1001.19
-0.236803
-1001.33
-1001.4
-1.2428
1.30595
-1005.03
-0.884406
1.36954
-1005.91
-0.745353
1.37484
-1005.85
-0.29761
1.41931
-1006.49
1.40854
-1006.34
-1.19185
2.45507
-1004.52
-0.863104
2.54681
-1005.27
-0.714003
2.55396
-1005.25
-0.293233
2.62091
-1005.8
2.60087
-1005.68
-1.11228
3.31163
-1003.58
-0.834251
3.39062
-1004.14
-0.663624
3.39325
-1004.19
-0.289096
3.44941
-1004.59
3.42376
-1004.53
-1.04199
3.85338
-1002.41
-0.816766
3.89493
-1002.8
-0.621148
3.88646
-1002.93
-0.292468
3.91781
-1003.21
3.89283
-1003.22
-1.00507
-1001.05
-0.817561
-1001.32
-0.594878
-1001.51
-0.299883
-1001.69
-1001.75
-1.82755
1.78146
-1006.55
-1.12714
1.96512
-1008.58
-1.09952
1.93114
-1007.81
-0.348784
2.05791
-1009.3
2.01496
-1008.71
-1.71841
3.35024
-1005.89
-1.08009
3.61905
-1007.56
-1.03314
3.55515
-1006.92
-0.340367
3.75762
-1008.19
3.67681
-1007.68
-1.54602
4.45581
-1004.58
-1.0213
4.69535
-1005.74
-0.924402
4.62004
-1005.35
-0.334209
4.79791
-1006.22
4.70116
-1005.89
-1.38661
5.17868
-1003.13
-0.996339
5.32884
-1003.82
-0.835897
5.25852
-1003.73
-0.34841
5.37986
-1004.27
5.30319
-1004.17
-1.2777
-1001.36
-1.01049
-1001.65
-0.757099
-1001.78
-0.364608
-1001.98
-1002
-2.71537
2.4022
-1008.29
-1.45816
2.90343
-1012.74
-1.65144
2.74486
-1010.36
-0.384575
3.07356
-1013.64
2.94461
-1012.04
-2.49244
4.56161
-1007.51
-1.35078
5.30264
-1011.1
-1.51582
4.99704
-1009.01
-0.367981
5.5534
-1011.82
5.3001
-1010.41
-2.14546
5.88347
-1005.56
-1.2192
6.578
-1007.94
-1.28596
6.21552
-1006.5
-0.35692
6.71752
-1008.31
6.4123
-1007.36
-1.83018
6.87295
-1003.96
-1.16982
7.40538
-1005.31
-1.1349
7.08512
-1004.63
-0.403649
7.50024
-1005.79
7.2637
-1005.43
-1.56374
-1001.57
-1.17312
-1001.77
-0.918354
-1001.71
-0.414363
-1001.85
-1001.8
-4.045
3.16456
-1010.11
-1.95539
4.42565
-1019.25
-2.53239
3.97531
-1013.76
-0.372699
4.74706
-1020.55
4.42211
-1016.83
-3.58355
6.24491
-1009.53
-1.70487
8.07459
-1016.63
-2.25858
7.16574
-1011.64
-0.340721
8.54865
-1017.54
7.86353
-1014.19
-2.89377
7.54165
-1006.19
-1.40978
9.26505
-1010.61
-1.74768
8.20319
-1007.2
-0.317181
9.44148
-1010.63
8.66428
-1008.48
-2.2965
8.96756
-1005
-1.3479
10.5549
-1007.55
-1.56528
9.50697
-1005.72
-0.474312
10.6612
-1008.1
9.9868
-1007.23
-1.75172
-1001.3
-1.20804
-1001.16
-0.976202
-1000.67
-0.421464
-1000.55
-1000.46
-6.0579
4.05592
-1011.67
-2.79721
6.94303
-1029.46
-4.01522
5.90665
-1018.45
-0.258068
7.59779
-1031.9
6.85848
-1023.95
-5.07817
8.65598
-1012.33
-2.18
12.8534
-1025.44
-3.47497
10.5764
-1015.02
-0.205599
13.7962
-1027
12.049
-1019.58
-3.70998
9.42967
-1006.03
-1.52025
13.2111
-1013.16
-2.27988
10.7547
-1006.62
-0.157189
13.5672
-1012.53
11.7835
-1008.37
-2.61022
11.3997
-1006.33
-1.53146
15.3301
-1010.75
-2.25016
12.5579
-1006.81
-0.580839
15.2805
-1011.48
13.541
-1009.56
-1.52957
-999.95
-0.929196
-998.715
-0.741178
-997.678
-0.376972
-996.768
-997.099
-9.05891
5.01438
-1012.2
-4.40866
11.4049
-1045.51
-6.67583
9.2315
-1025.41
0.228537
12.9215
-1051.73
11.2452
-1034.96
-7.06225
12.0474
-1016.57
-2.83214
21.3097
-1039.57
-5.60869
16.0435
-1019.05
0.484003
23.2957
-1043.47
19.045
-1026.9
-4.28549
11.8335
-1004.9
-1.40889
19.3593
-1014.09
-2.8091
14.2728
-1003.45
0.404737
20.1551
-1012.6
16.2473
-1005.17
-2.3215
13.7062
-1007.41
-1.667
22.261
-1014.3
-3.40121
15.9687
-1006.77
-0.724216
21.8025
-1015.81
17.6919
-1011.73
-0.202151
-996.699
-0.0389144
-992.408
-0.0319448
-991.283
-0.43015
-988.261
-990.832
-13.0818
5.53499
-1009.95
-7.69703
19.6816
-1070.58
-11.5877
15.388
-1036.91
2.35374
23.1848
-1088.86
19.6242
-1052.23
-9.35347
16.6254
-1023.95
-3.68449
36.4034
-1061.96
-9.51258
24.7623
-1022.6
3.05267
40.7351
-1073.59
30.7167
-1034.94
-3.63724
15.4068
-1004.02
-0.821653
29.1181
-1009.62
-3.10794
19.2094
-995.61
1.98227
30.8725
-1007.83
22.3399
-994.807
0.0036865
15.1055
-1007.15
-1.67022
31.7856
-1015.3
-5.49046
19.1079
-1002.85
-0.846369
30.7097
-1020.29
21.5397
-1011.78
3.54033
-989.724
2.04079
-978.333
1.46594
-979.125
-0.943544
-971.033
-981.263
-13.0706
3.54569
-1003.83
-10.9309
31.5158
-1104.24
-15.2081
22.4252
-1055.06
9.41798
35.7146
-1149.2
27.9928
-1070.81
-9.53783
21.6558
-1039.33
-3.41475
60.9643
-1097.53
-13.7944
35.4981
-1025.29
10.4021
66.4621
-1128.53
43.5915
-1040.14
1.07425
21.9554
-1009.88
1.91875
45.2885
-994.787
-2.37786
26.3574
-982.172
5.61793
47.7249
-997.087
28.3272
-973.925
5.09763
14.8814
-997.899
-1.57247
43.8164
-1007.16
-9.79802
20.3338
-988.596
-0.942211
41.8505
-1023.27
21.9926
-1006.39
13.102
-973.141
5.35732
-947.12
3.32534
-957.528
-3.7023
-938.409
-971.354
-57.5702
0.680791
-958.56
-57.9557
91.1871
-1195.04
-65.0948
86.7609
-1134.68
14.9965
125.439
-1354.73
107.432
-1163.24
-35.7046
55.1645
-1086.27
-18.9742
165.484
-1188.56
-49.5917
125.579
-1033.49
22.2208
211.737
-1286.64
146.983
-1057.47
14.7262
64.8017
-1038.37
14.4732
102.502
-931.552
-12.1331
63.3323
-893.319
1.2596
116.276
-915.018
67.5298
-893.211
21.514
2.80201
-916.774
0.110227
65.0621
-948.311
-22.0324
16.443
-919.563
-4.4833
59.5326
-984.074
11.6702
-955.01
38.6188
-895.808
3.88456
-854.157
-8.89927
-905.257
-31.5673
-870.183
-1004.49
39.6863
-32.152
-904.597
-19.0221
36.1688
-1172.5
-15.2531
11.5021
-1149.95
62.5941
52.3044
-1484.88
25.6808
-1126.33
25.3867
-11.3828
-1118
14.8594
84.0806
-1225.95
-17.0237
-20.2004
-969.906
65.332
88.1562
-1404.85
-1.88346
-964.57
14.422
17.5421
-1102.08
0.35475
42.8496
-876.253
25.5354
14.5864
-953.286
50.0926
62.6266
-914.046
-16.0746
-828.928
28.6906
24.8074
-945.544
-16.6757
18.453
-878.548
-30.7922
12.5214
-903.382
8.19937
49.0107
-1009.45
-25.4152
-937.47
46.4075
-821.05
53.1005
-867.03
40.1634
-836.213
-2.13456
-778.041
-992.276
-190.709
-202.462
-428.193
-343.169
374.939
-1394.98
-313.084
462.382
-1642.42
149.995
590.665
-2538.62
538.494
-1514.83
-153.226
183.331
-1561.34
-67.9495
772.578
-1708.86
-227.739
654.764
-1002.5
208.75
1102.05
-2352.72
669.755
-887.082
258.294
492.931
-1704.81
222.369
464.617
-532.367
-44.9974
198.129
-229.285
-60.9021
470.917
-267.013
145.345
-365.421
144.323
-148.067
-69.1963
-14.5945
113.861
-368.874
-91.3825
-102.511
-525.955
-20.9496
11.9601
-620.927
-201.439
-611.635
202.198
-181.938
-129.712
-163.244
-170.922
-698.111
-323.199
-506.763
-1581.94
409.532
90.3439
-794.748
296.871
-226.507
-1055.81
259.164
-492.425
-1112.29
26.8915
-477.927
-1828.42
-413.423
-1074.51
338.502
-296.48
-1072.73
120.899
-445.467
-1272.3
173.012
-797.927
-749.109
4.93152
-868.732
-1793.83
-658.311
-637.262
-292.425
-412.68
-1356.2
-383.154
-432.015
-455.091
170.038
8.1212
-1588.53
340.874
-185.953
-1120.63
-193.374
-489.484
138.539
432.133
-1383.17
-42.4239
-313.655
-306.271
-79.5888
196.205
-676.873
64.7438
221.782
-1172.99
-7.03187
-733.233
56.8717
-575.285
460.538
-1309.65
423.874
-408.506
307.633
-248.727
-1015.4
25.1447
-52.2106
-623.23
-0.968507
-0.852077
-1028.84
-5.67346
-3.09618
-1104.49
0.0681435
-1.15112
-1833.01
-0.750786
-1073.7
3.62163
-2.38509
-1158.92
6.51768
27.2347
-1303.28
-1.54991
78.1272
-822.264
1.09469
136.042
-1933.67
4.01849
-640.937
42.2046
173.886
-1588.63
137.03
13.8477
-536.529
7.67237
-13.6962
-1367.34
-92.5783
54.4265
-938.762
-31.3014
-546.742
40.0197
38.614
-1103.31
2.87251
-82.5016
-172.775
6.80988
-41.9665
-652.54
-8.94472
-24.8863
-1077.93
-60.6431
-712.836
-24.3603
-446.111
-80.3636
-1174.03
0.0215191
-492.177
0.000427956
-259.954
-1176.06
-155.669
105.551
-490.488
-198.139
384.226
-1370.6
299.588
500.272
-2102.48
131.341
659.56
-2324.33
320.336
-1262.69
-47.7159
184.895
-1203.01
-25.1751
228.426
-1170.02
136.258
238.325
-721.751
141.181
304.099
-1583.13
233.78
-413.2
2.06669
-179.033
-1132.76
24.4036
38.1694
-368.609
-1.18116
-34.5824
-1068.85
21.434
4.20754
-661.485
75.1461
-366.674
2.94833
-1.15487
-1660.98
0.926204
-2.34965
-130.233
-4.65673
-145.766
-535.774
108.336
-56.7951
-1129.92
-303.103
-226.251
0.107312
-13.9214
-106.523
-936.781
90.7878
-1058.67
31.1736
-259.996
-1393.57
-251.546
-106.452
-488.224
135.972
310.128
-2068.24
-254.738
-55.1024
-1656.67
-68.4039
241.392
-2752.05
3.86449
-1334.96
138.836
2.19
-1902.93
11.7181
-38.4124
-694.364
84.6232
-43.2641
-806.495
11.391
-440.165
-828.341
-6.0446
-391.9
-26.7806
-1048.54
-4.3269
-136.359
-7.96063
-289.482
-390.565
49.2349
-907.146
-431.811
-106.682
-953.723
5.26921
-809.799
-581.257
-1164.39
-1836.49
-2.94764
17.9166
-734.42
-6.61985
-165.248
-317.62
201.207
118.395
-1562.82
-5.80642
-13.969
71.5398
-3151.98
5.51932
-1123.97
119.473
-1439.76
-0.763587
-5.14303
-1390.21
-34.4875
-545.386
-14.3047
142.834
647.538
-2893.1
-189.795
102.656
-1426.7
-153.351
82.667
-2871.16
-209.714
-1278.6
-388.014
-642.094
-2338.65
-82.3022
58.8329
-411.371
-115.724
163.069
-833.485
-91.0066
70.3228
-840.715
147.394
-840.014
128.629
229.578
-1471.3
60.9076
33.5491
-196.477
-102.962
-3.59732
-576.61
-559.387
199.644
-626.619
70.2751
-1292.07
-349.152
125.059
-1328.67
-52.1044
338.196
-1336.11
-320.894
116.277
-168.705
-327.699
120.068
-1476.44
342.264
-613.657
63.9916
-3397.46
-394.247
-413.063
-370.642
-1368.89
-275.397
-59.8313
-1765.64
-76.5834
125.84
-12.991
-473.47
-82.2284
-2413.99
476.249
443.42
-2819.84
59.0155
-17.0768
-2436.85
-20.3501
-1199.23
62.7549
-1173.55
-679.674
-27.8816
1.91267
-404.875
61.186
-15.8405
-463.292
-32.591
37.6204
-801.635
-45.5539
-847.401
-11.2195
-49.0164
-2847.85
-11.5484
257.055
-451.29
65.441
-20.1381
-649.301
-28.8617
-26.0746
-468.622
-62.1775
-1304.31
2.83378
320.592
-1681.34
-281.905
271.729
-1066.05
125.785
178.211
-774.744
-359.41
-262.872
-754.444
-28.7083
-1006.54
-4.71488
-3042.92
15.6368
-130.457
-165.321
-918.837
9.144
-1232.25
-1988.01
64.0741
1.99455
-10.6017
-27.9922
10.8438
-2332.77
-344.475
-147.46
-2355.89
-1169.44
-112.082
-1499.81
333.6
-2702.27
-76.5872
-240.792
-27.4384
-137.169
47.4715
-380.921
-16.7688
106.442
-837.594
-7.04084
30.9781
-954.423
289.771
-810.612
78.0431
-68.7909
-2844.03
89.2707
171.836
-586.882
5.6379
-52.1019
-407.124
-28.2681
115.197
-518.935
182.841
-1225.64
368.677
440.111
-2387.79
-53.8956
-120.789
-350.854
278.559
41.6055
-1200.91
-246.019
326.321
-440.991
225.779
-1295.49
-295.93
-2506.65
206.069
-1071.53
260.166
-929.208
232.54
-1593.88
-1650.3
-93.4765
-0.712447
-59.048
-35.5996
129.872
-2520.51
356.835
167.094
-2915.42
90.3701
-594.387
-638.958
-493.921
-2117.98
-1.65268
652.419
-811.357
166.369
112.008
-531.08
246.831
-19.2922
-731.67
103.191
-633.602
-771.567
249.797
-1451.14
-253.271
706.152
-2473.19
-151.341
-5.57195
-571.232
90.7561
263.975
-932.489
301.712
24.0302
-1387.52
-308.019
-366.116
114.429
394.574
-1871.32
-4.80458
126.424
-363.616
-69.8799
103.692
-975.547
249.678
179.908
-916.426
-173.365
-1180.47
-1174.86
-116.162
-545.353
-1647.78
323.763
-1396.73
-80.6836
-928.117
-1873.87
-214.621
221.847
-85.6332
-1315.83
35.463
-1454.77
-959.786
110.981
-3382.44
0.254371
81.6066
-1680.61
-10.3345
-2107.39
-228.926
358.891
-745.55
-93.7722
72.7597
-703.531
44.2775
118.878
-877.617
-128.279
-306.981
-210.423
-184.096
-1405.66
-131.843
-41.2627
-1942.28
-43.4361
79.6486
-666.527
100.043
200.665
-1157.76
-88.917
15.2416
-1520.79
12.0022
-651.131
-25.383
-84.6293
-1550.46
-47.063
43.1809
-305.469
149.431
47.7135
-1019.09
37.6118
171.187
-960.553
-165.286
-965.57
21.8725
-133.033
-96.6509
-1209.4
52.1818
-1440.78
-221.603
-392.831
-1530.8
236.519
13.2194
-432.352
-73.852
-91.1633
-1053.24
-440.945
59.5806
-3074.93
597.247
155.273
-2874.07
23.4785
-1533.62
-68.8347
-214.145
-43.2558
-133.086
-174.483
-555.96
-173.034
119.836
-897.927
37.4129
-12.5547
-253.042
162.244
-1507.01
119.883
-96.2193
-2017.29
-85.0544
-191.954
-444.119
-328.995
-19.716
-774.262
498.294
18.2476
-2378.88
767.299
-757.892
-434.131
33.466
-1520.08
452.303
396.432
-1780.29
396.357
199.373
-1182.23
30.4705
-12.8884
-563.53
478.761
-646.562
22.4609
-907.081
-77.695
-888.539
-231.642
-1111.5
20.1392
-872.736
-997.434
403.152
165.616
-1314.99
-0.986527
-174.896
-474.204
1097.08
575.576
-4748.58
548.288
-148.972
-2176.3
-510.304
-475.029
37.1186
9.96516
-48.3772
93.0275
17.3148
-804.079
-42.8206
-105.2
-81.3024
163.446
-340.212
-268.069
-537.487
-1316.38
1.69562
-29.4354
-1881.82
-56.0142
147.561
-516.656
-481.504
-18.2918
-435.681
-352.383
47.1318
-2895.34
6.70434
-1654.47
-147.243
28.6847
-1397.12
-135.384
265.939
-1910.53
160.595
-31.9343
-1464.57
158.458
-26.7479
-487.513
-437.675
-43.7248
275.663
-1192.04
-10.0171
-82.6271
13.3877
-1167.39
361.63
-1645.11
-667.773
136.136
-108.522
-1313.91
-181.802
-91.1738
-65.0915
-445.357
-623.267
-3861.76
-446.099
40.914
-2216.47
103.595
-1024.72
17.7721
-22.2538
-102.909
10.2013
4.09143
-891.773
7.52091
-23.4911
-678.398
-1.25728
-28.0298
-190.347
-248.595
-965.449
-178.026
-44.2351
-1844.09
-138.828
52.6065
-604.369
19.4445
160.496
-777.941
-499.741
-14.8252
-2389.36
-64.3833
-2338.42
135.369
277.554
-1812.86
-267.294
-9.21098
-1446.05
-165.019
300.727
-1707.08
5.44568
60.9079
-733.71
-3.30965
-99.3527
-100.019
-484.241
102.636
-265.941
107.606
-822.57
-58.4707
-1396.22
-466.507
-3.29074
-4.24426
-1272.08
39.088
14.3471
-121.817
-572.259
-470.002
-2780.41
-564.583
-22.0374
-2202.11
-54.5134
-1534.79
21.6783
95.9946
-207.088
-124.122
-33.5259
-698.1
-65.4082
-236.625
-970.488
4.70905
-125.846
-156.656
144.125
-1159.38
-24.6963
-92.6578
-1477.48
-69.3389
-74.8941
-518.359
100.361
225.831
-1410.1
608.361
62.7967
-3086
-9.6659
-1576.27
-220.994
-45.4841
-1734.72
18.602
3.89173
-1764.43
-91.8086
138.315
-1509.15
-28.5592
209.516
-943.678
95.6351
-233.213
9.14822
-493.601
32.4558
-299.098
-28.9316
-620.092
-163.462
-1053.31
-643.33
-45.4575
125.525
-2028.85
286.982
85.0682
-539.325
591.957
140.723
-3226.11
181.18
-99.8937
-1691.44
-152.173
-1201.44
-74.3373
261.931
-743.813
120.832
303.244
-1111.45
16.786
37.0298
-762.748
142.242
211.319
-593.325
-222.203
-947.105
155.481
158.342
-1560.02
614.25
335.772
-1009.66
676.47
-302.535
-1132.75
-209.158
-596.611
-1392.44
-483.453
-1524.17
178.043
-118.745
-1193.02
-253.643
-159.059
-837.91
-316.397
-451.496
-1297.43
-334.22
-663.599
-858.867
-386.747
-664.139
81.4521
-1015.14
67.6576
-563.96
194.561
-1170.27
167.286
-1507.08
-634.406
266.709
-419.374
-1290.47
534.309
35.9927
-842.917
-206.844
-850.2
-1634.75
-285.257
-286.249
-1326.78
-188.975
-1297.72
140.902
-72.6771
-983.05
67.5834
-42.0279
-960.106
-94.2301
-333.674
-1117.46
9.05236
-77.5392
-905.317
-80.0149
-1047.01
90.2114
-94.4913
-1222.46
139.708
-134.656
-966.523
79.0521
-148.374
-1257.4
53.9328
-84.5386
-1360.33
-271.41
-1278.85
-1.48614
-29.0565
-1174.48
58.4003
29.4566
-1061.91
-98.8676
-129.931
-1158.61
-52.5919
-48.1248
-941.556
-94.1334
-894.007
-114.68
-959.94
152.599
-873.399
38.1131
-980.185
-186.911
-1086.83
-931.405
80.6442
-64.1447
-1237.51
185.439
12.3628
-960.075
78.4862
-111.298
-1416.5
17.3292
-87.8412
-1177.78
-97.1987
-1183.19
54.2358
-10.0936
-1044.28
79.0555
11.8585
-984.422
7.77529
-64.8614
-1092.62
23.8189
-18.4427
-990.759
-66.0114
-1054.38
69.7788
-58.3332
-1146.35
137.65
-24.0421
-998.494
88.4359
-122.228
-1150.82
11.8777
-130.513
-1171.7
-170.803
-1162.18
42.1134
-78.5258
-1094.93
5.76426
-46.3409
-1003.26
-50.2664
-144.036
-1080.77
-31.1717
-106.814
-984.35
-123.517
-972.465
19.2001
-1034.96
53.3995
-948.75
31.066
-1031.37
-12.796
-1054.27
-982.921
66.1742
-62.7891
-1125.49
120.59
-11.717
-1002.77
16.8728
-112.757
-1200.03
-6.33528
-52.3941
-1102.18
-61.2349
-1128.29
44.1948
-25.5884
-1054.08
60.1572
-11.2375
-1000.86
8.11998
-67.5167
-1085.82
12.3789
-24.7673
-1022.64
-46.3196
-1056.92
44.7485
-42.7168
-1085.89
76.6945
-31.318
-1010.36
39.0548
-78.9392
-1101.76
12.2046
-74.3711
-1095.24
-95.8065
-1100.49
23.4513
-41.5016
-1060.02
22.4334
-30.4819
-1003.08
-10.0156
-72.4266
-1054.83
-6.91495
-56.8618
-1004.96
-66.7986
-1008.39
12.2557
-1028.69
33.6053
-983.337
14.6805
-1025.71
-6.4658
-1026.68
-1008.92
40.8478
-26.7252
-1070.95
64.3843
-10.6055
-1015.7
18.0253
-44.676
-1108.99
9.20846
-28.3465
-1065.02
-34.6511
-1084.43
31.5797
-17.6317
-1042.29
42.6083
-12.4621
-1010.04
10.8846
-36.2708
-1062.5
10.9508
-20.9732
-1030.08
-31.4735
-1049.14
31.1238
-28.3295
-1049.59
46.7042
-24.6304
-1013.77
22.1027
-49.0858
-1064.34
10.4676
-48.4986
-1056.08
-57.7442
-1063.75
18.9647
-30.2027
-1036.97
21.9024
-24.9008
-1005.75
3.08311
-46.8371
-1038.26
0.830438
-38.6843
-1012.52
-45.9774
-1019.32
14.3288
-1020.43
21.8377
-996.618
9.12887
-1020.75
0.531752
-1015.94
-1013.85
27.6084
-13.4891
-1040.29
38.571
-8.56943
-1018.1
13.5929
-22.0989
-1061.92
9.174
-16.5871
-1044.01
-19.7565
-1055.5
23.1968
-12.6903
-1028.85
29.6508
-11.3006
-1013.76
10.3428
-22.3071
-1042.98
8.74539
-16.4738
-1028.6
-21.3752
-1038.78
22.0318
-18.4113
-1028.65
29.3357
-18.6076
-1013.77
13.7637
-30.6875
-1040.39
8.13382
-31.3725
-1035.55
-35.6608
-1041.33
15.3206
-20.733
-1022.06
18.1933
-19.4857
-1007.74
5.75206
-30.3708
-1026.14
4.09842
-27.1346
-1015.11
-31.1513
-1019.74
12.508
-1012.83
15.3542
-1002.01
6.53998
-1015.43
2.96548
-1011.6
-1012.82
19.2602
-7.22766
-1023.16
23.9708
-6.18967
-1016.62
10.2621
-11.4685
-1036.74
7.17393
-10.0101
-1030.91
-11.4685
-1036.86
17.1687
-8.91015
-1018.47
20.3025
-9.16887
-1013.91
8.78339
-14.1346
-1028.8
6.56759
-12.3518
-1024.04
-14.5781
-1029.1
15.8701
-12.2229
-1016.62
18.9368
-13.634
-1012.37
9.36545
-19.461
-1025.49
5.95607
-20.4558
-1024.04
-22.5006
-1027.45
12.2515
-14.2306
-1012.75
13.8648
-14.7982
-1008.19
5.99078
-20.097
-1017.63
4.08319
-19.3793
-1014.28
-21.4206
-1016.73
10.197
-1007.51
11.1591
-1004.02
5.24409
-1010.86
3.08077
-1009.38
-1010.57
13.807
-4.21221
-1013.68
15.305
-4.32111
-1013.8
7.72023
-6.40772
-1022.75
5.10806
-6.21982
-1022.08
-6.85676
-1024.9
12.7738
-6.2972
-1011.62
13.724
-7.04497
-1012.14
7.04855
-9.2757
-1019.26
4.70318
-9.03981
-1018.88
-10.0135
-1021.24
11.6866
-8.43067
-1009.86
12.4666
-9.84094
-1010.35
6.79987
-12.6193
-1016.48
4.21147
-13.5055
-1016.99
-14.4996
-1018.75
9.66728
-9.85
-1007.37
10.0192
-10.963
-1007.42
5.26806
-13.5496
-1011.95
3.28043
-13.9357
-1011.86
-14.8957
-1013.06
8.1415
-1004.25
8.12119
-1004.29
4.40383
-1007.56
2.5718
-1007.72
-1008.42
10.0929
-2.65396
-1008.57
9.95002
-2.99489
-1010.66
5.82763
-3.8361
-1014.79
3.50629
-3.97481
-1015.78
-4.24907
-1017.14
9.54776
-4.494
-1007.55
9.21667
-5.20866
-1009.59
5.49852
-6.26598
-1013.11
3.27082
-6.507
-1014.12
-6.92974
-1015.29
8.75778
-5.98435
-1006.24
8.34632
-7.05226
-1008.1
5.13303
-8.413
-1011.12
2.93472
-9.07639
-1012.22
-9.57336
-1013.17
7.56029
-6.95209
-1004.53
7.06512
-7.97609
-1006
4.33586
-9.29844
-1008.33
2.43809
-9.88726
-1009.15
-10.3586
-1009.83
6.468
-1002.5
5.87802
-1003.69
3.67797
-1005.43
1.98935
-1006.12
-1006.59
7.40121
-1.78174
-1005.78
6.64295
-2.07318
-1007.83
4.367
-2.44762
-1010.07
2.40918
-2.6117
-1011.21
-2.73934
-1011.99
7.08345
-3.21015
-1005.18
6.28218
-3.73927
-1007.13
4.17722
-4.30293
-1009.15
2.28177
-4.59208
-1010.24
-4.80005
-1010.95
6.54424
-4.30736
-1004.26
5.74946
-5.02833
-1006.02
3.87464
-5.75556
-1007.79
2.07924
-6.20576
-1008.81
-6.47336
-1009.42
5.79887
-4.99632
-1003.04
5.03217
-5.73982
-1004.52
3.4014
-6.48288
-1005.98
1.80222
-6.9405
-1006.81
-7.2074
-1007.3
5.0461
-1001.63
4.31029
-1002.86
2.9364
-1004
1.53038
-1004.69
-1005.06
5.33758
-1.24564
-1004.07
4.58117
-1.44142
-1005.63
3.19572
-1.6355
-1007.05
1.69384
-1.75435
-1007.96
-1.82311
-1008.48
5.14028
-2.30585
-1003.68
4.39049
-2.65586
-1005.16
3.0749
-2.98191
-1006.49
1.62352
-3.19437
-1007.35
-3.31376
-1007.84
4.78686
-3.11824
-1003.02
4.06887
-3.58151
-1004.37
2.86053
-4.00453
-1005.56
1.50136
-4.29467
-1006.35
-4.45083
-1006.78
4.31593
-3.62181
-1002.14
3.64558
-4.11717
-1003.32
2.56438
-4.56614
-1004.33
1.33831
-4.87438
-1005.01
-5.03765
-1005.37
3.8171
-1001.13
3.19961
-1002.13
2.25343
-1002.97
1.16888
-1003.53
-1003.82
3.8043
-0.888415
-1002.91
3.22282
-1.01197
-1004.04
2.29927
-1.12349
-1005
1.20672
-1.2001
-1005.67
-1.24053
-1006.03
3.68284
-1.66434
-1002.65
3.11407
-1.88753
-1003.72
2.22359
-2.08496
-1004.63
1.16553
-2.22358
-1005.27
-2.29615
-1005.61
3.4579
-2.26299
-1002.18
2.9168
-2.55698
-1003.16
2.0838
-2.81495
-1004
1.08996
-2.99884
-1004.58
-3.09398
-1004.9
3.16088
-2.63428
-1001.54
2.65781
-2.95574
-1002.42
1.89765
-3.23642
-1003.15
0.990063
-3.43645
-1003.66
-3.53895
-1003.94
2.83785
-1000.81
2.37725
-1001.57
1.69631
-1002.19
0.882633
-1002.63
-1002.86
2.70847
-0.639829
-1002.1
2.28904
-0.717098
-1002.9
1.64688
-0.784507
-1003.57
0.863611
-0.832669
-1004.05
-0.857268
-1004.31
2.63391
-1.20551
-1001.91
2.22412
-1.34666
-1002.68
1.60021
-1.46896
-1003.32
0.838708
-1.55699
-1003.78
-1.60189
-1004.03
2.49192
-1.64517
-1001.58
2.10149
-1.83167
-1002.29
1.51157
-1.99266
-1002.88
0.791448
-2.10902
-1003.31
-2.16811
-1003.54
2.30411
-1.91928
-1001.12
1.93979
-2.12634
-1001.76
1.39421
-2.30449
-1002.29
0.728988
-2.43312
-1002.67
-2.49802
-1002.88
2.0963
-1000.59
1.7614
-1001.15
1.26492
-1001.62
0.660378
-1001.95
-1002.13
1.93269
-0.463284
-1001.52
1.63422
-0.511821
-1002.09
1.18018
-0.553592
-1002.56
0.619443
-0.583809
-1002.91
-0.598997
-1003.09
1.88659
-0.875494
-1001.39
1.59454
-0.964853
-1001.93
1.15137
-1.04157
-1002.39
0.604151
-1.09723
-1002.72
-1.12523
-1002.9
1.79684
-1.19783
-1001.15
1.51759
-1.31645
-1001.66
1.09539
-1.41813
-1002.09
0.574405
-1.49198
-1002.39
-1.52902
-1002.56
1.6776
-1.39997
-1000.81
1.4155
-1.53316
-1001.28
1.02104
-1.64706
-1001.67
0.534932
-1.72968
-1001.95
-1.77093
-1002.1
1.54405
-1000.43
1.30139
-1000.84
0.93805
-1001.19
0.49094
-1001.44
-1001.58
1.38303
-0.336614
-1001.11
1.17075
-0.367287
-1001.51
0.847203
-0.393503
-1001.85
0.445112
-0.412549
-1002.09
-0.42201
-1002.22
1.35434
-0.637184
-1001.01
1.14621
-0.69394
-1001.4
0.829317
-0.742446
-1001.73
0.43563
-0.777721
-1001.96
-0.795263
-1002.09
1.29742
-0.873258
-1000.83
1.09759
-0.948968
-1001.2
0.793873
-1.01366
-1001.51
0.416816
-1.06069
-1001.73
-1.08402
-1001.85
1.22141
-1.02204
-1000.59
1.03267
-1.10781
-1000.93
0.746554
-1.18096
-1001.22
0.39172
-1.23409
-1001.42
-1.26036
-1001.53
1.13546
-1000.31
0.959397
-1000.62
0.6932
-1000.88
0.363423
-1001.06
-1001.16
0.992374
-0.245175
-1000.81
0.840975
-0.264645
-1001.09
0.609342
-0.281239
-1001.33
0.320388
-0.293309
-1001.51
-0.299223
-1001.6
0.974448
-0.464599
-1000.74
0.825688
-0.500746
-1001.01
0.598186
-0.531581
-1001.25
0.314487
-0.554006
-1001.42
-0.565017
-1001.51
0.938245
-0.637413
-1000.61
0.794812
-0.685875
-1000.87
0.575673
-0.727212
-1001.1
0.302548
-0.75726
-1001.26
-0.771988
-1001.34
0.889633
-0.746759
-1000.43
0.753353
-0.802072
-1000.68
0.54546
-0.849163
-1000.89
0.286524
-0.883384
-1001.04
-0.900126
-1001.12
0.834229
-1000.23
0.706188
-1000.45
0.511097
-1000.64
0.268286
-1000.78
-1000.86
0.713706
-0.178915
-1000.59
0.605416
-0.191318
-1000.79
0.439063
-0.201871
-1000.97
0.230998
-0.209538
-1001.09
-0.213238
-1001.16
0.702481
-0.339326
-1000.54
0.595863
-0.362371
-1000.74
0.4321
-0.382022
-1000.91
0.227321
-0.396305
-1001.03
-0.40323
-1001.09
0.679428
-0.465838
-1000.44
0.576206
-0.496891
-1000.63
0.417772
-0.523355
-1000.8
0.219715
-0.542589
-1000.91
-0.551901
-1000.98
0.6483
-0.546175
-1000.32
0.549678
-0.581802
-1000.5
0.398437
-0.612146
-1000.65
0.209452
-0.634198
-1000.76
-0.64484
-1000.82
0.612626
-1000.17
0.519294
-1000.33
0.376292
-1000.47
0.197705
-1000.57
-1000.63
0.514313
-0.130799
-1000.43
0.436672
-0.138685
-1000.58
0.316915
-0.145398
-1000.7
0.166808
-0.150275
-1000.79
-0.152605
-1000.84
0.507318
-0.248154
-1000.39
0.430714
-0.262842
-1000.54
0.312573
-0.275378
-1000.66
0.1645
-0.284499
-1000.75
-0.288863
-1000.79
0.492643
-0.340778
-1000.32
0.418186
-0.360672
-1000.46
0.30343
-0.377638
-1000.58
0.159635
-0.389977
-1000.66
-0.395859
-1000.71
0.472713
-0.399766
-1000.23
0.401188
-0.422678
-1000.36
0.291027
-0.442246
-1000.47
0.153053
-0.456454
-1000.55
-0.463201
-1000.6
0.449777
-1000.12
0.381595
-1000.24
0.276755
-1000.35
0.145492
-1000.42
-1000.46
0.371388
-0.0957191
-1000.31
0.31553
-0.100726
-1000.42
0.229109
-0.10501
-1000.51
0.120609
-0.108132
-1000.57
-0.10961
-1000.61
0.367049
-0.181583
-1000.29
0.311814
-0.190968
-1000.39
0.226388
-0.198989
-1000.48
0.119151
-0.204838
-1000.54
-0.207586
-1000.58
0.357681
-0.249405
-1000.24
0.303807
-0.262175
-1000.34
0.220528
-0.273081
-1000.42
0.116036
-0.281013
-1000.48
-0.284723
-1000.52
0.344897
-0.292679
-1000.17
0.292885
-0.30745
-1000.26
0.212555
-0.320087
-1000.35
0.111812
-0.32925
-1000.4
-0.333535
-1000.44
0.330115
-1000.09
0.280229
-1000.18
0.203346
-1000.25
0.106925
-1000.31
-1000.34
0.268687
-0.0700375
-1000.23
0.228346
-0.0732573
-1000.31
0.165839
-0.0760133
-1000.37
0.0872994
-0.0780285
-1000.42
-0.0789538
-1000.44
0.265966
-0.132889
-1000.21
0.226014
-0.138921
-1000.29
0.164123
-0.144075
-1000.35
0.0863917
-0.147833
-1000.39
-0.149557
-1000.42
0.259953
-0.182565
-1000.17
0.220874
-0.190798
-1000.25
0.16036
-0.197827
-1000.31
0.0843997
-0.202932
-1000.35
-0.205276
-1000.38
0.251716
-0.214334
-1000.12
0.213835
-0.223891
-1000.19
0.155227
-0.23206
-1000.25
0.0816764
-0.237974
-1000.3
-0.240702
-1000.32
0.242153
-1000.07
0.205652
-1000.13
0.14928
-1000.19
0.0785054
-1000.23
-1000.25
0.19464
-0.0512652
-1000.17
0.16546
-0.0533393
-1000.22
0.120173
-0.0551234
-1000.27
0.0632741
-0.0564217
-1000.3
-0.0569858
-1000.32
0.192937
-0.0972602
-1000.15
0.16399
-0.101158
-1000.21
0.119098
-0.104485
-1000.25
0.062725
-0.1069
-1000.29
-0.107985
-1000.31
0.189057
-0.133631
-1000.13
0.160674
-0.138986
-1000.18
0.116681
-0.143535
-1000.23
0.0614429
-0.146831
-1000.26
-0.148326
-1000.28
0.183703
-0.156951
-1000.09
0.156119
-0.16318
-1000.14
0.113367
-0.168486
-1000.19
0.0596686
-0.172321
-1000.22
-0.174066
-1000.23
0.17747
-1000.05
0.150804
-1000.1
0.109509
-1000.14
0.0575954
-1000.17
-1000.18
0.141219
-0.0375282
-1000.12
0.120063
-0.0388537
-1000.16
0.0872025
-0.0400219
-1000.2
0.0459401
-0.0408556
-1000.22
-0.0412007
-1000.24
0.140168
-0.071159
-1000.11
0.119127
-0.0737169
-1000.15
0.0865354
-0.0758892
-1000.19
0.0456063
-0.0774541
-1000.21
-0.0781503
-1000.22
0.137624
-0.0978166
-1000.09
0.116964
-0.10134
-1000.13
0.08497
-0.104313
-1000.16
0.0447641
-0.106466
-1000.19
-0.107436
-1000.2
0.134099
-0.114907
-1000.07
0.113988
-0.11901
-1000.1
0.0828048
-0.122496
-1000.14
0.0435865
-0.125026
-1000.16
-0.126165
-1000.17
0.129994
-1000.04
0.110499
-1000.07
0.0802599
-1000.1
0.042206
-1000.12
-1000.14
0.102672
-0.0274185
-1000.09
0.0872583
-0.0283123
-1000.12
0.063381
-0.029094
-1000.14
0.0334073
-0.0296354
-1000.16
-0.0298613
-1000.17
0.10198
-0.0520773
-1000.08
0.0866485
-0.0537904
-1000.11
0.0629632
-0.0552296
-1000.14
0.0331899
-0.0562634
-1000.15
-0.0567236
-1000.16
0.100276
-0.0717038
-1000.07
0.0852174
-0.0740064
-1000.1
0.0619292
-0.0759687
-1000.12
0.0326219
-0.0774013
-1000.14
-0.0780404
-1000.15
0.0979704
-0.0842741
-1000.05
0.083254
-0.0869466
-1000.08
0.0604875
-0.089243
-1000.1
0.0318305
-0.0909353
-1000.12
-0.09167
-1000.13
0.0952951
-1000.03
0.0809581
-1000.05
0.058785
-1000.08
0.0309176
-1000.09
-1000.1
0.0747213
-0.0200484
-1000.07
0.0634977
-0.0206807
-1000.09
0.0461407
-0.0211994
-1000.11
0.0243175
-0.0215591
-1000.12
-0.0217219
-1000.13
0.074238
-0.0382069
-1000.06
0.0631074
-0.0393397
-1000.08
0.0458722
-0.0402959
-1000.1
0.0241609
-0.040994
-1000.11
-0.0413
-1000.12
0.0731124
-0.0526711
-1000.05
0.0621579
-0.0541504
-1000.07
0.0451738
-0.0554535
-1000.09
0.0237759
-0.0564155
-1000.1
-0.0568218
-1000.11
0.0716327
-0.0619756
-1000.04
0.060854
-0.0636936
-1000.06
0.0442055
-0.0651809
-1000.07
0.0232577
-0.0662783
-1000.09
-0.0667057
-1000.09
0.0699145
-1000.02
0.0593661
-1000.04
0.0430992
-1000.06
0.0226984
-1000.07
-1000.07
0.0544097
-0.0147486
-1000.05
0.0462786
-0.0151591
-1000.07
0.0336416
-0.0154924
-1000.08
0.0177092
-0.015742
-1000.09
-0.0158642
-1000.09
0.05411
-0.028084
-1000.05
0.0460409
-0.0288241
-1000.06
0.0334585
-0.0294646
-1000.07
0.0175909
-0.02994
-1000.08
-0.030131
-1000.09
0.0533756
-0.038666
-1000.04
0.0454053
-0.0396647
-1000.05
0.0329828
-0.0405372
-1000.07
0.0173416
-0.041167
-1000.07
-0.0414021
-1000.08
0.0523781
-0.0455144
-1000.03
0.0445317
-0.0466852
-1000.04
0.0323477
-0.0476449
-1000.05
0.0170234
-0.0483186
-1000.06
-0.0485409
-1000.07
0.0512081
-1000.02
0.043572
-1000.03
0.0316675
-1000.04
0.0167043
-1000.05
-1000.05
0.039718
-0.0108783
-1000.04
0.0338009
-0.0111259
-1000.05
0.0245578
-0.011351
-1000.06
0.0129018
-0.0115332
-1000.06
-0.011616
-1000.07
0.0395526
-0.0206194
-1000.03
0.0336453
-0.0211295
-1000.05
0.0244243
-0.0215679
-1000.05
0.0128218
-0.0218827
-1000.06
-0.0219874
-1000.06
0.039048
-0.0283351
-1000.03
0.0332107
-0.0290596
-1000.04
0.0241091
-0.0296381
-1000.05
0.0126738
-0.0300307
-1000.06
-0.0301602
-1000.06
0.0383203
-0.0332837
-1000.02
0.0326313
-0.0341291
-1000.03
0.0237105
-0.0347749
-1000.04
0.0124826
-0.0352042
-1000.05
-0.035345
-1000.05
0.0374758
-1000.01
0.0319902
-1000.02
0.0232773
-1000.03
0.0122717
-1000.04
-1000.04
0.0290788
-0.00800648
-1000.03
0.0247294
-0.00816943
-1000.04
0.0179432
-0.00833547
-1000.04
0.00941695
-0.00846283
-1000.05
-0.00850356
-1000.05
0.0289761
-0.0151459
-1000.03
0.0246148
-0.0154922
-1000.03
0.0178519
-0.0157871
-1000.04
0.00937841
-0.0159835
-1000.05
-0.0160368
-1000.05
0.0286338
-0.0208246
-1000.02
0.0243244
-0.021295
-1000.03
0.0176544
-0.0216643
-1000.04
0.00929316
-0.0219103
-1000.04
-0.0219943
-1000.04
0.0281517
-0.0243763
-1000.02
0.0239561
-0.0249177
-1000.02
0.0174025
-0.0253716
-1000.03
0.00916401
-0.0256928
-1000.03
-0.0258221
-1000.04
0.0276064
-1000.01
0.0235127
-1000.02
0.0170764
-1000.02
0.00898306
-1000.03
-1000.03
0.0213262
-0.00590766
-1000.02
0.0181236
-0.00600935
-1000.03
0.0131383
-0.00612481
-1000.03
0.00690597
-0.00620107
-1000.03
-0.0062104
-1000.04
0.0212673
-0.011163
-1000.02
0.018048
-0.0113563
-1000.02
0.0130883
-0.011546
-1000.03
0.00689823
-0.011667
-1000.03
-0.0116998
-1000.04
0.0210714
-0.015376
-1000.02
0.0178647
-0.0156022
-1000.02
0.0129655
-0.0158416
-1000.03
0.00684221
-0.0160134
-1000.03
-0.0160797
-1000.03
0.0208197
-0.0179983
-1000.01
0.0176283
-0.0182691
-1000.02
0.0127881
-0.0185777
-1000.02
0.00674302
-0.0188279
-1000.03
-0.0189335
-1000.03
0.0205554
-1000.01
0.0173363
-1000.01
0.0125334
-1000.02
0.00659818
-1000.02
-1000.02
0.0156867
-0.0043627
-1000.02
0.0133185
-0.00441814
-1000.02
0.00965253
-0.00449023
-1000.02
0.00509104
-0.00452963
-1000.03
-0.00452518
-1000.03
0.0156611
-0.00821503
-1000.01
0.0132764
-0.0083142
-1000.02
0.00963094
-0.00843892
-1000.02
0.00509628
-0.00851612
-1000.02
-0.00853922
-1000.03
0.0155533
-0.0113291
-1000.01
0.0131597
-0.0114218
-1000.02
0.00955217
-0.0115939
-1000.02
0.00505642
-0.0117185
-1000.02
-0.0117638
-1000.02
0.0154151
-0.0133414
-1000.01
0.0129911
-0.0134825
-1000.01
0.00942122
-0.0136655
-1000.02
0.00498619
-0.0138179
-1000.02
-0.0138661
-1000.02
0.0152818
-1000.01
0.012838
-1000.01
0.0092688
-1000.01
0.00490921
-1000.02
-1000.02
0.0115529
-0.00319337
-1000.01
0.00978934
-0.00324379
-1000.01
0.00709937
-0.00328807
-1000.02
0.00375905
-0.0033046
-1000.02
-0.00329568
-1000.02
0.011524
-0.00602197
-1000.01
0.00976558
-0.00609536
-1000.01
0.00709503
-0.00617205
-1000.02
0.00376875
-0.0062133
-1000.02
-0.0062238
-1000.02
0.0114445
-0.00829954
-1000.01
0.00969609
-0.00836795
-1000.01
0.00705371
-0.00848476
-1000.01
0.00374607
-0.00855752
-1000.02
-0.00857607
-1000.02
0.0113382
-0.00985704
-1000.01
0.00958058
-0.00995295
-1000.01
0.00697506
-0.0100432
-1000.01
0.00370879
-0.0100936
-1000.01
-0.0100895
-1000.01
0.0112373
-1000
0.00953171
-1000.01
0.00692978
-1000.01
0.00369316
-1000.01
-1000.01
0.00844922
-0.00234959
-1000.01
0.0071639
-0.0023987
-1000.01
0.00521446
-0.00241781
-1000.01
0.00277537
-0.00241546
-1000.01
-0.00240225
-1000.01
0.00841653
-0.00444442
-1000.01
0.00715931
-0.00448805
-1000.01
0.0052271
-0.00451366
-1000.01
0.00278943
-0.00452174
-1000.01
-0.0045214
-1000.01
0.00836824
-0.00607928
-1000.01
0.00713883
-0.00613473
-1000.01
0.00521982
-0.00619187
-1000.01
0.00278116
-0.00621813
-1000.01
-0.00621874
-1000.01
0.00828536
-0.00721754
-1000
0.00708303
-0.007283
-1000.01
0.00519019
-0.0073228
-1000.01
0.00276729
-0.0073205
-1000.01
-0.00730151
-1000.01
0.00821229
-1000
0.00706861
-1000
0.00519663
-1000.01
0.00277103
-1000.01
-1000.01
0.00615377
-0.00177476
-1000.01
0.00524568
-0.00178845
-1000.01
0.00384425
-0.00178173
-1000.01
0.00206055
-0.00176715
-1000.01
-0.0017528
-1000.01
0.00615285
-0.0032959
-1000.01
0.00526451
-0.00329257
-1000.01
0.00386831
-0.00328368
-1000.01
0.00207678
-0.00327725
-1000.01
-0.00327555
-1000.01
0.00615289
-0.00443957
-1000
0.00527674
-0.00446923
-1000.01
0.00387493
-0.00449201
-1000.01
0.00207223
-0.00449948
-1000.01
-0.00449792
-1000.01
0.00610013
-0.00517134
-1000
0.00525454
-0.00524234
-1000
0.0038666
-0.00529084
-1000.01
0.00206493
-0.00529441
-1000.01
-0.00529042
-1000.01
0.00602138
-1000
0.00521934
-1000
0.00386306
-1000
0.00205556
-1000.01
-1000.01
0.00456767
-0.00133412
-1000
0.00390229
-0.00131445
-1000.01
0.00287418
-0.00130047
-1000.01
0.00155024
-0.00128929
-1000.01
-0.00127777
-1000.01
0.00459772
-0.00239347
-1000
0.00392757
-0.00237249
-1000.01
0.00289408
-0.0023676
-1000.01
0.00156315
-0.00236884
-1000.01
-0.00237331
-1000.01
0.00462106
-0.00319769
-1000
0.00393564
-0.00321059
-1000
0.00289112
-0.00323737
-1000.01
0.00155563
-0.0032534
-1000.01
-0.00326051
-1000.01
0.00458987
-0.00366995
-1000
0.00390791
-0.00373551
-1000
0.00287525
-0.00381086
-1000
0.00154395
-0.00383854
-1000.01
-0.00385765
-1000.01
0.00451303
-1000
0.0038514
-1000
0.00284361
-1000
0.00151452
-1000
-1000
0.00349685
-0.000954598
-1000
0.00297447
-0.00093538
-1000
0.00219287
-0.000935647
-1000
0.00118659
-0.000934759
-1000
-0.000927276
-1000.01
0.00351794
-0.00169837
-1000
0.00298735
-0.00168435
-1000
0.00219876
-0.00170432
-1000
0.00119556
-0.00171948
-1000
-0.00173023
-1000
0.00352572
-0.0023109
-1000
0.00297661
-0.00230193
-1000
0.00218099
-0.00233663
-1000
0.00118447
-0.00236603
-1000
-0.00238494
-1000
0.0035236
-0.00270044
-1000
0.00293578
-0.00269745
-1000
0.00214566
-0.00275096
-1000
0.00116045
-0.00280168
-1000
-0.00283649
-1000
0.00351384
-1000
0.00290775
-1000
0.00210351
-1000
0.00111999
-1000
-1000
0.00273104
-0.000673192
-1000
0.00232489
-0.000663572
-1000
0.00171661
-0.000671995
-1000
0.000929476
-0.000678317
-1000
-0.00067511
-1000
0.00273734
-0.00122755
-1000
0.00232408
-0.00121164
-1000
0.00171246
-0.00125051
-1000
0.000933433
-0.00127536
-1000
-0.00129097
-1000
0.00274079
-0.00173465
-1000
0.0022994
-0.00168105
-1000
0.00168848
-0.00172529
-1000
0.000918959
-0.00176148
-1000
-0.0017903
-1000
0.00277159
-0.00210376
-1000
0.00225634
-0.00201941
-1000
0.00163427
-0.00202751
-1000
0.000881636
-0.0020871
-1000
-0.00212961
-1000
0.00284593
-1000
0.00227437
-1000
0.00159467
-1000
0.000845406
-1000
-1000
0.00218581
-0.000512084
-1000
0.00188578
-0.000491183
-1000
0.00139916
-0.000497621
-1000
0.000752945
-0.000506843
-1000
-0.000509992
-1000
0.0022002
-0.000949833
-1000
0.00188488
-0.000919355
-1000
0.00139108
-0.00096517
-1000
0.000746409
-0.000997746
-1000
-0.00101635
-1000
0.00221494
-0.00137855
-1000
0.00185256
-0.00128999
-1000
0.00136141
-0.00133949
-1000
0.000728623
-0.00138581
-1000
-0.00141527
-1000
0.00228115
-0.00177305
-1000
0.0018074
-0.00161182
-1000
0.00129551
-0.00159176
-1000
0.000688075
-0.00164001
-1000
-0.00166879
-1000
0.00239652
-1000
0.00185853
-1000
0.00126542
-1000
0.000670592
-1000
-1000
0.00185242
-0.00041323
-1000
0.00161549
-0.000383817
-1000
0.00119515
-0.000392373
-1000
0.000624755
-0.000406351
-1000
-0.000422613
-1000
0.00187915
-0.000775115
-1000
0.00161158
-0.000753074
-1000
0.00117953
-0.000803378
-1000
0.000608064
-0.000841414
-1000
-0.00085791
-1000
0.00188807
-0.0011616
-1000
0.00156563
-0.00107348
-1000
0.00114314
-0.0011191
-1000
0.000590743
-0.0011674
-1000
-0.00118464
-1000
0.00198303
-0.0016571
-1000
0.0015243
-0.00140942
-1000
0.00108224
-0.00135643
-1000
0.000563608
-0.00137384
-1000
-0.00136975
-1000
0.00210464
-1000
0.00157749
-1000
0.00107742
-1000
0.000573187
-1000
-1000
0.00171095
-0.000340011
0.00148239
-0.000328721
0.00108033
-0.000348255
0.000541638
-0.000371973
-0.00039722
0.0017261
-0.000685321
0.00146552
-0.000689843
0.00105672
-0.000736126
0.000513163
-0.00077332
-0.000780789
0.00172024
-0.00106429
0.00141631
-0.0010026
0.00102055
-0.00101455
0.000503392
-0.0010512
-0.00105852
0.00183216
-0.00170599
0.00140808
-0.00147092
0.000980772
-0.00131112
0.000493631
-0.00126335
-0.00121933
0.00198057
0.00145456
0.00102131
0.000536286
)
;

boundaryField
{
    inlet
    {
        type            calculated;
        value           nonuniform List<scalar> 
25
(
-1000
-1000
-1000
-1000
-1000
-1000
-1000
-1000
-1000
-1000
-1000
-1000
-1000
-1000
-1000
-1000
-1000
-1000
-1000
-1000
-1000
-1000
-1000
-1000
-1000
)
;
    }
    outlet
    {
        type            calculated;
        value           nonuniform List<scalar> 
25
(
1000
1000
1000
1000
1000
1000
1000
1000
1000
1000
1000
1000
1000
1000
1000
1000
1000
1000
1000
1000
1000
1000
1000
1000
1000
)
;
    }
    repeat_boundary
    {
        type            calculated;
        value           uniform 0;
    }
    procBoundary1to0
    {
        type            processor;
        value           nonuniform List<scalar> 
450
(
9.14377e-05
9.2637e-05
8.77119e-05
8.42531e-05
0.000106388
0.000240871
0.000240498
0.000233149
0.000235136
0.00027379
0.000406317
0.000404296
0.000397902
0.000381431
0.000468918
0.000602797
0.000602121
0.000595887
0.000590915
0.000711484
0.000856186
0.000855664
0.00084532
0.00083153
0.000886995
0.00119352
0.00119288
0.0011773
0.00114335
0.00117767
0.0016349
0.00163091
0.00160579
0.00157769
0.00160072
0.00220264
0.00219279
0.00216332
0.00215253
0.00224904
0.00293401
0.00292165
0.00290046
0.00288831
0.00303001
0.00389577
0.00388725
0.00388005
0.00385024
0.00400042
0.00518967
0.00518712
0.00518265
0.00514753
0.00526563
0.0069486
0.00695276
0.00694356
0.0069021
0.00689304
0.00933953
0.00935552
0.00934686
0.00929854
0.00917534
0.0125801
0.0126143
0.0126169
0.0125845
0.0124655
0.01697
0.0170222
0.017036
0.0170382
0.01702
0.0229263
0.022991
0.0230043
0.0230235
0.0230832
0.0310168
0.0310953
0.0311056
0.0311247
0.0311524
0.0420124
0.0421157
0.0421379
0.042183
0.0421935
0.0569681
0.0571025
0.0571413
0.0572495
0.0573861
0.0773267
0.0774842
0.0775062
0.0776432
0.0779342
0.105052
0.105213
0.105156
0.105227
0.105522
0.142817
0.142938
0.142708
0.142633
0.142855
0.194292
0.19425
0.193635
0.193288
0.193534
0.264563
0.264063
0.262572
0.261572
0.261878
0.360686
0.359118
0.355755
0.353225
0.353294
0.492337
0.488525
0.481396
0.475667
0.474807
0.671863
0.66379
0.649578
0.637782
0.635122
0.910227
0.895271
0.869529
0.847979
0.843792
1.20724
1.18158
1.13936
1.10596
1.1085
1.5703
1.52078
1.44365
1.38869
1.4271
2.04967
1.95272
1.79761
1.66899
1.77809
2.70087
2.52424
2.23624
1.91094
2.14477
3.5636
3.27486
2.77324
1.96865
2.51341
4.57494
4.27637
3.37178
1.52543
2.78536
5.29289
5.63629
3.97373
0.0371109
2.63804
3.40543
6.81015
4.48067
-7.27258
0.830505
11.6238
28.1618
4.12792
-40.6395
-8.27738
-61.4973
-14.4205
20.3654
-7.18529
-7.83388
-83.2315
210.764
34.8374
-379.674
-116.733
-133.321
-440.287
60.0156
330.617
2.89721
-144.453
32.7487
13.9493
-184.605
-11.6625
-82.6235
12.4558
-94.0037
376.849
4.74924
355.733
452.446
-50.9247
872.611
268.41
105.955
920.442
466.671
-54.1445
-185.105
-50.5706
-422.338
263.239
-19.775
-5.40864
-68.4575
-332.863
-253.867
-171.132
-96.0339
142.635
132.44
-171.308
-319.313
-786.406
19.3585
26.0746
1.09054
-252.112
-29.4836
96.9806
-406.095
-162.798
274.065
-44.3143
313.868
123.654
-97.7655
-33.8347
-496.057
-28.6959
-49.5074
162.273
-41.4261
-120.504
-34.2945
-17.7386
-153.26
95.6815
13.958
676.708
474.656
30.6518
-442.653
108.121
-585.719
-248.362
-405.957
-82.4915
59.495
-69.4567
-47.0577
-97.6461
-101.469
-17.507
-115.402
-71.5986
-88.0834
-59.5798
-33.5902
-68.6652
-52.4619
-56.7263
-40.1334
-30.6588
-44.7794
-37.4372
-37.2559
-27.9133
-23.6556
-29.1689
-25.8664
-24.5877
-19.553
-17.0051
-19.0743
-17.5336
-16.3044
-13.626
-11.8638
-12.5424
-11.7803
-10.8889
-9.43581
-8.2187
-8.41656
-8.02144
-7.43453
-6.60092
-5.79194
-5.80324
-5.58407
-5.2106
-4.70707
-4.18118
-4.06905
-3.94025
-3.70475
-3.39212
-3.05329
-2.87865
-2.80051
-2.652
-2.45511
-2.23723
-2.04769
-1.99949
-1.9056
-1.78059
-1.64037
-1.46242
-1.43242
-1.37289
-1.29318
-1.20296
-1.04781
-1.02905
-0.991164
-0.940182
-0.882137
-0.75283
-0.741076
-0.716873
-0.684159
-0.646744
-0.542221
-0.534856
-0.519348
-0.498306
-0.47414
-0.391393
-0.386769
-0.376807
-0.363239
-0.347553
-0.283075
-0.280169
-0.273768
-0.265016
-0.254771
-0.20508
-0.203264
-0.199167
-0.19357
-0.187003
-0.148801
-0.147668
-0.145027
-0.141445
-0.137352
-0.108137
-0.107424
-0.105677
-0.103279
-0.100544
-0.0787119
-0.0782696
-0.0771118
-0.075464
-0.0734029
-0.0573586
-0.0570985
-0.0563774
-0.05536
-0.0539937
-0.0418153
-0.0416605
-0.0412308
-0.0407079
-0.040161
-0.0304919
-0.0303847
-0.0300936
-0.0297836
-0.0296877
-0.022257
-0.0221769
-0.0219426
-0.0216285
-0.0213687
-0.016277
-0.016225
-0.0160482
-0.015733
-0.0150926
-0.0119292
-0.0119017
-0.0117998
-0.0115817
-0.0108885
-0.00876252
-0.0087444
-0.00869826
-0.00863122
-0.00826201
-0.00646179
-0.00643857
-0.00640381
-0.00641009
-0.00638702
-0.00480046
-0.00476877
-0.00471502
-0.00469818
-0.00475695
-0.00361024
-0.00357821
-0.00350726
-0.00345002
-0.00335438
-0.00276497
-0.00274471
-0.00267803
-0.00258566
-0.00219891
-0.00218106
-0.00217443
-0.00211782
-0.00199551
-0.00143471
-0.0018045
-0.00180448
-0.00174785
-0.00156405
-0.000960527
-0.00162442
-0.0016232
-0.00154702
-0.00124606
-0.000537829
)
;
    }
    procBoundary1to3
    {
        type            processor;
        value           nonuniform List<scalar> 
450
(
0.000185378
0.000199504
0.000216499
0.00022093
0.000221647
0.000531393
0.00052449
0.000575351
0.00059253
0.000593757
0.000916759
0.000948402
0.000998059
0.00102635
0.00103385
0.00142142
0.00148625
0.00153507
0.00156208
0.00157343
0.00214125
0.00217286
0.00223188
0.00225602
0.00226834
0.00307478
0.00310138
0.00316514
0.00318692
0.00319285
0.00434913
0.00439638
0.00443204
0.00444892
0.00445114
0.00608149
0.00615283
0.00615843
0.00617171
0.00617196
0.0084372
0.00849042
0.00850835
0.00852041
0.00851908
0.011623
0.0116648
0.0116992
0.0117142
0.0117092
0.0159303
0.0159868
0.0160293
0.0160526
0.0160382
0.0217255
0.0218507
0.0219082
0.0219412
0.0219114
0.0296339
0.0298094
0.0298894
0.0299298
0.0298798
0.0405532
0.0406651
0.0407375
0.0407727
0.0406947
0.0554831
0.0554754
0.0554937
0.0555014
0.055381
0.07563
0.0755862
0.0755433
0.0755117
0.075333
0.102854
0.102828
0.102754
0.102693
0.102442
0.139921
0.139819
0.139708
0.139621
0.139275
0.190462
0.190166
0.189957
0.189813
0.189327
0.259071
0.25862
0.258275
0.25803
0.257342
0.352053
0.351552
0.351077
0.350701
0.349736
0.47841
0.477747
0.477089
0.476537
0.475194
0.650382
0.649219
0.648189
0.647354
0.645475
0.884072
0.882081
0.88041
0.879107
0.876453
1.20097
1.19791
1.19526
1.19322
1.1894
1.63006
1.62558
1.62138
1.61819
1.61252
2.20972
2.20334
2.19619
2.19132
2.18238
2.98839
2.98055
2.96648
2.95964
2.94388
4.02007
4.01834
3.98328
3.97639
3.94298
5.33912
5.38433
5.27229
5.27781
5.19273
6.8711
7.14271
6.75906
6.86891
6.64256
8.31093
9.39529
8.23793
8.80386
8.22728
9.06129
12.2868
9.37784
11.1383
9.80509
7.87232
15.7911
9.56588
13.6935
10.9947
1.95168
19.2093
7.52533
15.8916
11.0273
-15.6348
20.3487
0.768401
16.2541
8.38181
-104.872
6.83395
-23.0437
13.9747
13.2364
-88.5226
24.6335
-43.5843
-0.832268
-39.7594
-872.644
-258.015
-199.404
-107.04
65.0268
765.711
429.089
-56.736
79.9866
-265.942
-54.5367
-162.124
-38.6809
-13.6376
100.018
-438.2
-132.967
223.422
2.86005
-54.42
1633.71
271.123
101.881
-16.2213
-9.92945
491.659
85.5295
21.8058
79.5118
442.3
-23.82
-31.228
-90.8835
735.08
202.804
295.798
318.284
-2.12013
715.577
120.611
-34.643
73.1708
-297.902
-81.4073
-30.4812
-60.1477
-276.681
-57.0655
-90.3144
-729.96
829.366
175.729
24.0379
215.235
-34.4627
534.037
-254.293
0.547461
397.384
-405.706
-209.723
-28.5508
-49.0612
-21.9058
-263.046
-59.2298
13.7408
-2.77528
1.13815
108.996
213.22
119.599
-28.2212
-182.551
-228.385
-29.072
71.6164
-205.531
-243.357
15.9551
-5.2003
-5.18978
-70.5154
-95.5155
-84.7965
-26.441
-17.2444
-59.1659
-63.3052
-47.2692
-22.1248
-19.1293
-39.0849
-40.8275
-40.5101
-17.187
-16.9353
-26.8817
-27.893
-29.2154
-12.745
-13.7522
-18.7446
-19.4376
-20.595
-9.38996
-10.6712
-13.1325
-13.7638
-14.4747
-6.95285
-7.98892
-9.23063
-9.80301
-10.202
-5.1219
-5.8406
-6.53892
-6.96613
-7.20613
-3.75037
-4.22922
-4.65697
-4.94817
-5.10016
-2.74147
-3.05535
-3.32721
-3.5198
-3.61761
-2.00313
-2.20777
-2.38301
-2.50904
-2.57219
-1.46376
-1.59693
-1.71053
-1.79267
-1.83343
-1.0702
-1.15668
-1.23041
-1.28385
-1.31011
-0.782882
-0.839001
-0.886847
-0.921566
-0.93847
-0.572913
-0.609366
-0.640426
-0.662975
-0.673831
-0.419412
-0.443126
-0.463297
-0.477937
-0.484886
-0.307073
-0.322576
-0.3357
-0.345208
-0.349641
-0.224906
-0.23502
-0.243577
-0.249769
-0.252596
-0.165041
-0.171457
-0.176978
-0.181002
-0.1828
-0.121253
-0.125293
-0.1288
-0.131382
-0.132507
-0.0887724
-0.0915625
-0.0938542
-0.0955096
-0.0962038
-0.0648018
-0.0668251
-0.0684085
-0.0695022
-0.0699397
-0.047707
-0.0488581
-0.0498869
-0.0506118
-0.0508972
-0.0355532
-0.0359243
-0.0364584
-0.0368981
-0.0370771
-0.0262799
-0.026453
-0.0266999
-0.0269434
-0.0270454
-0.0188191
-0.0193109
-0.0195296
-0.0196919
-0.0197521
-0.0131909
-0.0139467
-0.0142272
-0.0143813
-0.0144276
-0.00946686
-0.0100743
-0.0103377
-0.010481
-0.0105224
-0.00716965
-0.00736871
-0.00752054
-0.00762154
-0.00765544
-0.00550102
-0.00545174
-0.00548753
-0.00553859
-0.00556373
-0.00401144
-0.00402251
-0.00400459
-0.00403547
-0.0040555
-0.00268399
-0.00292154
-0.00293065
-0.00296412
-0.00298185
-0.00156721
-0.0021057
-0.00216699
-0.0022122
-0.00222712
-0.000793673
-0.00151488
-0.0016377
-0.00169917
-0.00170947
-0.000307204
-0.0010782
-0.00128329
-0.00135913
-0.00136668
0.000126549
-0.000600663
-0.000989982
-0.00113191
-0.00116502
)
;
    }
}


// ************************************************************************* //
