/*--------------------------------*- C++ -*----------------------------------*\
| =========                 |                                                 |
| \\      /  F ield         | OpenFOAM: The Open Source CFD Toolbox           |
|  \\    /   O peration     | Version:  5.x                                   |
|   \\  /    A nd           | Web:      www.OpenFOAM.org                      |
|    \\/     M anipulation  |                                                 |
\*---------------------------------------------------------------------------*/
FoamFile
{
    version     2.0;
    format      ascii;
    class       volVectorField;
    location    "90000";
    object      Us;
}
// * * * * * * * * * * * * * * * * * * * * * * * * * * * * * * * * * * * * * //

dimensions      [0 1 -1 0 0 0 0];

internalField   nonuniform List<vector> 
2250
(
(0 0 0)
(0 0 0)
(0 0 0)
(0 0 0)
(0 0 0)
(0 0 0)
(0 0 0)
(0 0 0)
(0 0 0)
(0 0 0)
(0 0 0)
(0 0 0)
(0 0 0)
(0 0 0)
(0 0 0)
(0 0 0)
(0 0 0)
(0 0 0)
(0 0 0)
(0 0 0)
(0 0 0)
(0 0 0)
(0 0 0)
(0 0 0)
(0 0 0)
(0 0 0)
(0 0 0)
(0 0 0)
(0 0 0)
(0 0 0)
(0 0 0)
(0 0 0)
(0 0 0)
(0 0 0)
(0 0 0)
(0 0 0)
(0 0 0)
(0 0 0)
(0 0 0)
(0 0 0)
(0 0 0)
(0 0 0)
(0 0 0)
(0 0 0)
(0 0 0)
(0 0 0)
(0 0 0)
(0 0 0)
(0 0 0)
(0 0 0)
(0 0 0)
(0 0 0)
(0 0 0)
(0 0 0)
(0 0 0)
(0 0 0)
(0 0 0)
(0 0 0)
(0 0 0)
(0 0 0)
(0 0 0)
(0 0 0)
(0 0 0)
(0 0 0)
(0 0 0)
(0 0 0)
(0 0 0)
(0 0 0)
(0 0 0)
(0 0 0)
(0 0 0)
(0 0 0)
(0 0 0)
(0 0 0)
(0 0 0)
(0 0 0)
(0 0 0)
(0 0 0)
(0 0 0)
(0 0 0)
(0 0 0)
(0 0 0)
(0 0 0)
(0 0 0)
(0 0 0)
(0 0 0)
(0 0 0)
(0 0 0)
(0 0 0)
(0 0 0)
(0 0 0)
(0 0 0)
(0 0 0)
(0 0 0)
(0 0 0)
(0 0 0)
(0 0 0)
(0 0 0)
(0 0 0)
(0 0 0)
(0 0 0)
(0 0 0)
(0 0 0)
(0 0 0)
(0 0 0)
(0 0 0)
(0 0 0)
(0 0 0)
(0 0 0)
(0 0 0)
(0 0 0)
(0 0 0)
(0 0 0)
(0 0 0)
(0 0 0)
(0 0 0)
(0 0 0)
(0 0 0)
(0 0 0)
(0 0 0)
(0 0 0)
(0 0 0)
(0 0 0)
(0 0 0)
(0 0 0)
(0 0 0)
(0 0 0)
(0 0 0)
(0 0 0)
(0 0 0)
(0 0 0)
(0 0 0)
(0 0 0)
(0 0 0)
(0 0 0)
(0 0 0)
(0 0 0)
(0 0 0)
(0 0 0)
(0 0 0)
(0 0 0)
(0 0 0)
(0 0 0)
(0 0 0)
(0 0 0)
(0 0 0)
(0 0 0)
(0 0 0)
(0 0 0)
(0 0 0)
(0 0 0)
(0 0 0)
(0 0 0)
(0 0 0)
(0 0 0)
(0 0 0)
(0 0 0)
(0 0 0)
(0 0 0)
(0 0 0)
(0 0 0)
(0 0 0)
(0 0 0)
(0 0 0)
(0 0 0)
(0 0 0)
(0 0 0)
(0 0 0)
(0 0 0)
(0 0 0)
(0 0 0)
(0 0 0)
(0 0 0)
(0 0 0)
(0 0 0)
(0 0 0)
(0 0 0)
(0 0 0)
(0 0 0)
(0 0 0)
(0 0 0)
(0 0 0)
(0 0 0)
(0 0 0)
(0 0 0)
(0 0 0)
(0 0 0)
(0 0 0)
(0 0 0)
(0 0 0)
(0 0 0)
(0 0 0)
(0 0 0)
(0 0 0)
(0 0 0)
(0 0 0)
(0 0 0)
(0 0 0)
(0 0 0)
(0 0 0)
(0 0 0)
(0 0 0)
(0 0 0)
(0 0 0)
(0 0 0)
(0 0 0)
(0 0 0)
(0 0 0)
(0 0 0)
(0 0 0)
(0 0 0)
(0 0 0)
(0 0 0)
(0 0 0)
(0 0 0)
(0 0 0)
(0 0 0)
(0 0 0)
(0 0 0)
(0 0 0)
(0 0 0)
(0 0 0)
(0 0 0)
(0 0 0)
(0 0 0)
(0 0 0)
(0 0 0)
(0 0 0)
(0 0 0)
(0 0 0)
(0 0 0)
(0 0 0)
(0 0 0)
(0 0 0)
(0 0 0)
(0 0 0)
(0 0 0)
(0 0 0)
(0 0 0)
(0 0 0)
(0 0 0)
(0 0 0)
(0 0 0)
(0 0 0)
(0 0 0)
(0 0 0)
(0 0 0)
(0 0 0)
(0 0 0)
(0 0 0)
(0 0 0)
(0 0 0)
(0 0 0)
(0 0 0)
(0 0 0)
(0 0 0)
(0 0 0)
(0 0 0)
(0 0 0)
(0 0 0)
(0 0 0)
(0 0 0)
(0 0 0)
(0 0 0)
(0 0 0)
(0 0 0)
(0 0 0)
(0 0 0)
(0 0 0)
(0 0 0)
(0 0 0)
(0 0 0)
(0 0 0)
(0 0 0)
(0 0 0)
(0 0 0)
(0 0 0)
(0 0 0)
(0 0 0)
(0 0 0)
(0 0 0)
(0 0 0)
(0 0 0)
(0 0 0)
(0 0 0)
(0 0 0)
(0 0 0)
(0 0 0)
(0 0 0)
(0 0 0)
(0 0 0)
(0 0 0)
(0 0 0)
(0 0 0)
(0 0 0)
(0 0 0)
(0 0 0)
(0 0 0)
(0 0 0)
(0 0 0)
(0 0 0)
(0 0 0)
(0 0 0)
(0 0 0)
(0 0 0)
(0 0 0)
(0 0 0)
(0 0 0)
(0 0 0)
(0 0 0)
(0 0 0)
(0 0 0)
(0 0 0)
(0 0 0)
(0 0 0)
(0 0 0)
(0 0 0)
(0 0 0)
(0 0 0)
(0 0 0)
(0 0 0)
(0 0 0)
(0 0 0)
(0 0 0)
(0 0 0)
(0 0 0)
(0 0 0)
(0 0 0)
(0 0 0)
(0 0 0)
(0 0 0)
(0 0 0)
(0 0 0)
(0 0 0)
(0 0 0)
(0 0 0)
(0 0 0)
(0 0 0)
(0 0 0)
(0 0 0)
(0 0 0)
(0 0 0)
(0 0 0)
(0 0 0)
(0 0 0)
(0 0 0)
(0 0 0)
(0 0 0)
(0 0 0)
(0 0 0)
(0 0 0)
(0 0 0)
(0 0 0)
(0 0 0)
(0 0 0)
(0 0 0)
(0 0 0)
(0 0 0)
(0 0 0)
(0 0 0)
(0 0 0)
(0 0 0)
(0 0 0)
(0 0 0)
(0 0 0)
(0 0 0)
(0 0 0)
(0 0 0)
(0 0 0)
(0 0 0)
(0 0 0)
(0 0 0)
(0 0 0)
(0 0 0)
(0 0 0)
(0 0 0)
(0 0 0)
(0 0 0)
(0 0 0)
(0 0 0)
(0 0 0)
(0 0 0)
(0 0 0)
(0 0 0)
(0 0 0)
(0 0 0)
(0 0 0)
(0 0 0)
(0 0 0)
(0 0 0)
(0 0 0)
(0 0 0)
(0 0 0)
(0 0 0)
(0 0 0)
(0 0 0)
(0 0 0)
(0 0 0)
(0 0 0)
(0 0 0)
(0 0 0)
(0 0 0)
(0 0 0)
(0 0 0)
(0 0 0)
(0 0 0)
(0 0 0)
(0 0 0)
(0 0 0)
(0 0 0)
(0 0 0)
(0 0 0)
(0 0 0)
(0 0 0)
(0 0 0)
(0 0 0)
(0 0 0)
(0 0 0)
(0 0 0)
(0 0 0)
(0 0 0)
(0 0 0)
(0 0 0)
(0 0 0)
(0 0 0)
(0 0 0)
(0 0 0)
(0 0 0)
(0 0 0)
(0 0 0)
(0 0 0)
(0 0 0)
(0 0 0)
(0 0 0)
(0 0 0)
(0 0 0)
(0 0 0)
(0 0 0)
(0 0 0)
(0 0 0)
(0 0 0)
(0 0 0)
(0 0 0)
(0 0 0)
(0 0 0)
(0 0 0)
(0 0 0)
(0 0 0)
(0 0 0)
(0 0 0)
(0 0 0)
(0 0 0)
(0 0 0)
(0 0 0)
(0 0 0)
(0 0 0)
(0 0 0)
(0 0 0)
(0 0 0)
(0 0 0)
(0 0 0)
(0 0 0)
(0 0 0)
(0 0 0)
(0 0 0)
(0 0 0)
(0 0 0)
(0 0 0)
(0 0 0)
(0 0 0)
(0 0 0)
(0 0 0)
(0 0 0)
(0 0 0)
(0 0 0)
(0 0 0)
(0 0 0)
(0 0 0)
(0 0 0)
(0 0 0)
(0 0 0)
(0 0 0)
(0 0 0)
(0 0 0)
(0 0 0)
(0 0 0)
(0 0 0)
(0 0 0)
(0 0 0)
(0 0 0)
(0 0 0)
(0 0 0)
(0 0 0)
(0 0 0)
(0 0 0)
(0 0 0)
(0 0 0)
(0 0 0)
(0 0 0)
(0 0 0)
(0 0 0)
(0 0 0)
(0 0 0)
(0 0 0)
(0 0 0)
(0 0 0)
(0 0 0)
(0 0 0)
(0 0 0)
(0 0 0)
(0 0 0)
(0 0 0)
(0 0 0)
(0 0 0)
(0 0 0)
(0 0 0)
(0 0 0)
(0 0 0)
(0 0 0)
(0 0 0)
(0 0 0)
(0 0 0)
(0 0 0)
(0 0 0)
(0 0 0)
(0 0 0)
(0 0 0)
(0 0 0)
(0 0 0)
(0 0 0)
(0 0 0)
(0 0 0)
(0 0 0)
(0 0 0)
(0 0 0)
(0 0 0)
(0 0 0)
(0 0 0)
(0 0 0)
(0 0 0)
(0 0 0)
(0 0 0)
(0 0 0)
(0 0 0)
(0 0 0)
(0 0 0)
(0 0 0)
(0 0 0)
(0 0 0)
(0 0 0)
(0 0 0)
(0 0 0)
(0 0 0)
(0 0 0)
(0 0 0)
(0 0 0)
(0 0 0)
(0 0 0)
(0 0 0)
(0 0 0)
(0 0 0)
(0 0 0)
(0 0 0)
(0 0 0)
(0 0 0)
(0 0 0)
(0 0 0)
(0 0 0)
(0 0 0)
(0 0 0)
(0 0 0)
(0 0 0)
(0 0 0)
(0 0 0)
(0 0 0)
(0 0 0)
(0 0 0)
(0 0 0)
(0 0 0)
(0 0 0)
(0 0 0)
(0 0 0)
(0 0 0)
(0 0 0)
(0 0 0)
(0 0 0)
(0 0 0)
(0 0 0)
(0 0 0)
(0 0 0)
(0 0 0)
(0 0 0)
(0 0 0)
(0 0 0)
(0 0 0)
(0 0 0)
(0 0 0)
(0 0 0)
(0 0 0)
(0 0 0)
(0 0 0)
(0 0 0)
(0 0 0)
(0 0 0)
(0 0 0)
(0 0 0)
(0 0 0)
(0 0 0)
(0 0 0)
(0 0 0)
(0 0 0)
(0 0 0)
(0 0 0)
(0 0 0)
(0 0 0)
(0 0 0)
(0 0 0)
(0 0 0)
(0 0 0)
(0 0 0)
(0 0 0)
(0 0 0)
(0 0 0)
(0 0 0)
(0 0 0)
(0 0 0)
(0 0 0)
(0 0 0)
(0 0 0)
(0 0 0)
(0 0 0)
(0 0 0)
(0 0 0)
(0 0 0)
(0 0 0)
(0 0 0)
(0 0 0)
(0 0 0)
(0 0 0)
(0 0 0)
(0 0 0)
(0 0 0)
(0 0 0)
(0 0 0)
(0 0 0)
(0 0 0)
(0 0 0)
(0 0 0)
(0 0 0)
(0 0 0)
(0 0 0)
(0 0 0)
(0 0 0)
(0 0 0)
(0 0 0)
(0 0 0)
(0 0 0)
(0 0 0)
(0 0 0)
(0 0 0)
(0 0 0)
(0 0 0)
(0 0 0)
(0 0 0)
(0 0 0)
(0 0 0)
(0 0 0)
(0 0 0)
(0 0 0)
(0 0 0)
(0 0 0)
(0 0 0)
(0 0 0)
(0 0 0)
(0 0 0)
(0 0 0)
(0 0 0)
(0 0 0)
(0 0 0)
(0 0 0)
(0 0 0)
(0 0 0)
(0 0 0)
(0 0 0)
(0 0 0)
(0 0 0)
(0 0 0)
(0 0 0)
(0 0 0)
(0 0 0)
(0 0 0)
(0 0 0)
(0 0 0)
(0 0 0)
(0 0 0)
(0 0 0)
(0 0 0)
(0 0 0)
(0 0 0)
(0 0 0)
(0 0 0)
(0 0 0)
(0 0 0)
(0 0 0)
(0 0 0)
(0 0 0)
(0 0 0)
(0 0 0)
(0 0 0)
(0 0 0)
(0 0 0)
(0 0 0)
(0 0 0)
(0 0 0)
(0 0 0)
(0 0 0)
(0 0 0)
(0 0 0)
(0 0 0)
(0 0 0)
(0 0 0)
(0 0 0)
(0 0 0)
(0 0 0)
(0 0 0)
(0 0 0)
(0 0 0)
(0 0 0)
(0 0 0)
(0 0 0)
(0 0 0)
(0 0 0)
(0 0 0)
(0 0 0)
(0 0 0)
(0 0 0)
(0 0 0)
(0 0 0)
(0 0 0)
(0 0 0)
(0 0 0)
(0 0 0)
(0 0 0)
(0 0 0)
(0 0 0)
(0 0 0)
(0 0 0)
(0 0 0)
(0 0 0)
(0 0 0)
(0 0 0)
(0 0 0)
(0 0 0)
(0 0 0)
(0 0 0)
(0 0 0)
(0 0 0)
(0 0 0)
(0 0 0)
(0 0 0)
(0 0 0)
(0 0 0)
(0 0 0)
(0 0 0)
(0 0 0)
(0 0 0)
(0 0 0)
(0 0 0)
(0 0 0)
(0 0 0)
(0 0 0)
(0 0 0)
(0 0 0)
(0 0 0)
(0 0 0)
(0 0 0)
(0 0 0)
(0 0 0)
(0 0 0)
(0 0 0)
(0 0 0)
(0 0 0)
(0 0 0)
(0 0 0)
(0 0 0)
(0 0 0)
(0 0 0)
(0 0 0)
(0 0 0)
(0 0 0)
(0 0 0)
(0 0 0)
(0 0 0)
(0 0 0)
(0 0 0)
(0 0 0)
(0 0 0)
(0 0 0)
(0 0 0)
(0 0 0)
(0 0 0)
(0 0 0)
(0 0 0)
(0 0 0)
(0 0 0)
(0 0 0)
(0 0 0)
(0 0 0)
(0 0 0)
(0 0 0)
(0 0 0)
(0 0 0)
(0 0 0)
(0 0 0)
(0 0 0)
(0 0 0)
(0 0 0)
(0 0 0)
(0 0 0)
(0 0 0)
(0 0 0)
(0 0 0)
(0 0 0)
(0 0 0)
(0 0 0)
(0 0 0)
(0 0 0)
(0 0 0)
(0 0 0)
(0 0 0)
(0 0 0)
(0 0 0)
(0 0 0)
(0 0 0)
(0 0 0)
(0 0 0)
(0 0 0)
(0 0 0)
(0 0 0)
(0 0 0)
(0 0 0)
(0 0 0)
(0 0 0)
(0 0 0)
(0 0 0)
(0 0 0)
(0 0 0)
(0 0 0)
(0 0 0)
(0 0 0)
(0 0 0)
(0 0 0)
(0 0 0)
(0 0 0)
(0 0 0)
(0 0 0)
(0 0 0)
(0 0 0)
(0 0 0)
(0 0 0)
(0 0 0)
(0 0 0)
(0 0 0)
(0 0 0)
(0 0 0)
(0 0 0)
(0 0 0)
(0 0 0)
(0 0 0)
(0 0 0)
(0 0 0)
(0 0 0)
(0 0 0)
(0 0 0)
(0 0 0)
(0 0 0)
(0 0 0)
(0 0 0)
(0 0 0)
(0 0 0)
(0 0 0)
(0 0 0)
(0 0 0)
(0 0 0)
(0 0 0)
(0 0 0)
(0 0 0)
(0 0 0)
(0 0 0)
(0 0 0)
(0 0 0)
(0 0 0)
(0 0 0)
(0 0 0)
(0 0 0)
(0 0 0)
(0 0 0)
(0 0 0)
(0 0 0)
(0 0 0)
(0 0 0)
(0 0 0)
(0 0 0)
(0 0 0)
(0 0 0)
(0 0 0)
(0 0 0)
(0 0 0)
(0 0 0)
(0 0 0)
(0 0 0)
(0 0 0)
(0 0 0)
(0 0 0)
(0 0 0)
(0 0 0)
(0 0 0)
(0 0 0)
(0 0 0)
(0 0 0)
(0 0 0)
(0 0 0)
(0 0 0)
(0 0 0)
(0 0 0)
(0 0 0)
(0 0 0)
(0 0 0)
(0 0 0)
(0 0 0)
(0 0 0)
(0 0 0)
(0 0 0)
(0 0 0)
(0 0 0)
(0 0 0)
(0 0 0)
(0 0 0)
(0 0 0)
(0 0 0)
(0 0 0)
(0 0 0)
(0 0 0)
(0 0 0)
(0 0 0)
(0 0 0)
(0 0 0)
(0 0 0)
(0 0 0)
(0 0 0)
(0 0 0)
(0 0 0)
(0 0 0)
(0 0 0)
(0 0 0)
(0 0 0)
(0 0 0)
(0 0 0)
(0 0 0)
(0 0 0)
(0 0 0)
(0 0 0)
(0 0 0)
(0 0 0)
(0 0 0)
(0 0 0)
(0 0 0)
(0 0 0)
(0 0 0)
(0 0 0)
(0 0 0)
(0 0 0)
(0 0 0)
(0 0 0)
(0 0 0)
(0 0 0)
(0 0 0)
(0 0 0)
(0 0 0)
(0 0 0)
(0 0 0)
(0 0 0)
(0 0 0)
(0 0 0)
(0 0 0)
(0 0 0)
(0 0 0)
(0 0 0)
(0 0 0)
(0 0 0)
(0 0 0)
(0 0 0)
(0 0 0)
(0 0 0)
(0 0 0)
(0 0 0)
(0 0 0)
(0 0 0)
(0 0 0)
(0 0 0)
(2.02806e-06 -1.25193e-06 -7.61338e-06)
(2.66668e-06 -1.5194e-06 -8.8779e-06)
(1.25904e-06 -2.1259e-06 -8.51229e-06)
(8.03128e-07 -1.00672e-06 -9.99608e-06)
(4.58067e-07 -1.41476e-06 -1.02445e-05)
(6.73689e-06 -7.67806e-07 -8.58635e-06)
(4.09744e-06 -2.58429e-06 -8.88135e-06)
(3.21464e-06 -2.55532e-06 -9.34561e-06)
(1.83458e-06 -1.96745e-06 -8.00547e-06)
(1.02054e-06 -1.66633e-06 -8.76903e-06)
(3.45538e-06 -3.34161e-07 -1.02925e-05)
(3.49415e-06 1.33585e-07 -5.79689e-06)
(2.7228e-06 -2.21475e-06 -8.82303e-06)
(1.51306e-06 -3.97635e-06 -1.00248e-05)
(6.37034e-07 -3.16974e-06 -9.84338e-06)
(2.5463e-06 -1.43866e-06 -1.02477e-05)
(2.72016e-06 -1.40731e-06 -7.91239e-06)
(2.61486e-06 -1.59205e-06 -7.73039e-06)
(9.66573e-07 -4.70173e-06 -8.10416e-06)
(3.27242e-07 -4.85443e-06 -8.9735e-06)
(2.33843e-06 -2.47573e-06 -1.18624e-05)
(2.02241e-06 -2.01488e-06 -8.34311e-06)
(1.28129e-06 -1.99126e-06 -7.38138e-06)
(5.31183e-07 -1.39939e-06 -9.71065e-06)
(1.96162e-06 -2.90003e-06 -8.4536e-06)
(6.56773e-06 -2.19933e-06 -2.00331e-05)
(4.61403e-06 -4.10665e-06 -1.69787e-05)
(5.22491e-06 -5.04174e-06 -1.72408e-05)
(4.86706e-06 -5.50214e-06 -1.63155e-05)
(2.05205e-06 -5.65203e-06 -1.71375e-05)
(7.65999e-06 -3.92626e-06 -2.30333e-05)
(7.20707e-06 -3.64149e-06 -1.83189e-05)
(5.61897e-06 -5.24607e-06 -1.89571e-05)
(4.44049e-06 -4.34297e-06 -2.05011e-05)
(2.82967e-06 -2.46769e-06 -1.57035e-05)
(4.30944e-06 -1.86147e-06 -1.95786e-05)
(3.75746e-06 -3.28821e-06 -1.87777e-05)
(3.93815e-06 -5.63708e-06 -1.96231e-05)
(3.04074e-06 -5.00519e-06 -1.9793e-05)
(1.56115e-06 -2.79371e-06 -1.8378e-05)
(3.5185e-06 -2.94658e-06 -1.91232e-05)
(3.07e-06 -4.04172e-06 -1.64211e-05)
(4.03667e-06 -6.46529e-06 -1.66429e-05)
(1.14395e-06 -6.85261e-06 -1.79033e-05)
(5.96292e-07 -5.33752e-06 -1.79464e-05)
(2.10649e-06 -3.08423e-06 -2.17242e-05)
(4.26235e-07 -4.95494e-06 -1.96044e-05)
(1.59513e-06 -5.78126e-06 -1.36005e-05)
(2.23291e-06 -5.2705e-06 -1.90156e-05)
(1.90055e-07 -4.67615e-06 -2.18571e-05)
(5.60182e-06 -3.18325e-06 -3.03066e-05)
(4.58706e-06 -4.46784e-06 -2.70666e-05)
(1.59159e-06 -6.44382e-06 -2.92825e-05)
(4.72259e-07 -7.10627e-06 -2.94721e-05)
(3.73963e-06 -5.10253e-06 -3.33053e-05)
(6.5405e-06 -6.42889e-06 -3.48529e-05)
(7.03497e-06 -6.17851e-06 -3.1207e-05)
(5.53771e-06 -6.28686e-06 -2.83292e-05)
(5.82086e-06 -6.13342e-06 -2.93612e-05)
(6.48838e-06 -3.66102e-06 -3.15709e-05)
(5.63422e-06 -4.63271e-06 -2.976e-05)
(4.06011e-06 -5.60175e-06 -3.15653e-05)
(3.7726e-06 -6.83595e-06 -3.03015e-05)
(4.49044e-06 -6.02289e-06 -2.74535e-05)
(4.96152e-06 -3.67218e-06 -2.84623e-05)
(5.3745e-06 -2.30754e-06 -2.9808e-05)
(4.30274e-06 -5.69607e-06 -3.21869e-05)
(2.19375e-06 -7.88916e-06 -2.99075e-05)
(2.05535e-06 -5.45073e-06 -2.84686e-05)
(7.27164e-07 -3.74493e-06 -3.50303e-05)
(2.24873e-06 -1.83334e-06 -3.06018e-05)
(3.354e-06 -5.12433e-06 -3.10225e-05)
(3.42996e-06 -6.33736e-06 -2.93495e-05)
(9.3746e-07 -5.95669e-06 -3.13776e-05)
(-1.42758e-06 -5.10462e-06 -3.23606e-05)
(3.82673e-06 -3.95041e-06 -4.11329e-05)
(1.09624e-06 -7.35257e-06 -4.06414e-05)
(4.12572e-08 -7.20393e-06 -3.9631e-05)
(-1.18582e-06 -6.74631e-06 -4.12093e-05)
(4.05016e-06 -5.56404e-06 -4.00294e-05)
(5.09136e-06 -7.56282e-06 -3.9388e-05)
(4.62131e-06 -5.99493e-06 -4.18138e-05)
(2.67863e-06 -4.91967e-06 -4.1538e-05)
(1.51833e-06 -7.23277e-06 -4.00385e-05)
(4.58696e-06 -5.87429e-06 -4.09632e-05)
(4.50357e-06 -5.8376e-06 -4.57821e-05)
(4.51429e-06 -5.82196e-06 -4.25114e-05)
(3.61494e-06 -5.5744e-06 -4.10769e-05)
(3.74776e-06 -6.64732e-06 -3.49023e-05)
(3.25109e-06 -4.29381e-06 -3.95565e-05)
(5.38066e-06 -2.95932e-06 -4.47569e-05)
(4.02801e-06 -5.78427e-06 -4.26482e-05)
(2.06046e-06 -5.55365e-06 -4.26335e-05)
(2.04e-06 -4.22379e-06 -4.09974e-05)
(2.29966e-06 1.48819e-06 -4.05145e-05)
(4.22019e-06 -1.33394e-06 -4.51129e-05)
(2.18742e-06 -3.48545e-06 -4.12157e-05)
(7.17668e-07 -4.50421e-06 -4.35794e-05)
(-6.5987e-07 -3.46579e-06 -4.51233e-05)
(9.13035e-07 -9.9317e-07 -4.57908e-05)
(2.62277e-06 -4.49792e-06 -5.57817e-05)
(3.17433e-06 -6.51308e-06 -5.61125e-05)
(1.49281e-06 -7.48343e-06 -5.03999e-05)
(3.78421e-07 -6.8305e-06 -5.64293e-05)
(1.76686e-06 -3.03277e-06 -6.21652e-05)
(4.45673e-06 -2.9395e-06 -5.75131e-05)
(4.50656e-06 -5.08775e-06 -5.43478e-05)
(3.2665e-06 -7.55437e-06 -5.41365e-05)
(1.93463e-06 -5.1539e-06 -5.55835e-05)
(1.96139e-06 -4.72942e-06 -5.91166e-05)
(3.93514e-06 -3.26044e-06 -5.41941e-05)
(3.69925e-06 -4.22511e-06 -5.42077e-05)
(2.18293e-06 -4.28048e-06 -5.51112e-05)
(1.80065e-06 -4.04485e-06 -5.3983e-05)
(8.32081e-07 -3.8122e-06 -5.88268e-05)
(2.88417e-06 -2.20514e-06 -5.40651e-05)
(3.08722e-06 -2.79325e-06 -5.09547e-05)
(1.0999e-06 -3.30456e-06 -5.29786e-05)
(1.13156e-06 -2.6829e-06 -5.40143e-05)
(-1.58258e-06 -1.2888e-06 -5.64773e-05)
(7.01014e-07 2.69451e-06 -5.26111e-05)
(-3.80343e-07 -2.00113e-06 -5.43963e-05)
(-4.76733e-09 -3.55486e-06 -5.30325e-05)
(-3.26248e-07 -1.93422e-06 -5.565e-05)
(3.85819e-07 1.78347e-06 -5.4488e-05)
(5.26024e-06 -4.19313e-06 -6.54177e-05)
(4.51785e-06 -7.18765e-06 -6.4282e-05)
(3.74611e-06 -6.38861e-06 -6.82547e-05)
(1.74244e-06 -5.80323e-06 -6.88485e-05)
(2.04581e-06 -4.57072e-06 -7.60862e-05)
(5.75108e-06 -1.47665e-06 -7.16895e-05)
(4.95788e-06 -4.71633e-06 -6.6516e-05)
(5.63205e-06 -4.189e-06 -6.80055e-05)
(4.07408e-06 -5.22991e-06 -7.31502e-05)
(4.11912e-06 -2.7867e-06 -7.85784e-05)
(3.37894e-06 1.24765e-06 -7.53384e-05)
(3.43077e-06 -4.66402e-06 -6.73847e-05)
(3.10214e-06 -4.60649e-06 -6.8998e-05)
(4.53619e-06 -3.82655e-06 -7.55754e-05)
(2.66146e-06 -1.75796e-06 -7.70713e-05)
(3.11879e-06 1.00171e-06 -7.93248e-05)
(1.61181e-06 -4.0225e-06 -6.9908e-05)
(-6.91511e-07 -6.3832e-06 -6.43317e-05)
(2.19073e-06 -3.12214e-06 -6.64603e-05)
(1.57204e-06 -8.57241e-07 -8.04588e-05)
(1.52093e-06 2.65855e-06 -7.38397e-05)
(-1.39923e-06 3.60235e-07 -6.58245e-05)
(-1.57232e-06 -3.4641e-06 -6.21536e-05)
(1.93249e-06 5.12934e-07 -7.37686e-05)
(1.24335e-06 2.1791e-06 -7.35583e-05)
(3.04014e-06 -8.5035e-07 -7.98137e-05)
(3.56119e-06 -3.9067e-06 -7.79646e-05)
(3.84207e-06 -3.82421e-06 -7.87637e-05)
(5.74796e-07 -6.79599e-06 -9.19973e-05)
(1.02205e-06 -8.10644e-06 -9.14873e-05)
(6.03172e-06 2.07442e-06 -8.50546e-05)
(2.35264e-06 -1.74025e-06 -8.13469e-05)
(2.4293e-06 -2.68938e-06 -8.33076e-05)
(5.17649e-06 -4.2994e-06 -8.87595e-05)
(6.59234e-06 -1.31664e-06 -8.92526e-05)
(4.36563e-06 1.38623e-06 -8.41587e-05)
(2.94296e-06 5.72443e-07 -8.61758e-05)
(3.36382e-06 -2.12276e-06 -8.86667e-05)
(6.58704e-06 -1.15732e-06 -9.07293e-05)
(7.79317e-06 8.32293e-06 -9.73857e-05)
(4.75775e-06 1.74573e-06 -9.22531e-05)
(3.11129e-06 1.53672e-07 -8.86782e-05)
(2.82378e-06 -1.59972e-06 -8.5609e-05)
(2.24361e-06 2.84332e-06 -9.5109e-05)
(2.76762e-06 4.01643e-06 -9.409e-05)
(3.12215e-06 -3.94668e-07 -8.36508e-05)
(4.93991e-07 2.82392e-07 -8.72917e-05)
(-5.95418e-07 1.85773e-06 -8.07546e-05)
(3.33569e-06 3.10542e-06 -8.67289e-05)
(5.97787e-06 1.39062e-06 -9.61719e-05)
(4.05354e-06 3.63033e-06 -9.62625e-05)
(3.75615e-06 8.98835e-07 -9.76183e-05)
(2.62657e-06 -3.38527e-06 -9.47724e-05)
(2.52325e-06 -5.04445e-06 -0.000104534)
(-1.29961e-07 -6.49367e-06 -0.000102956)
(4.1563e-06 2.92322e-06 -9.26762e-05)
(2.70812e-06 2.43902e-06 -9.20238e-05)
(2.50005e-06 -1.438e-06 -9.84471e-05)
(1.91337e-06 -3.24217e-06 -0.000108476)
(5.5907e-07 -1.72074e-06 -0.000105932)
(1.7605e-06 4.65101e-07 -9.5692e-05)
(6.91459e-06 1.24937e-06 -0.000101661)
(4.90718e-06 -4.81314e-06 -0.0001063)
(6.21692e-06 2.88578e-07 -0.000107153)
(4.53415e-06 3.03876e-06 -0.000111389)
(1.82422e-06 -1.99484e-06 -0.000104191)
(3.57858e-06 -3.76382e-07 -0.000103305)
(6.44307e-06 -3.07694e-06 -0.000105179)
(5.3983e-06 4.30659e-06 -0.000105829)
(4.50475e-06 3.18042e-06 -0.000107806)
(-8.75803e-07 -3.66986e-06 -0.00010661)
(2.49624e-07 -2.3685e-06 -9.88438e-05)
(2.9335e-06 7.82896e-08 -9.92947e-05)
(6.73269e-06 5.62102e-06 -0.000107575)
(8.60424e-06 4.42271e-06 -0.000106708)
(6.04786e-06 5.27793e-06 -0.000107126)
(3.86003e-06 -1.00943e-06 -0.000107966)
(8.287e-06 -8.87883e-07 -0.000109103)
(6.46624e-06 9.99407e-07 -0.000121785)
(5.7009e-06 8.50786e-07 -0.000126193)
(1.0693e-05 7.66972e-08 -0.00010579)
(7.04795e-06 4.30276e-07 -0.000109252)
(5.88925e-06 -2.70008e-06 -0.000114241)
(4.14886e-06 -3.01643e-07 -0.000119203)
(2.34261e-06 -2.2381e-06 -0.000130705)
(5.91191e-06 1.53046e-06 -0.000112577)
(9.46178e-06 -1.67055e-07 -0.000120837)
(8.23314e-06 -2.22778e-06 -0.000120256)
(4.61878e-06 -1.20057e-06 -0.000120318)
(4.96958e-07 -3.08076e-07 -0.000132988)
(1.93732e-06 -6.48604e-06 -0.000121498)
(5.21725e-06 -2.64524e-06 -0.00012112)
(6.4185e-06 -1.43216e-06 -0.000118623)
(8.60136e-06 6.63491e-07 -0.000121437)
(7.14378e-06 3.58488e-07 -0.000125011)
(-4.95304e-06 -6.04153e-06 -0.000122535)
(1.40107e-06 -5.61999e-06 -0.000116025)
(3.67798e-06 -4.99141e-06 -0.000117523)
(4.03618e-06 1.87446e-07 -0.000116338)
(8.81319e-06 -1.07134e-06 -0.000125552)
(4.51978e-06 4.65341e-06 -0.000115975)
(-1.46318e-06 2.06604e-06 -0.000115057)
(9.34818e-06 5.07355e-06 -0.000115898)
(1.26319e-05 3.49929e-06 -0.000129313)
(3.87532e-06 -4.02752e-06 -0.000142077)
(1.95334e-05 -7.34448e-06 -0.000111536)
(1.31227e-05 -5.35745e-06 -0.000115908)
(4.88982e-06 1.34513e-06 -0.000117874)
(1.1114e-05 -1.57325e-06 -0.000131188)
(9.10661e-06 -5.45155e-06 -0.000139945)
(9.97706e-06 -1.35242e-06 -0.000123902)
(6.94896e-06 -1.19076e-06 -0.000129335)
(5.95954e-06 -1.68503e-06 -0.000128255)
(5.28523e-06 -2.49405e-06 -0.00013113)
(3.36911e-06 -4.15227e-06 -0.000141088)
(4.73838e-06 -7.76942e-06 -0.00013844)
(4.099e-06 -4.01296e-06 -0.000138236)
(6.22141e-06 -2.86019e-06 -0.000132592)
(7.90789e-06 -3.14038e-06 -0.000137473)
(7.47371e-06 -3.84118e-06 -0.00013571)
(-3.73956e-06 -9.14118e-06 -0.000135445)
(-2.95871e-06 -5.69235e-06 -0.000139146)
(3.32974e-06 -3.99513e-06 -0.000134774)
(8.16302e-06 -3.81077e-06 -0.000130649)
(8.47466e-06 -2.18362e-06 -0.000133678)
(-1.84293e-06 1.09544e-07 -0.000120916)
(2.46568e-06 3.57529e-06 -0.000121699)
(7.34009e-06 3.14315e-06 -0.000124164)
(8.60963e-06 1.18436e-06 -0.000134256)
(2.69343e-06 1.18282e-06 -0.000148573)
(1.46351e-06 6.95389e-07 -0.000118841)
(7.39594e-06 5.6555e-06 -0.000121626)
(4.89514e-06 6.28154e-06 -0.000118489)
(1.72295e-05 -1.27087e-06 -0.000135885)
(1.48053e-05 -5.49423e-06 -0.000155432)
(7.33624e-06 2.14578e-06 -0.000139195)
(8.20737e-06 7.52458e-06 -0.000131655)
(1.20823e-05 2.27224e-05 -0.000127626)
(9.61058e-06 1.20823e-05 -0.00013779)
(8.90069e-06 -2.53564e-06 -0.000153177)
(2.4425e-06 -6.09095e-06 -0.00014736)
(2.48766e-06 1.65932e-07 -0.000147632)
(4.75572e-06 2.8892e-06 -0.000154189)
(5.84073e-06 -1.25913e-06 -0.000156844)
(9.60966e-06 -4.50949e-06 -0.000147418)
(-2.61523e-07 -1.61452e-05 -0.000148683)
(-3.25042e-06 -6.96771e-06 -0.000151818)
(2.55541e-06 -6.00212e-06 -0.000157869)
(1.16737e-05 -1.38721e-06 -0.000150679)
(1.21965e-06 -1.02413e-05 -0.000150803)
(-1.5058e-05 -8.8336e-06 -0.000130334)
(-3.55195e-06 -1.56131e-05 -0.000127585)
(3.6516e-06 1.0466e-05 -0.000124807)
(5.23547e-06 1.40798e-06 -0.000136424)
(1.5868e-05 1.61795e-06 -0.000158364)
(-1.05195e-05 -4.51369e-06 -0.000122987)
(1.67863e-06 7.39642e-07 -0.000126767)
(1.17243e-05 5.06642e-06 -0.000122424)
(3.22624e-05 7.82878e-06 -0.000142871)
(2.09123e-05 8.81628e-07 -0.000160081)
(1.02657e-05 7.09439e-06 -0.000144726)
(9.5503e-06 2.45356e-05 -0.000139048)
(8.6008e-06 3.61152e-05 -0.000134921)
(1.86505e-05 -1.96977e-06 -0.000142521)
(1.39069e-05 -2.85573e-06 -0.000138358)
(5.19671e-06 -2.41676e-06 -0.000153435)
(2.82831e-06 2.35779e-06 -0.000152126)
(3.22576e-06 5.24132e-07 -0.000158654)
(3.46074e-06 -5.47016e-06 -0.000160702)
(1.01588e-05 -9.23719e-06 -0.000149122)
(-7.40035e-06 -3.10377e-05 -0.000154722)
(6.55069e-07 -1.00869e-05 -0.000160557)
(6.04913e-06 -5.54462e-06 -0.000160602)
(3.35738e-05 1.8486e-05 -0.000154578)
(9.23224e-06 -2.23614e-05 -0.000165468)
(-2.12583e-05 -1.24391e-05 -0.000134155)
(-6.51351e-06 -2.6181e-05 -0.000129652)
(0 0 0)
(0 0 0)
(0 0 0)
(0 0 0)
(-7.88837e-06 -1.00877e-05 -0.000120596)
(1.45841e-05 4.44726e-06 -0.000124987)
(3.70565e-05 1.89822e-05 -0.000129377)
(0 0 0)
(0 0 0)
(0 0 0)
(0 0 0)
(0 0 0)
(1.39069e-05 -2.85573e-06 -0.000138358)
(4.65444e-06 -1.89224e-06 -0.000153986)
(4.65444e-06 -1.89224e-06 -0.000153986)
(0 0 0)
(0 0 0)
(0 0 0)
(-9.45583e-06 -3.30469e-05 -0.000159677)
(-9.45583e-06 -3.30469e-05 -0.000159677)
(-9.14534e-07 -6.62622e-08 -0.000159399)
(0 0 0)
(0 0 0)
(0 0 0)
(0 0 0)
(0 0 0)
(0 0 0)
(0 0 0)
(0 0 0)
(0 0 0)
(0 0 0)
(0 0 0)
(0 0 0)
(0 0 0)
(0 0 0)
(0 0 0)
(0 0 0)
(0 0 0)
(0 0 0)
(0 0 0)
(0 0 0)
(0 0 0)
(0 0 0)
(0 0 0)
(0 0 0)
(0 0 0)
(0 0 0)
(0 0 0)
(0 0 0)
(0 0 0)
(0 0 0)
(0 0 0)
(0 0 0)
(0 0 0)
(0 0 0)
(0 0 0)
(0 0 0)
(0 0 0)
(0 0 0)
(0 0 0)
(0 0 0)
(0 0 0)
(0 0 0)
(0 0 0)
(0 0 0)
(0 0 0)
(0 0 0)
(0 0 0)
(0 0 0)
(0 0 0)
(0 0 0)
(0 0 0)
(0 0 0)
(0 0 0)
(0 0 0)
(0 0 0)
(0 0 0)
(0 0 0)
(0 0 0)
(0 0 0)
(0 0 0)
(0 0 0)
(0 0 0)
(0 0 0)
(0 0 0)
(0 0 0)
(0 0 0)
(0 0 0)
(0 0 0)
(0 0 0)
(0 0 0)
(0 0 0)
(0 0 0)
(0 0 0)
(0 0 0)
(0 0 0)
(0 0 0)
(0 0 0)
(0 0 0)
(0 0 0)
(0 0 0)
(0 0 0)
(0 0 0)
(0 0 0)
(0 0 0)
(0 0 0)
(0 0 0)
(0 0 0)
(0 0 0)
(0 0 0)
(0 0 0)
(0 0 0)
(0 0 0)
(0 0 0)
(0 0 0)
(0 0 0)
(0 0 0)
(0 0 0)
(0 0 0)
(0 0 0)
(0 0 0)
(0 0 0)
(0 0 0)
(0 0 0)
(0 0 0)
(0 0 0)
(0 0 0)
(0 0 0)
(0 0 0)
(0 0 0)
(0 0 0)
(0 0 0)
(0 0 0)
(0 0 0)
(0 0 0)
(0 0 0)
(0 0 0)
(0 0 0)
(0 0 0)
(0 0 0)
(0 0 0)
(0 0 0)
(0 0 0)
(0 0 0)
(0 0 0)
(0 0 0)
(0 0 0)
(0 0 0)
(0 0 0)
(0 0 0)
(0 0 0)
(0 0 0)
(0 0 0)
(0 0 0)
(0 0 0)
(0 0 0)
(0 0 0)
(0 0 0)
(0 0 0)
(0 0 0)
(0 0 0)
(0 0 0)
(0 0 0)
(0 0 0)
(0 0 0)
(0 0 0)
(0 0 0)
(0 0 0)
(0 0 0)
(0 0 0)
(0 0 0)
(0 0 0)
(0 0 0)
(0 0 0)
(0 0 0)
(0 0 0)
(0 0 0)
(0 0 0)
(0 0 0)
(0 0 0)
(0 0 0)
(0 0 0)
(0 0 0)
(0 0 0)
(0 0 0)
(0 0 0)
(0 0 0)
(0 0 0)
(0 0 0)
(0 0 0)
(0 0 0)
(0 0 0)
(0 0 0)
(0 0 0)
(0 0 0)
(0 0 0)
(0 0 0)
(0 0 0)
(0 0 0)
(0 0 0)
(0 0 0)
(0 0 0)
(0 0 0)
(0 0 0)
(0 0 0)
(0 0 0)
(0 0 0)
(0 0 0)
(0 0 0)
(0 0 0)
(0 0 0)
(0 0 0)
(0 0 0)
(0 0 0)
(0 0 0)
(0 0 0)
(0 0 0)
(0 0 0)
(0 0 0)
(0 0 0)
(0 0 0)
(0 0 0)
(0 0 0)
(0 0 0)
(0 0 0)
(0 0 0)
(0 0 0)
(0 0 0)
(0 0 0)
(0 0 0)
(0 0 0)
(0 0 0)
(0 0 0)
(0 0 0)
(0 0 0)
(0 0 0)
(0 0 0)
(0 0 0)
(0 0 0)
(0 0 0)
(0 0 0)
(0 0 0)
(0 0 0)
(0 0 0)
(0 0 0)
(0 0 0)
(0 0 0)
(0 0 0)
(0 0 0)
(0 0 0)
(0 0 0)
(0 0 0)
(0 0 0)
(0 0 0)
(0 0 0)
(0 0 0)
(0 0 0)
(0 0 0)
(0 0 0)
(0 0 0)
(0 0 0)
(0 0 0)
(0 0 0)
(0 0 0)
(0 0 0)
(0 0 0)
(0 0 0)
(0 0 0)
(0 0 0)
(0 0 0)
(0 0 0)
(0 0 0)
(0 0 0)
(0 0 0)
(0 0 0)
(0 0 0)
(0 0 0)
(0 0 0)
(0 0 0)
(0 0 0)
(0 0 0)
(0 0 0)
(0 0 0)
(0 0 0)
(0 0 0)
(0 0 0)
(0 0 0)
(0 0 0)
(0 0 0)
(0 0 0)
(0 0 0)
(0 0 0)
(0 0 0)
(0 0 0)
(0 0 0)
(0 0 0)
(0 0 0)
(0 0 0)
(0 0 0)
(0 0 0)
(0 0 0)
(0 0 0)
(0 0 0)
(0 0 0)
(0 0 0)
(0 0 0)
(0 0 0)
(0 0 0)
(0 0 0)
(0 0 0)
(0 0 0)
(0 0 0)
(0 0 0)
(0 0 0)
(0 0 0)
(0 0 0)
(0 0 0)
(0 0 0)
(0 0 0)
(0 0 0)
(0 0 0)
(0 0 0)
(0 0 0)
(0 0 0)
(0 0 0)
(0 0 0)
(0 0 0)
(0 0 0)
(0 0 0)
(0 0 0)
(0 0 0)
(0 0 0)
(0 0 0)
(0 0 0)
(0 0 0)
(0 0 0)
(0 0 0)
(0 0 0)
(0 0 0)
(0 0 0)
(0 0 0)
(0 0 0)
(0 0 0)
(0 0 0)
(0 0 0)
(0 0 0)
(0 0 0)
(0 0 0)
(0 0 0)
(0 0 0)
(0 0 0)
(0 0 0)
(0 0 0)
(0 0 0)
(0 0 0)
(0 0 0)
(0 0 0)
(0 0 0)
(0 0 0)
(0 0 0)
(0 0 0)
(0 0 0)
(0 0 0)
(0 0 0)
(0 0 0)
(0 0 0)
(0 0 0)
(0 0 0)
(0 0 0)
(0 0 0)
(0 0 0)
(0 0 0)
(0 0 0)
(0 0 0)
(0 0 0)
(0 0 0)
(0 0 0)
(0 0 0)
(0 0 0)
(0 0 0)
(0 0 0)
(0 0 0)
(0 0 0)
(0 0 0)
(0 0 0)
(0 0 0)
(0 0 0)
(0 0 0)
(0 0 0)
(0 0 0)
(0 0 0)
(0 0 0)
(0 0 0)
(0 0 0)
(0 0 0)
(0 0 0)
(0 0 0)
(0 0 0)
(0 0 0)
(0 0 0)
(0 0 0)
(0 0 0)
(0 0 0)
(0 0 0)
(0 0 0)
(0 0 0)
(0 0 0)
(0 0 0)
(0 0 0)
(0 0 0)
(0 0 0)
(0 0 0)
(0 0 0)
(0 0 0)
(0 0 0)
(0 0 0)
(0 0 0)
(0 0 0)
(0 0 0)
(0 0 0)
(0 0 0)
(0 0 0)
(0 0 0)
(0 0 0)
(0 0 0)
(0 0 0)
(0 0 0)
(0 0 0)
(0 0 0)
(0 0 0)
(0 0 0)
(0 0 0)
(0 0 0)
(0 0 0)
(0 0 0)
(0 0 0)
(0 0 0)
(0 0 0)
(0 0 0)
(0 0 0)
(0 0 0)
(0 0 0)
(0 0 0)
(0 0 0)
(0 0 0)
(0 0 0)
(0 0 0)
(0 0 0)
(0 0 0)
(0 0 0)
(0 0 0)
(0 0 0)
(0 0 0)
(0 0 0)
(0 0 0)
(0 0 0)
(0 0 0)
(0 0 0)
(0 0 0)
(0 0 0)
(0 0 0)
(0 0 0)
(0 0 0)
(0 0 0)
(0 0 0)
(0 0 0)
(0 0 0)
(0 0 0)
(0 0 0)
(0 0 0)
(0 0 0)
(0 0 0)
(0 0 0)
(0 0 0)
(0 0 0)
(0 0 0)
(0 0 0)
(0 0 0)
(0 0 0)
(0 0 0)
(0 0 0)
(0 0 0)
(0 0 0)
(0 0 0)
(0 0 0)
(0 0 0)
(0 0 0)
(0 0 0)
(0 0 0)
(0 0 0)
(0 0 0)
(0 0 0)
(0 0 0)
(0 0 0)
(0 0 0)
(0 0 0)
(0 0 0)
(0 0 0)
(0 0 0)
(0 0 0)
(0 0 0)
(0 0 0)
(0 0 0)
(0 0 0)
(0 0 0)
(0 0 0)
(0 0 0)
(0 0 0)
(0 0 0)
(0 0 0)
(0 0 0)
(0 0 0)
(0 0 0)
(0 0 0)
(0 0 0)
(0 0 0)
(0 0 0)
(0 0 0)
(0 0 0)
(0 0 0)
(0 0 0)
(0 0 0)
(0 0 0)
(0 0 0)
(0 0 0)
(0 0 0)
(0 0 0)
(0 0 0)
(0 0 0)
(0 0 0)
(0 0 0)
(0 0 0)
(0 0 0)
(0 0 0)
(0 0 0)
(0 0 0)
(0 0 0)
(0 0 0)
(0 0 0)
(0 0 0)
(0 0 0)
(0 0 0)
(0 0 0)
(0 0 0)
(0 0 0)
(0 0 0)
(0 0 0)
(0 0 0)
(0 0 0)
(0 0 0)
(0 0 0)
(0 0 0)
(0 0 0)
(0 0 0)
(0 0 0)
(0 0 0)
(0 0 0)
(0 0 0)
(0 0 0)
(0 0 0)
(0 0 0)
(0 0 0)
(0 0 0)
(0 0 0)
(0 0 0)
(0 0 0)
(0 0 0)
(0 0 0)
(0 0 0)
(0 0 0)
(0 0 0)
(0 0 0)
(0 0 0)
(0 0 0)
(0 0 0)
(0 0 0)
(0 0 0)
(0 0 0)
(0 0 0)
(0 0 0)
(0 0 0)
(0 0 0)
(0 0 0)
(0 0 0)
(0 0 0)
(0 0 0)
(0 0 0)
(0 0 0)
(0 0 0)
(0 0 0)
(0 0 0)
(0 0 0)
(0 0 0)
(0 0 0)
(0 0 0)
(0 0 0)
(0 0 0)
(0 0 0)
(0 0 0)
(0 0 0)
(0 0 0)
(0 0 0)
(0 0 0)
(0 0 0)
(0 0 0)
(0 0 0)
(0 0 0)
(0 0 0)
(0 0 0)
(0 0 0)
(0 0 0)
(0 0 0)
(0 0 0)
(0 0 0)
(0 0 0)
(0 0 0)
(0 0 0)
(0 0 0)
(0 0 0)
(0 0 0)
(0 0 0)
(0 0 0)
(0 0 0)
(0 0 0)
(0 0 0)
(0 0 0)
(0 0 0)
(0 0 0)
(0 0 0)
(0 0 0)
(0 0 0)
(0 0 0)
(0 0 0)
(0 0 0)
(0 0 0)
(0 0 0)
(0 0 0)
(0 0 0)
(0 0 0)
(0 0 0)
(0 0 0)
(0 0 0)
(0 0 0)
(0 0 0)
(0 0 0)
(0 0 0)
(0 0 0)
(0 0 0)
(0 0 0)
(0 0 0)
(0 0 0)
(0 0 0)
(0 0 0)
(0 0 0)
(0 0 0)
(0 0 0)
(0 0 0)
(0 0 0)
(0 0 0)
(0 0 0)
(0 0 0)
(0 0 0)
(0 0 0)
(0 0 0)
(0 0 0)
(0 0 0)
(0 0 0)
(0 0 0)
(0 0 0)
(0 0 0)
(0 0 0)
(0 0 0)
(0 0 0)
(0 0 0)
(0 0 0)
(0 0 0)
(0 0 0)
(0 0 0)
(0 0 0)
(0 0 0)
(0 0 0)
(0 0 0)
(0 0 0)
(0 0 0)
(0 0 0)
(0 0 0)
(0 0 0)
(0 0 0)
(0 0 0)
(0 0 0)
(0 0 0)
(0 0 0)
(0 0 0)
(0 0 0)
(0 0 0)
(0 0 0)
(0 0 0)
(0 0 0)
(0 0 0)
(0 0 0)
(0 0 0)
(0 0 0)
(0 0 0)
(0 0 0)
(0 0 0)
(0 0 0)
(0 0 0)
(0 0 0)
(0 0 0)
(0 0 0)
(0 0 0)
(0 0 0)
(0 0 0)
(0 0 0)
(0 0 0)
(0 0 0)
(0 0 0)
(0 0 0)
(0 0 0)
(0 0 0)
(0 0 0)
(0 0 0)
(0 0 0)
(0 0 0)
(0 0 0)
(0 0 0)
(0 0 0)
(0 0 0)
(0 0 0)
(0 0 0)
(0 0 0)
(0 0 0)
(0 0 0)
(0 0 0)
(0 0 0)
(0 0 0)
(0 0 0)
(0 0 0)
(0 0 0)
(0 0 0)
(0 0 0)
(0 0 0)
(0 0 0)
(0 0 0)
(0 0 0)
(0 0 0)
(0 0 0)
(0 0 0)
(0 0 0)
(0 0 0)
(0 0 0)
(0 0 0)
(0 0 0)
(0 0 0)
(0 0 0)
(0 0 0)
(0 0 0)
(0 0 0)
(0 0 0)
(0 0 0)
(0 0 0)
(0 0 0)
(0 0 0)
(0 0 0)
(0 0 0)
(0 0 0)
(0 0 0)
(0 0 0)
(0 0 0)
(0 0 0)
(0 0 0)
(0 0 0)
(0 0 0)
(0 0 0)
(0 0 0)
(0 0 0)
(0 0 0)
(0 0 0)
(0 0 0)
(0 0 0)
(0 0 0)
(0 0 0)
(0 0 0)
(0 0 0)
(0 0 0)
(0 0 0)
(0 0 0)
(0 0 0)
(0 0 0)
(0 0 0)
(0 0 0)
(0 0 0)
(0 0 0)
(0 0 0)
(0 0 0)
(0 0 0)
(0 0 0)
(0 0 0)
(0 0 0)
(0 0 0)
(0 0 0)
(0 0 0)
(0 0 0)
(0 0 0)
(0 0 0)
(0 0 0)
(0 0 0)
(0 0 0)
(0 0 0)
(0 0 0)
(0 0 0)
(0 0 0)
(0 0 0)
(0 0 0)
(0 0 0)
(0 0 0)
(0 0 0)
(0 0 0)
(0 0 0)
(0 0 0)
(0 0 0)
(0 0 0)
(0 0 0)
(0 0 0)
(0 0 0)
(0 0 0)
(0 0 0)
(0 0 0)
(0 0 0)
(0 0 0)
(0 0 0)
(0 0 0)
(0 0 0)
(0 0 0)
(0 0 0)
(0 0 0)
(0 0 0)
(0 0 0)
(0 0 0)
(0 0 0)
(0 0 0)
(0 0 0)
(0 0 0)
(0 0 0)
(0 0 0)
(0 0 0)
(0 0 0)
(0 0 0)
(0 0 0)
(0 0 0)
(0 0 0)
(0 0 0)
(0 0 0)
(0 0 0)
(0 0 0)
(0 0 0)
(0 0 0)
(0 0 0)
(0 0 0)
(0 0 0)
(0 0 0)
(0 0 0)
(0 0 0)
(0 0 0)
(0 0 0)
(0 0 0)
(0 0 0)
(0 0 0)
(0 0 0)
(0 0 0)
(0 0 0)
(0 0 0)
(0 0 0)
(0 0 0)
(0 0 0)
(0 0 0)
(0 0 0)
(0 0 0)
(0 0 0)
(0 0 0)
(0 0 0)
(0 0 0)
(0 0 0)
(0 0 0)
(0 0 0)
(0 0 0)
(0 0 0)
(0 0 0)
(0 0 0)
(0 0 0)
(0 0 0)
(0 0 0)
(0 0 0)
(0 0 0)
(0 0 0)
(0 0 0)
(0 0 0)
(0 0 0)
(0 0 0)
(0 0 0)
(0 0 0)
(0 0 0)
(0 0 0)
(0 0 0)
(0 0 0)
(0 0 0)
(0 0 0)
(0 0 0)
(0 0 0)
(0 0 0)
(0 0 0)
(0 0 0)
(0 0 0)
(0 0 0)
(0 0 0)
(0 0 0)
(0 0 0)
(0 0 0)
(0 0 0)
(0 0 0)
(0 0 0)
(0 0 0)
(0 0 0)
(0 0 0)
(0 0 0)
(0 0 0)
(0 0 0)
(0 0 0)
(0 0 0)
(0 0 0)
(0 0 0)
(0 0 0)
(0 0 0)
(0 0 0)
(0 0 0)
(0 0 0)
(0 0 0)
(0 0 0)
(0 0 0)
(0 0 0)
(0 0 0)
(0 0 0)
(0 0 0)
(0 0 0)
(0 0 0)
(0 0 0)
(0 0 0)
(0 0 0)
)
;

boundaryField
{
    inlet
    {
        type            fixedValue;
        value           uniform (0 0 0);
    }
    outlet
    {
        type            fixedValue;
        value           uniform (0 0 0);
    }
    repeat_boundary
    {
        type            fixedValue;
        value           uniform (0 0 0);
    }
    procBoundary1to0
    {
        type            processor;
        value           nonuniform List<vector> 
450
(
(0 0 0)
(0 0 0)
(0 0 0)
(0 0 0)
(0 0 0)
(0 0 0)
(0 0 0)
(0 0 0)
(0 0 0)
(0 0 0)
(0 0 0)
(0 0 0)
(0 0 0)
(0 0 0)
(0 0 0)
(0 0 0)
(0 0 0)
(0 0 0)
(0 0 0)
(0 0 0)
(0 0 0)
(0 0 0)
(0 0 0)
(0 0 0)
(0 0 0)
(0 0 0)
(0 0 0)
(0 0 0)
(0 0 0)
(0 0 0)
(0 0 0)
(0 0 0)
(0 0 0)
(0 0 0)
(0 0 0)
(0 0 0)
(0 0 0)
(0 0 0)
(0 0 0)
(0 0 0)
(0 0 0)
(0 0 0)
(0 0 0)
(0 0 0)
(0 0 0)
(0 0 0)
(0 0 0)
(0 0 0)
(0 0 0)
(0 0 0)
(0 0 0)
(0 0 0)
(0 0 0)
(0 0 0)
(0 0 0)
(0 0 0)
(0 0 0)
(0 0 0)
(0 0 0)
(0 0 0)
(0 0 0)
(0 0 0)
(0 0 0)
(0 0 0)
(0 0 0)
(0 0 0)
(0 0 0)
(0 0 0)
(0 0 0)
(0 0 0)
(0 0 0)
(0 0 0)
(0 0 0)
(0 0 0)
(0 0 0)
(0 0 0)
(0 0 0)
(0 0 0)
(0 0 0)
(0 0 0)
(0 0 0)
(0 0 0)
(0 0 0)
(0 0 0)
(0 0 0)
(0 0 0)
(0 0 0)
(0 0 0)
(0 0 0)
(0 0 0)
(0 0 0)
(0 0 0)
(0 0 0)
(0 0 0)
(0 0 0)
(0 0 0)
(0 0 0)
(0 0 0)
(0 0 0)
(0 0 0)
(0 0 0)
(0 0 0)
(0 0 0)
(0 0 0)
(0 0 0)
(0 0 0)
(0 0 0)
(0 0 0)
(0 0 0)
(0 0 0)
(0 0 0)
(0 0 0)
(0 0 0)
(0 0 0)
(0 0 0)
(0 0 0)
(0 0 0)
(0 0 0)
(0 0 0)
(0 0 0)
(0 0 0)
(0 0 0)
(0 0 0)
(0 0 0)
(0 0 0)
(0 0 0)
(0 0 0)
(0 0 0)
(0 0 0)
(0 0 0)
(0 0 0)
(0 0 0)
(0 0 0)
(0 0 0)
(0 0 0)
(0 0 0)
(0 0 0)
(0 0 0)
(0 0 0)
(0 0 0)
(0 0 0)
(0 0 0)
(0 0 0)
(0 0 0)
(0 0 0)
(0 0 0)
(0 0 0)
(0 0 0)
(0 0 0)
(0 0 0)
(0 0 0)
(0 0 0)
(0 0 0)
(0 0 0)
(0 0 0)
(0 0 0)
(0 0 0)
(0 0 0)
(0 0 0)
(0 0 0)
(0 0 0)
(0 0 0)
(0 0 0)
(0 0 0)
(0 0 0)
(0 0 0)
(0 0 0)
(0 0 0)
(0 0 0)
(0 0 0)
(0 0 0)
(0 0 0)
(0 0 0)
(0 0 0)
(0 0 0)
(0 0 0)
(0 0 0)
(0 0 0)
(0 0 0)
(0 0 0)
(0 0 0)
(0 0 0)
(0 0 0)
(0 0 0)
(0 0 0)
(0 0 0)
(0 0 0)
(0 0 0)
(0 0 0)
(0 0 0)
(0 0 0)
(0 0 0)
(0 0 0)
(0 0 0)
(0 0 0)
(0 0 0)
(0 0 0)
(0 0 0)
(0 0 0)
(0 0 0)
(4.56079e-06 -1.99173e-06 -9.76924e-06)
(6.42496e-06 -2.38696e-06 -1.06408e-05)
(4.72691e-06 -2.49554e-06 -7.03348e-06)
(3.65884e-06 1.52523e-06 -9.62263e-06)
(4.5153e-06 -1.29526e-06 -1.4817e-05)
(7.11254e-06 -7.15766e-07 -2.31436e-05)
(6.30144e-06 -1.26914e-06 -1.88746e-05)
(7.51204e-06 2.45477e-06 -1.66119e-05)
(7.24932e-06 1.04511e-06 -1.97932e-05)
(4.53168e-06 6.18998e-07 -2.56034e-05)
(6.57674e-06 5.70735e-07 -3.21936e-05)
(6.25792e-06 -1.18299e-06 -3.0505e-05)
(1.16042e-05 5.47971e-06 -2.63056e-05)
(7.02042e-06 3.52828e-06 -2.87317e-05)
(5.65582e-06 2.83641e-06 -3.67861e-05)
(4.10231e-06 1.10342e-06 -4.46388e-05)
(3.88424e-06 -1.4369e-06 -4.18538e-05)
(5.12155e-06 4.14968e-09 -4.49594e-05)
(5.96962e-06 6.61747e-07 -4.73301e-05)
(5.6042e-06 3.84304e-06 -4.3934e-05)
(4.6909e-06 4.95718e-07 -5.01558e-05)
(4.62923e-06 -3.46606e-07 -5.37317e-05)
(2.11486e-06 1.45345e-06 -5.78727e-05)
(2.16833e-06 8.48325e-07 -5.8342e-05)
(-1.25829e-06 9.13754e-07 -6.05816e-05)
(6.62906e-06 3.03917e-06 -5.68395e-05)
(4.14989e-06 4.85781e-06 -6.23572e-05)
(2.88513e-06 3.15446e-06 -7.01923e-05)
(1.53321e-06 3.09022e-06 -6.87407e-05)
(-2.54667e-06 5.63335e-06 -6.89517e-05)
(4.81135e-06 4.67824e-06 -8.07834e-05)
(5.76531e-06 5.26881e-06 -8.22721e-05)
(4.94724e-06 3.30039e-06 -8.54164e-05)
(4.93582e-06 2.60044e-06 -9.0838e-05)
(5.34842e-06 4.55189e-06 -9.10989e-05)
(1.9425e-06 6.73361e-06 -9.09838e-05)
(6.51976e-06 4.13912e-06 -9.98307e-05)
(5.63015e-06 6.97316e-07 -0.000105538)
(-4.64358e-07 1.15687e-06 -0.000111909)
(-2.78809e-07 -6.55306e-07 -0.000107794)
(6.67049e-07 4.2701e-06 -0.000120399)
(2.75025e-06 6.86079e-06 -0.000116039)
(4.42385e-06 -1.64941e-05 -0.000117247)
(-7.06839e-06 -1.5213e-05 -0.000127392)
(-3.93852e-06 -3.20803e-06 -0.000121939)
(-2.47059e-06 8.74639e-06 -0.000131064)
(7.82781e-06 1.67803e-05 -0.000124972)
(-3.51321e-06 -1.47609e-05 -0.00013099)
(-3.3508e-06 -1.27196e-05 -0.000137581)
(-3.6179e-06 -1.47126e-05 -0.000141697)
(-3.08542e-06 3.77891e-06 -0.000138227)
(-4.35535e-06 3.25332e-06 -0.000130044)
(3.12326e-06 -7.1389e-06 -0.000132553)
(1.3107e-06 -1.06496e-05 -0.00015119)
(-2.21012e-07 -1.86112e-05 -0.000152579)
(2.14642e-05 2.54855e-06 -0.000144481)
(-1.02847e-05 -2.17632e-06 -0.000136275)
(2.12058e-05 1.41806e-05 -0.000131146)
(7.66245e-06 -6.27546e-06 -0.000154507)
(3.7075e-06 -2.33146e-05 -0.000157158)
(0 0 0)
(0 0 0)
(2.79118e-05 2.01985e-05 -0.000128033)
(0 0 0)
(0 0 0)
(0 0 0)
(0 0 0)
(0 0 0)
(0 0 0)
(0 0 0)
(0 0 0)
(0 0 0)
(0 0 0)
(0 0 0)
(0 0 0)
(0 0 0)
(0 0 0)
(0 0 0)
(0 0 0)
(0 0 0)
(0 0 0)
(0 0 0)
(0 0 0)
(0 0 0)
(0 0 0)
(0 0 0)
(0 0 0)
(0 0 0)
(0 0 0)
(0 0 0)
(0 0 0)
(0 0 0)
(0 0 0)
(0 0 0)
(0 0 0)
(0 0 0)
(0 0 0)
(0 0 0)
(0 0 0)
(0 0 0)
(0 0 0)
(0 0 0)
(0 0 0)
(0 0 0)
(0 0 0)
(0 0 0)
(0 0 0)
(0 0 0)
(0 0 0)
(0 0 0)
(0 0 0)
(0 0 0)
(0 0 0)
(0 0 0)
(0 0 0)
(0 0 0)
(0 0 0)
(0 0 0)
(0 0 0)
(0 0 0)
(0 0 0)
(0 0 0)
(0 0 0)
(0 0 0)
(0 0 0)
(0 0 0)
(0 0 0)
(0 0 0)
(0 0 0)
(0 0 0)
(0 0 0)
(0 0 0)
(0 0 0)
(0 0 0)
(0 0 0)
(0 0 0)
(0 0 0)
(0 0 0)
(0 0 0)
(0 0 0)
(0 0 0)
(0 0 0)
(0 0 0)
(0 0 0)
(0 0 0)
(0 0 0)
(0 0 0)
(0 0 0)
(0 0 0)
(0 0 0)
(0 0 0)
(0 0 0)
(0 0 0)
(0 0 0)
(0 0 0)
(0 0 0)
(0 0 0)
(0 0 0)
(0 0 0)
(0 0 0)
(0 0 0)
(0 0 0)
(0 0 0)
(0 0 0)
(0 0 0)
(0 0 0)
(0 0 0)
(0 0 0)
(0 0 0)
(0 0 0)
(0 0 0)
(0 0 0)
(0 0 0)
(0 0 0)
(0 0 0)
(0 0 0)
(0 0 0)
(0 0 0)
(0 0 0)
(0 0 0)
(0 0 0)
(0 0 0)
(0 0 0)
(0 0 0)
(0 0 0)
(0 0 0)
(0 0 0)
(0 0 0)
(0 0 0)
(0 0 0)
(0 0 0)
(0 0 0)
(0 0 0)
(0 0 0)
(0 0 0)
(0 0 0)
(0 0 0)
(0 0 0)
(0 0 0)
(0 0 0)
(0 0 0)
(0 0 0)
(0 0 0)
(0 0 0)
(0 0 0)
(0 0 0)
(0 0 0)
(0 0 0)
(0 0 0)
(0 0 0)
(0 0 0)
(0 0 0)
(0 0 0)
(0 0 0)
(0 0 0)
(0 0 0)
(0 0 0)
(0 0 0)
(0 0 0)
(0 0 0)
(0 0 0)
(0 0 0)
(0 0 0)
(0 0 0)
(0 0 0)
(0 0 0)
(0 0 0)
(0 0 0)
(0 0 0)
(0 0 0)
(0 0 0)
(0 0 0)
(0 0 0)
(0 0 0)
(0 0 0)
(0 0 0)
(0 0 0)
(0 0 0)
(0 0 0)
(0 0 0)
(0 0 0)
(0 0 0)
(0 0 0)
(0 0 0)
(0 0 0)
(0 0 0)
(0 0 0)
(0 0 0)
(0 0 0)
(0 0 0)
)
;
    }
    procBoundary1to3
    {
        type            processor;
        value           nonuniform List<vector> 
450
(
(0 0 0)
(0 0 0)
(0 0 0)
(0 0 0)
(0 0 0)
(0 0 0)
(0 0 0)
(0 0 0)
(0 0 0)
(0 0 0)
(0 0 0)
(0 0 0)
(0 0 0)
(0 0 0)
(0 0 0)
(0 0 0)
(0 0 0)
(0 0 0)
(0 0 0)
(0 0 0)
(0 0 0)
(0 0 0)
(0 0 0)
(0 0 0)
(0 0 0)
(0 0 0)
(0 0 0)
(0 0 0)
(0 0 0)
(0 0 0)
(0 0 0)
(0 0 0)
(0 0 0)
(0 0 0)
(0 0 0)
(0 0 0)
(0 0 0)
(0 0 0)
(0 0 0)
(0 0 0)
(0 0 0)
(0 0 0)
(0 0 0)
(0 0 0)
(0 0 0)
(0 0 0)
(0 0 0)
(0 0 0)
(0 0 0)
(0 0 0)
(0 0 0)
(0 0 0)
(0 0 0)
(0 0 0)
(0 0 0)
(0 0 0)
(0 0 0)
(0 0 0)
(0 0 0)
(0 0 0)
(0 0 0)
(0 0 0)
(0 0 0)
(0 0 0)
(0 0 0)
(0 0 0)
(0 0 0)
(0 0 0)
(0 0 0)
(0 0 0)
(0 0 0)
(0 0 0)
(0 0 0)
(0 0 0)
(0 0 0)
(0 0 0)
(0 0 0)
(0 0 0)
(0 0 0)
(0 0 0)
(0 0 0)
(0 0 0)
(0 0 0)
(0 0 0)
(0 0 0)
(0 0 0)
(0 0 0)
(0 0 0)
(0 0 0)
(0 0 0)
(0 0 0)
(0 0 0)
(0 0 0)
(0 0 0)
(0 0 0)
(0 0 0)
(0 0 0)
(0 0 0)
(0 0 0)
(0 0 0)
(0 0 0)
(0 0 0)
(0 0 0)
(0 0 0)
(0 0 0)
(0 0 0)
(0 0 0)
(0 0 0)
(0 0 0)
(0 0 0)
(0 0 0)
(0 0 0)
(0 0 0)
(0 0 0)
(0 0 0)
(0 0 0)
(0 0 0)
(0 0 0)
(0 0 0)
(0 0 0)
(0 0 0)
(0 0 0)
(0 0 0)
(0 0 0)
(0 0 0)
(0 0 0)
(0 0 0)
(0 0 0)
(0 0 0)
(0 0 0)
(0 0 0)
(0 0 0)
(0 0 0)
(0 0 0)
(0 0 0)
(0 0 0)
(0 0 0)
(0 0 0)
(0 0 0)
(0 0 0)
(0 0 0)
(0 0 0)
(0 0 0)
(0 0 0)
(0 0 0)
(0 0 0)
(0 0 0)
(0 0 0)
(0 0 0)
(0 0 0)
(0 0 0)
(0 0 0)
(0 0 0)
(0 0 0)
(0 0 0)
(0 0 0)
(0 0 0)
(0 0 0)
(0 0 0)
(0 0 0)
(0 0 0)
(0 0 0)
(0 0 0)
(0 0 0)
(0 0 0)
(0 0 0)
(0 0 0)
(0 0 0)
(0 0 0)
(0 0 0)
(0 0 0)
(0 0 0)
(0 0 0)
(0 0 0)
(0 0 0)
(0 0 0)
(0 0 0)
(0 0 0)
(0 0 0)
(0 0 0)
(0 0 0)
(0 0 0)
(0 0 0)
(0 0 0)
(0 0 0)
(0 0 0)
(0 0 0)
(0 0 0)
(0 0 0)
(0 0 0)
(0 0 0)
(0 0 0)
(0 0 0)
(0 0 0)
(0 0 0)
(0 0 0)
(0 0 0)
(0 0 0)
(0 0 0)
(0 0 0)
(4.58354e-06 -1.52745e-06 -7.59496e-06)
(1.66615e-06 -1.90704e-06 -9.24225e-06)
(-6.27523e-07 -1.83297e-06 -1.0126e-05)
(-1.40279e-06 -1.21665e-06 -8.58253e-06)
(-5.41454e-07 -1.96343e-06 -7.99367e-06)
(4.23922e-07 -1.37626e-06 -2.46711e-05)
(-8.41325e-07 -4.20452e-06 -1.96413e-05)
(-2.02638e-07 -3.70127e-06 -1.74697e-05)
(-9.07816e-07 -2.25241e-06 -1.72183e-05)
(9.80451e-07 -3.35846e-06 -1.55532e-05)
(-7.10094e-07 -8.23304e-07 -3.40213e-05)
(-3.04792e-06 -6.23611e-06 -3.26646e-05)
(-3.88611e-06 -8.25152e-06 -2.88839e-05)
(-1.41121e-06 -5.96752e-06 -3.23556e-05)
(-1.13676e-06 -4.23808e-06 -3.33368e-05)
(-6.08794e-07 5.01324e-07 -4.28368e-05)
(-2.17145e-06 -5.14108e-06 -4.29229e-05)
(-4.77095e-06 -4.23644e-06 -4.24923e-05)
(-2.53276e-06 -5.00981e-06 -4.49688e-05)
(-1.58424e-06 -4.3604e-06 -4.3455e-05)
(-4.97164e-07 -2.38264e-06 -5.34168e-05)
(-5.39798e-07 -3.03065e-06 -5.26416e-05)
(-2.47354e-06 -3.92035e-06 -5.45113e-05)
(-3.46338e-06 -3.83896e-06 -5.77949e-05)
(-3.14891e-06 -2.2041e-06 -5.89746e-05)
(-1.21535e-06 4.3704e-06 -6.56659e-05)
(-1.1784e-06 -3.96527e-07 -6.42883e-05)
(-8.39618e-07 -3.17313e-08 -6.89974e-05)
(-1.34085e-06 -9.37641e-07 -6.78263e-05)
(-1.35593e-06 8.26168e-07 -7.12338e-05)
(-2.23014e-06 -3.22419e-06 -8.43315e-05)
(-1.72215e-06 7.6837e-07 -8.11384e-05)
(-1.21266e-06 3.36367e-06 -8.22769e-05)
(2.10748e-06 1.51187e-06 -8.35075e-05)
(5.37351e-06 1.28194e-06 -9.32471e-05)
(-4.53597e-06 -3.66343e-06 -0.00010086)
(-3.89446e-06 -5.50118e-06 -0.000100041)
(-1.59182e-06 -5.47104e-08 -0.000101825)
(4.36032e-06 2.08325e-06 -0.000101461)
(6.40277e-06 6.43822e-07 -0.000106812)
(-5.2075e-06 -3.76262e-06 -0.000107623)
(-3.88484e-06 -4.57359e-06 -0.0001167)
(-3.445e-06 -5.81852e-06 -0.000117334)
(-7.49298e-07 -6.6698e-06 -0.000111125)
(7.98868e-06 -2.22944e-06 -0.000116985)
(-1.01618e-05 -7.97994e-06 -0.000131708)
(-7.94425e-06 -9.58637e-06 -0.000130254)
(-3.10249e-06 -9.07845e-06 -0.00013326)
(2.84135e-06 -6.74064e-06 -0.00013016)
(9.1895e-06 -3.99537e-06 -0.000134686)
(-1.01248e-05 -1.5859e-05 -0.000145536)
(-1.56017e-05 -1.49366e-05 -0.000140979)
(-4.37299e-06 -1.31352e-05 -0.000144497)
(-1.09016e-06 -7.35477e-06 -0.000150288)
(6.88304e-06 -1.4408e-05 -0.000139535)
(-1.37527e-05 -1.87468e-05 -0.00014331)
(-2.41753e-05 -1.69799e-05 -0.000147322)
(-1.04507e-05 -2.08908e-05 -0.0001577)
(-6.21514e-06 -6.39484e-06 -0.000156782)
(-1.48885e-05 -4.20694e-05 -0.000149572)
(0 0 0)
(0 0 0)
(-9.71903e-06 -2.40507e-05 -0.000163018)
(-1.09536e-05 -2.48906e-05 -0.000158311)
(-1.94414e-05 -5.43681e-05 -0.00015022)
(0 0 0)
(0 0 0)
(0 0 0)
(0 0 0)
(0 0 0)
(0 0 0)
(0 0 0)
(0 0 0)
(0 0 0)
(0 0 0)
(0 0 0)
(0 0 0)
(0 0 0)
(0 0 0)
(0 0 0)
(0 0 0)
(0 0 0)
(0 0 0)
(0 0 0)
(0 0 0)
(0 0 0)
(0 0 0)
(0 0 0)
(0 0 0)
(0 0 0)
(0 0 0)
(0 0 0)
(0 0 0)
(0 0 0)
(0 0 0)
(0 0 0)
(0 0 0)
(0 0 0)
(0 0 0)
(0 0 0)
(0 0 0)
(0 0 0)
(0 0 0)
(0 0 0)
(0 0 0)
(0 0 0)
(0 0 0)
(0 0 0)
(0 0 0)
(0 0 0)
(0 0 0)
(0 0 0)
(0 0 0)
(0 0 0)
(0 0 0)
(0 0 0)
(0 0 0)
(0 0 0)
(0 0 0)
(0 0 0)
(0 0 0)
(0 0 0)
(0 0 0)
(0 0 0)
(0 0 0)
(0 0 0)
(0 0 0)
(0 0 0)
(0 0 0)
(0 0 0)
(0 0 0)
(0 0 0)
(0 0 0)
(0 0 0)
(0 0 0)
(0 0 0)
(0 0 0)
(0 0 0)
(0 0 0)
(0 0 0)
(0 0 0)
(0 0 0)
(0 0 0)
(0 0 0)
(0 0 0)
(0 0 0)
(0 0 0)
(0 0 0)
(0 0 0)
(0 0 0)
(0 0 0)
(0 0 0)
(0 0 0)
(0 0 0)
(0 0 0)
(0 0 0)
(0 0 0)
(0 0 0)
(0 0 0)
(0 0 0)
(0 0 0)
(0 0 0)
(0 0 0)
(0 0 0)
(0 0 0)
(0 0 0)
(0 0 0)
(0 0 0)
(0 0 0)
(0 0 0)
(0 0 0)
(0 0 0)
(0 0 0)
(0 0 0)
(0 0 0)
(0 0 0)
(0 0 0)
(0 0 0)
(0 0 0)
(0 0 0)
(0 0 0)
(0 0 0)
(0 0 0)
(0 0 0)
(0 0 0)
(0 0 0)
(0 0 0)
(0 0 0)
(0 0 0)
(0 0 0)
(0 0 0)
(0 0 0)
(0 0 0)
(0 0 0)
(0 0 0)
(0 0 0)
(0 0 0)
(0 0 0)
(0 0 0)
(0 0 0)
(0 0 0)
(0 0 0)
(0 0 0)
(0 0 0)
(0 0 0)
(0 0 0)
(0 0 0)
(0 0 0)
(0 0 0)
(0 0 0)
(0 0 0)
(0 0 0)
(0 0 0)
(0 0 0)
(0 0 0)
(0 0 0)
(0 0 0)
(0 0 0)
(0 0 0)
(0 0 0)
(0 0 0)
(0 0 0)
(0 0 0)
(0 0 0)
(0 0 0)
(0 0 0)
(0 0 0)
(0 0 0)
(0 0 0)
(0 0 0)
(0 0 0)
(0 0 0)
(0 0 0)
(0 0 0)
(0 0 0)
(0 0 0)
(0 0 0)
(0 0 0)
(0 0 0)
(0 0 0)
(0 0 0)
(0 0 0)
(0 0 0)
(0 0 0)
(0 0 0)
(0 0 0)
(0 0 0)
(0 0 0)
(0 0 0)
(0 0 0)
)
;
    }
}


// ************************************************************************* //
