/*--------------------------------*- C++ -*----------------------------------*\
| =========                 |                                                 |
| \\      /  F ield         | OpenFOAM: The Open Source CFD Toolbox           |
|  \\    /   O peration     | Version:  5.x                                   |
|   \\  /    A nd           | Web:      www.OpenFOAM.org                      |
|    \\/     M anipulation  |                                                 |
\*---------------------------------------------------------------------------*/
FoamFile
{
    version     2.0;
    format      ascii;
    class       volVectorField;
    location    "0.008";
    object      Us;
}
// * * * * * * * * * * * * * * * * * * * * * * * * * * * * * * * * * * * * * //

dimensions      [0 1 -1 0 0 0 0];

internalField   nonuniform List<vector> 
180
(
(0 0 0)
(0 0 0)
(0 0 0)
(0 0 0)
(0 0 0)
(0 0 0)
(0 0 0)
(0 0 0)
(0 0 0)
(0 0 0)
(0 0 0)
(0 0 0)
(0 0 0)
(0 0 0)
(0 0 0)
(0 0 0)
(0 0 0)
(0 0 0)
(0 0 0)
(0 0 0)
(0 0 0)
(0 0 0)
(0 0 0)
(0 0 0)
(0 0 0)
(0 0 0)
(0 0 0)
(0 0 0)
(0 0 0)
(0 0 0)
(0 0 0)
(0 0 0)
(0 0 0)
(0 0 0)
(0 0 0)
(0 0 0)
(0 0 0)
(0 0 0)
(0 0 0)
(0 0 0)
(0 0 0)
(0 0 0)
(0 0 0)
(0 0 0)
(0 0 0)
(0 0 0)
(0 0 0)
(0 0 0)
(0 0 0)
(0 0 0)
(0 0 0)
(0 0 0)
(0 0 0)
(0 0 0)
(0 0 0)
(0 0 0)
(0 0 0)
(0 0 0)
(0 0 0)
(0 0 0)
(0 0 0)
(0 0 0)
(0 0 0)
(0 0 0)
(0 0 0)
(0 0 0)
(0 0 0)
(0 0 0)
(0 0 0)
(0 0 0)
(0 0 0)
(0 0 0)
(0 0 0)
(0 0 0)
(0 0 0)
(0 0 0)
(0 0 0)
(0 0 0)
(0 0 0)
(0 0 0)
(3.25521e-06 5.09452e-06 6.0026e-05)
(2.86869e-06 6.74091e-06 5.9986e-05)
(2.96779e-06 2.92913e-06 5.86284e-05)
(6.70379e-06 -1.95912e-06 8.84421e-05)
(-4.38591e-06 6.18577e-06 0.000127894)
(-7.34077e-06 -2.09763e-05 0.000102189)
(-9.16816e-06 -1.96212e-05 0.000130856)
(-4.92037e-05 -4.52972e-05 0.000192261)
(-3.08151e-05 -5.08497e-05 0.00018204)
(1.53001e-05 -7.96394e-05 0.000162587)
(9.46565e-05 -9.4879e-05 0.000134959)
(6.29459e-05 -8.88756e-05 0.000166285)
(6.25141e-05 -0.000100646 0.000154468)
(6.43647e-05 -1.48745e-05 0.000122834)
(4.39435e-05 -2.04157e-05 9.224e-05)
(6.36952e-05 4.88517e-06 2.3618e-05)
(5.87518e-06 -2.86744e-05 -1.5725e-05)
(-7.53604e-05 -4.12388e-05 -5.12219e-05)
(-2.67272e-05 -2.25876e-05 -0.00018013)
(-1.80162e-05 -5.24535e-05 -0.000237319)
(-2.42952e-05 -9.01744e-06 -0.000451497)
(-1.08656e-06 -6.96624e-07 -0.00062711)
(-2.36014e-05 -7.18896e-05 -0.000624275)
(-7.50481e-05 -0.000150238 -0.000668028)
(-0.000136146 -8.71835e-05 -0.000696339)
(0 0 0)
(0 0 0)
(0 0 0)
(0 0 0)
(0 0 0)
(0 0 0)
(0 0 0)
(0 0 0)
(0 0 0)
(0 0 0)
(0 0 0)
(0 0 0)
(0 0 0)
(0 0 0)
(0 0 0)
(0 0 0)
(0 0 0)
(0 0 0)
(0 0 0)
(0 0 0)
(0 0 0)
(0 0 0)
(0 0 0)
(0 0 0)
(0 0 0)
(0 0 0)
(0 0 0)
(0 0 0)
(0 0 0)
(0 0 0)
(0 0 0)
(0 0 0)
(0 0 0)
(0 0 0)
(0 0 0)
(0 0 0)
(0 0 0)
(0 0 0)
(0 0 0)
(0 0 0)
(0 0 0)
(0 0 0)
(0 0 0)
(0 0 0)
(0 0 0)
(0 0 0)
(0 0 0)
(0 0 0)
(0 0 0)
(0 0 0)
(0 0 0)
(0 0 0)
(0 0 0)
(0 0 0)
(0 0 0)
(0 0 0)
(0 0 0)
(0 0 0)
(0 0 0)
(0 0 0)
(0 0 0)
(0 0 0)
(0 0 0)
(0 0 0)
(0 0 0)
(0 0 0)
(0 0 0)
(0 0 0)
(0 0 0)
(0 0 0)
(0 0 0)
(0 0 0)
(0 0 0)
(0 0 0)
(0 0 0)
)
;

boundaryField
{
    inlet
    {
        type            fixedValue;
        value           uniform (0 0 0);
    }
    outlet
    {
        type            fixedValue;
        value           uniform (0 0 0);
    }
    repeat_boundary
    {
        type            fixedValue;
        value           uniform (0 0 0);
    }
    procBoundary2to0
    {
        type            processor;
        value           nonuniform List<vector> 
180
(
(0 0 0)
(0 0 0)
(0 0 0)
(0 0 0)
(0 0 0)
(0 0 0)
(0 0 0)
(0 0 0)
(0 0 0)
(0 0 0)
(0 0 0)
(0 0 0)
(0 0 0)
(0 0 0)
(0 0 0)
(0 0 0)
(0 0 0)
(0 0 0)
(0 0 0)
(0 0 0)
(0 0 0)
(0 0 0)
(0 0 0)
(0 0 0)
(0 0 0)
(0 0 0)
(0 0 0)
(0 0 0)
(0 0 0)
(0 0 0)
(0 0 0)
(0 0 0)
(0 0 0)
(0 0 0)
(0 0 0)
(0 0 0)
(0 0 0)
(0 0 0)
(0 0 0)
(0 0 0)
(0 0 0)
(0 0 0)
(0 0 0)
(0 0 0)
(0 0 0)
(0 0 0)
(0 0 0)
(0 0 0)
(0 0 0)
(0 0 0)
(0 0 0)
(0 0 0)
(0 0 0)
(0 0 0)
(0 0 0)
(0 0 0)
(0 0 0)
(0 0 0)
(0 0 0)
(0 0 0)
(0 0 0)
(0 0 0)
(0 0 0)
(0 0 0)
(0 0 0)
(0 0 0)
(0 0 0)
(0 0 0)
(0 0 0)
(0 0 0)
(0 0 0)
(0 0 0)
(0 0 0)
(0 0 0)
(0 0 0)
(0 0 0)
(0 0 0)
(0 0 0)
(0 0 0)
(0 0 0)
(7.67686e-06 -2.18034e-05 5.33653e-05)
(9.63472e-06 -2.14392e-05 5.3188e-05)
(8.66601e-06 -2.22199e-05 5.2943e-05)
(8.41931e-06 -2.80748e-05 7.2699e-05)
(-8.40376e-06 -3.47825e-05 9.83161e-05)
(-1.50676e-05 -2.93299e-05 9.19429e-05)
(-1.33122e-05 -3.06619e-05 0.000123214)
(8.46218e-06 -2.17838e-06 0.000146117)
(-1.99299e-05 -2.49208e-05 0.000192426)
(3.33403e-05 -2.71649e-05 0.000120273)
(8.95592e-05 -7.56822e-06 8.80145e-05)
(9.07194e-05 -1.15833e-06 0.000128171)
(8.79564e-05 1.0928e-05 4.78257e-05)
(0.000102053 6.07725e-05 7.46342e-06)
(8.49528e-05 7.82524e-05 -1.97586e-05)
(5.13384e-05 0.000146644 -6.99096e-05)
(4.08911e-05 0.000143761 -8.94431e-05)
(3.43838e-05 0.000143074 -0.00014228)
(8.10577e-06 4.55345e-05 -0.000273823)
(1.07626e-05 2.72902e-05 -0.000292227)
(-3.15903e-05 -1.38195e-05 -0.000376541)
(-4.39867e-05 -3.19083e-05 -0.000429259)
(-7.13833e-05 -8.65519e-05 -0.00060354)
(-0.00012316 -0.000115368 -0.000688695)
(-0.000291399 -0.000228033 -0.000806471)
(0 0 0)
(0 0 0)
(0 0 0)
(0 0 0)
(0 0 0)
(0 0 0)
(0 0 0)
(0 0 0)
(0 0 0)
(0 0 0)
(0 0 0)
(0 0 0)
(0 0 0)
(0 0 0)
(0 0 0)
(0 0 0)
(0 0 0)
(0 0 0)
(0 0 0)
(0 0 0)
(0 0 0)
(0 0 0)
(0 0 0)
(0 0 0)
(0 0 0)
(0 0 0)
(0 0 0)
(0 0 0)
(0 0 0)
(0 0 0)
(0 0 0)
(0 0 0)
(0 0 0)
(0 0 0)
(0 0 0)
(0 0 0)
(0 0 0)
(0 0 0)
(0 0 0)
(0 0 0)
(0 0 0)
(0 0 0)
(0 0 0)
(0 0 0)
(0 0 0)
(0 0 0)
(0 0 0)
(0 0 0)
(0 0 0)
(0 0 0)
(0 0 0)
(0 0 0)
(0 0 0)
(0 0 0)
(0 0 0)
(0 0 0)
(0 0 0)
(0 0 0)
(0 0 0)
(0 0 0)
(0 0 0)
(0 0 0)
(0 0 0)
(0 0 0)
(0 0 0)
(0 0 0)
(0 0 0)
(0 0 0)
(0 0 0)
(0 0 0)
(0 0 0)
(0 0 0)
(0 0 0)
(0 0 0)
(0 0 0)
)
;
    }
    procBoundary2to3
    {
        type            processor;
        value           nonuniform List<vector> 
180
(
(0 0 0)
(0 0 0)
(0 0 0)
(0 0 0)
(0 0 0)
(0 0 0)
(0 0 0)
(0 0 0)
(0 0 0)
(0 0 0)
(0 0 0)
(0 0 0)
(0 0 0)
(0 0 0)
(0 0 0)
(0 0 0)
(0 0 0)
(0 0 0)
(0 0 0)
(0 0 0)
(0 0 0)
(0 0 0)
(0 0 0)
(0 0 0)
(0 0 0)
(0 0 0)
(0 0 0)
(0 0 0)
(0 0 0)
(0 0 0)
(0 0 0)
(0 0 0)
(0 0 0)
(0 0 0)
(0 0 0)
(0 0 0)
(0 0 0)
(0 0 0)
(0 0 0)
(0 0 0)
(0 0 0)
(0 0 0)
(0 0 0)
(0 0 0)
(0 0 0)
(0 0 0)
(0 0 0)
(0 0 0)
(0 0 0)
(0 0 0)
(0 0 0)
(0 0 0)
(0 0 0)
(0 0 0)
(0 0 0)
(0 0 0)
(0 0 0)
(0 0 0)
(0 0 0)
(0 0 0)
(0 0 0)
(0 0 0)
(0 0 0)
(0 0 0)
(0 0 0)
(0 0 0)
(0 0 0)
(0 0 0)
(0 0 0)
(0 0 0)
(0 0 0)
(0 0 0)
(0 0 0)
(0 0 0)
(0 0 0)
(0 0 0)
(0 0 0)
(0 0 0)
(0 0 0)
(0 0 0)
(4.2169e-05 1.16083e-05 7.10972e-05)
(3.3452e-05 1.60699e-05 7.01961e-05)
(3.7002e-05 1.68575e-05 7.73728e-05)
(2.40895e-06 4.87339e-05 0.000136122)
(-3.57736e-05 8.22731e-05 0.000190078)
(-4.63745e-05 7.56846e-05 0.000222304)
(-5.16251e-05 9.0298e-05 0.000225042)
(1.04612e-05 6.53004e-05 0.000267237)
(-4.26137e-05 5.0805e-05 0.000229173)
(3.0755e-05 4.37394e-05 0.000209528)
(4.37122e-05 -3.0562e-06 0.000209848)
(8.59164e-05 -2.40014e-05 0.000179992)
(8.08312e-05 -2.48757e-05 0.00020415)
(6.65603e-05 2.57849e-06 9.80983e-05)
(2.88672e-05 1.79085e-05 0.000100152)
(4.12092e-05 2.85729e-05 -2.60201e-05)
(1.74592e-05 -1.72753e-06 -4.78342e-05)
(6.11486e-07 -7.51294e-06 -0.000129098)
(-1.0659e-05 1.89643e-05 -0.000194326)
(-4.24625e-05 -2.14056e-06 -0.000272081)
(-3.5514e-05 1.03665e-05 -0.000269288)
(-1.80725e-05 5.13852e-06 -0.000299212)
(4.02164e-06 -1.84856e-05 -0.000322249)
(5.628e-06 -2.19281e-05 -0.000323683)
(5.628e-06 -2.19281e-05 -0.000323683)
(0 0 0)
(0 0 0)
(0 0 0)
(0 0 0)
(0 0 0)
(0 0 0)
(0 0 0)
(0 0 0)
(0 0 0)
(0 0 0)
(0 0 0)
(0 0 0)
(0 0 0)
(0 0 0)
(0 0 0)
(0 0 0)
(0 0 0)
(0 0 0)
(0 0 0)
(0 0 0)
(0 0 0)
(0 0 0)
(0 0 0)
(0 0 0)
(0 0 0)
(0 0 0)
(0 0 0)
(0 0 0)
(0 0 0)
(0 0 0)
(0 0 0)
(0 0 0)
(0 0 0)
(0 0 0)
(0 0 0)
(0 0 0)
(0 0 0)
(0 0 0)
(0 0 0)
(0 0 0)
(0 0 0)
(0 0 0)
(0 0 0)
(0 0 0)
(0 0 0)
(0 0 0)
(0 0 0)
(0 0 0)
(0 0 0)
(0 0 0)
(0 0 0)
(0 0 0)
(0 0 0)
(0 0 0)
(0 0 0)
(0 0 0)
(0 0 0)
(0 0 0)
(0 0 0)
(0 0 0)
(0 0 0)
(0 0 0)
(0 0 0)
(0 0 0)
(0 0 0)
(0 0 0)
(0 0 0)
(0 0 0)
(0 0 0)
(0 0 0)
(0 0 0)
(0 0 0)
(0 0 0)
(0 0 0)
(0 0 0)
)
;
    }
}


// ************************************************************************* //
