/*--------------------------------*- C++ -*----------------------------------*\
| =========                 |                                                 |
| \\      /  F ield         | OpenFOAM: The Open Source CFD Toolbox           |
|  \\    /   O peration     | Version:  5.x                                   |
|   \\  /    A nd           | Web:      www.OpenFOAM.org                      |
|    \\/     M anipulation  |                                                 |
\*---------------------------------------------------------------------------*/
FoamFile
{
    version     2.0;
    format      ascii;
    class       volVectorField;
    location    "30000";
    object      Us;
}
// * * * * * * * * * * * * * * * * * * * * * * * * * * * * * * * * * * * * * //

dimensions      [0 1 -1 0 0 0 0];

internalField   nonuniform List<vector> 
2250
(
(0 0 0)
(0 0 0)
(0 0 0)
(0 0 0)
(0 0 0)
(0 0 0)
(0 0 0)
(0 0 0)
(0 0 0)
(0 0 0)
(0 0 0)
(0 0 0)
(0 0 0)
(0 0 0)
(0 0 0)
(0 0 0)
(0 0 0)
(0 0 0)
(0 0 0)
(0 0 0)
(0 0 0)
(0 0 0)
(0 0 0)
(0 0 0)
(0 0 0)
(0 0 0)
(0 0 0)
(0 0 0)
(0 0 0)
(0 0 0)
(0 0 0)
(0 0 0)
(0 0 0)
(0 0 0)
(0 0 0)
(0 0 0)
(0 0 0)
(0 0 0)
(0 0 0)
(0 0 0)
(0 0 0)
(0 0 0)
(0 0 0)
(0 0 0)
(0 0 0)
(0 0 0)
(0 0 0)
(0 0 0)
(0 0 0)
(0 0 0)
(0 0 0)
(0 0 0)
(0 0 0)
(0 0 0)
(0 0 0)
(0 0 0)
(0 0 0)
(0 0 0)
(0 0 0)
(0 0 0)
(0 0 0)
(0 0 0)
(0 0 0)
(0 0 0)
(0 0 0)
(0 0 0)
(0 0 0)
(0 0 0)
(0 0 0)
(0 0 0)
(0 0 0)
(0 0 0)
(0 0 0)
(0 0 0)
(0 0 0)
(0 0 0)
(0 0 0)
(0 0 0)
(0 0 0)
(0 0 0)
(0 0 0)
(0 0 0)
(0 0 0)
(0 0 0)
(0 0 0)
(0 0 0)
(0 0 0)
(0 0 0)
(0 0 0)
(0 0 0)
(0 0 0)
(0 0 0)
(0 0 0)
(0 0 0)
(0 0 0)
(0 0 0)
(0 0 0)
(0 0 0)
(0 0 0)
(0 0 0)
(0 0 0)
(0 0 0)
(0 0 0)
(0 0 0)
(0 0 0)
(0 0 0)
(0 0 0)
(0 0 0)
(0 0 0)
(0 0 0)
(0 0 0)
(0 0 0)
(0 0 0)
(0 0 0)
(0 0 0)
(0 0 0)
(0 0 0)
(0 0 0)
(0 0 0)
(0 0 0)
(0 0 0)
(0 0 0)
(0 0 0)
(0 0 0)
(0 0 0)
(0 0 0)
(0 0 0)
(0 0 0)
(0 0 0)
(0 0 0)
(0 0 0)
(0 0 0)
(0 0 0)
(0 0 0)
(0 0 0)
(0 0 0)
(0 0 0)
(0 0 0)
(0 0 0)
(0 0 0)
(0 0 0)
(0 0 0)
(0 0 0)
(0 0 0)
(0 0 0)
(0 0 0)
(0 0 0)
(0 0 0)
(0 0 0)
(0 0 0)
(0 0 0)
(0 0 0)
(0 0 0)
(0 0 0)
(0 0 0)
(0 0 0)
(0 0 0)
(0 0 0)
(0 0 0)
(0 0 0)
(0 0 0)
(0 0 0)
(0 0 0)
(0 0 0)
(0 0 0)
(0 0 0)
(0 0 0)
(0 0 0)
(0 0 0)
(0 0 0)
(0 0 0)
(0 0 0)
(0 0 0)
(0 0 0)
(0 0 0)
(0 0 0)
(0 0 0)
(0 0 0)
(0 0 0)
(0 0 0)
(0 0 0)
(0 0 0)
(0 0 0)
(0 0 0)
(0 0 0)
(0 0 0)
(0 0 0)
(0 0 0)
(0 0 0)
(0 0 0)
(0 0 0)
(0 0 0)
(0 0 0)
(0 0 0)
(0 0 0)
(0 0 0)
(0 0 0)
(0 0 0)
(0 0 0)
(0 0 0)
(0 0 0)
(0 0 0)
(0 0 0)
(0 0 0)
(0 0 0)
(0 0 0)
(0 0 0)
(0 0 0)
(0 0 0)
(0 0 0)
(0 0 0)
(0 0 0)
(0 0 0)
(0 0 0)
(0 0 0)
(0 0 0)
(0 0 0)
(0 0 0)
(0 0 0)
(0 0 0)
(0 0 0)
(0 0 0)
(0 0 0)
(0 0 0)
(0 0 0)
(0 0 0)
(0 0 0)
(0 0 0)
(0 0 0)
(0 0 0)
(0 0 0)
(0 0 0)
(0 0 0)
(0 0 0)
(0 0 0)
(0 0 0)
(0 0 0)
(0 0 0)
(0 0 0)
(0 0 0)
(0 0 0)
(0 0 0)
(0 0 0)
(0 0 0)
(0 0 0)
(0 0 0)
(0 0 0)
(0 0 0)
(0 0 0)
(0 0 0)
(0 0 0)
(0 0 0)
(0 0 0)
(0 0 0)
(0 0 0)
(0 0 0)
(0 0 0)
(0 0 0)
(0 0 0)
(0 0 0)
(0 0 0)
(0 0 0)
(0 0 0)
(0 0 0)
(0 0 0)
(0 0 0)
(0 0 0)
(0 0 0)
(0 0 0)
(0 0 0)
(0 0 0)
(0 0 0)
(0 0 0)
(0 0 0)
(0 0 0)
(0 0 0)
(0 0 0)
(0 0 0)
(0 0 0)
(0 0 0)
(0 0 0)
(0 0 0)
(0 0 0)
(0 0 0)
(0 0 0)
(0 0 0)
(0 0 0)
(0 0 0)
(0 0 0)
(0 0 0)
(0 0 0)
(0 0 0)
(0 0 0)
(0 0 0)
(0 0 0)
(0 0 0)
(0 0 0)
(0 0 0)
(0 0 0)
(0 0 0)
(0 0 0)
(0 0 0)
(0 0 0)
(0 0 0)
(0 0 0)
(0 0 0)
(0 0 0)
(0 0 0)
(0 0 0)
(0 0 0)
(0 0 0)
(0 0 0)
(0 0 0)
(0 0 0)
(0 0 0)
(0 0 0)
(0 0 0)
(0 0 0)
(0 0 0)
(0 0 0)
(0 0 0)
(0 0 0)
(0 0 0)
(0 0 0)
(0 0 0)
(0 0 0)
(0 0 0)
(0 0 0)
(0 0 0)
(0 0 0)
(0 0 0)
(0 0 0)
(0 0 0)
(0 0 0)
(0 0 0)
(0 0 0)
(0 0 0)
(0 0 0)
(0 0 0)
(0 0 0)
(0 0 0)
(0 0 0)
(0 0 0)
(0 0 0)
(0 0 0)
(0 0 0)
(0 0 0)
(0 0 0)
(0 0 0)
(0 0 0)
(0 0 0)
(0 0 0)
(0 0 0)
(0 0 0)
(0 0 0)
(0 0 0)
(0 0 0)
(0 0 0)
(0 0 0)
(0 0 0)
(0 0 0)
(0 0 0)
(0 0 0)
(0 0 0)
(0 0 0)
(0 0 0)
(0 0 0)
(0 0 0)
(0 0 0)
(0 0 0)
(0 0 0)
(0 0 0)
(0 0 0)
(0 0 0)
(0 0 0)
(0 0 0)
(0 0 0)
(0 0 0)
(0 0 0)
(0 0 0)
(0 0 0)
(0 0 0)
(0 0 0)
(0 0 0)
(0 0 0)
(0 0 0)
(0 0 0)
(0 0 0)
(0 0 0)
(0 0 0)
(0 0 0)
(0 0 0)
(0 0 0)
(0 0 0)
(0 0 0)
(0 0 0)
(0 0 0)
(0 0 0)
(0 0 0)
(0 0 0)
(0 0 0)
(0 0 0)
(0 0 0)
(0 0 0)
(0 0 0)
(0 0 0)
(0 0 0)
(0 0 0)
(0 0 0)
(0 0 0)
(0 0 0)
(0 0 0)
(0 0 0)
(0 0 0)
(0 0 0)
(0 0 0)
(0 0 0)
(0 0 0)
(0 0 0)
(0 0 0)
(0 0 0)
(0 0 0)
(0 0 0)
(0 0 0)
(0 0 0)
(0 0 0)
(0 0 0)
(0 0 0)
(0 0 0)
(0 0 0)
(0 0 0)
(0 0 0)
(0 0 0)
(0 0 0)
(0 0 0)
(0 0 0)
(0 0 0)
(0 0 0)
(0 0 0)
(0 0 0)
(0 0 0)
(0 0 0)
(0 0 0)
(0 0 0)
(0 0 0)
(0 0 0)
(0 0 0)
(0 0 0)
(0 0 0)
(0 0 0)
(0 0 0)
(0 0 0)
(0 0 0)
(0 0 0)
(0 0 0)
(0 0 0)
(0 0 0)
(0 0 0)
(0 0 0)
(0 0 0)
(0 0 0)
(0 0 0)
(0 0 0)
(0 0 0)
(0 0 0)
(0 0 0)
(0 0 0)
(0 0 0)
(0 0 0)
(0 0 0)
(0 0 0)
(0 0 0)
(0 0 0)
(0 0 0)
(0 0 0)
(0 0 0)
(0 0 0)
(0 0 0)
(0 0 0)
(0 0 0)
(0 0 0)
(0 0 0)
(0 0 0)
(0 0 0)
(0 0 0)
(0 0 0)
(0 0 0)
(0 0 0)
(0 0 0)
(0 0 0)
(0 0 0)
(0 0 0)
(0 0 0)
(0 0 0)
(0 0 0)
(0 0 0)
(0 0 0)
(0 0 0)
(0 0 0)
(0 0 0)
(0 0 0)
(0 0 0)
(0 0 0)
(0 0 0)
(0 0 0)
(0 0 0)
(0 0 0)
(0 0 0)
(0 0 0)
(0 0 0)
(0 0 0)
(0 0 0)
(0 0 0)
(0 0 0)
(0 0 0)
(0 0 0)
(0 0 0)
(0 0 0)
(0 0 0)
(0 0 0)
(0 0 0)
(0 0 0)
(0 0 0)
(0 0 0)
(0 0 0)
(0 0 0)
(0 0 0)
(0 0 0)
(0 0 0)
(0 0 0)
(0 0 0)
(0 0 0)
(0 0 0)
(0 0 0)
(0 0 0)
(0 0 0)
(0 0 0)
(0 0 0)
(0 0 0)
(0 0 0)
(0 0 0)
(0 0 0)
(0 0 0)
(0 0 0)
(0 0 0)
(0 0 0)
(0 0 0)
(0 0 0)
(0 0 0)
(0 0 0)
(0 0 0)
(0 0 0)
(0 0 0)
(0 0 0)
(0 0 0)
(0 0 0)
(0 0 0)
(0 0 0)
(0 0 0)
(0 0 0)
(0 0 0)
(0 0 0)
(0 0 0)
(0 0 0)
(0 0 0)
(0 0 0)
(0 0 0)
(0 0 0)
(0 0 0)
(0 0 0)
(0 0 0)
(0 0 0)
(0 0 0)
(0 0 0)
(0 0 0)
(0 0 0)
(0 0 0)
(0 0 0)
(0 0 0)
(0 0 0)
(0 0 0)
(0 0 0)
(0 0 0)
(0 0 0)
(0 0 0)
(0 0 0)
(0 0 0)
(0 0 0)
(0 0 0)
(0 0 0)
(0 0 0)
(0 0 0)
(0 0 0)
(0 0 0)
(0 0 0)
(0 0 0)
(0 0 0)
(0 0 0)
(0 0 0)
(0 0 0)
(0 0 0)
(0 0 0)
(0 0 0)
(0 0 0)
(0 0 0)
(0 0 0)
(0 0 0)
(0 0 0)
(0 0 0)
(0 0 0)
(0 0 0)
(0 0 0)
(0 0 0)
(0 0 0)
(0 0 0)
(0 0 0)
(0 0 0)
(0 0 0)
(0 0 0)
(0 0 0)
(0 0 0)
(0 0 0)
(0 0 0)
(0 0 0)
(0 0 0)
(0 0 0)
(0 0 0)
(0 0 0)
(0 0 0)
(0 0 0)
(0 0 0)
(0 0 0)
(0 0 0)
(0 0 0)
(0 0 0)
(0 0 0)
(0 0 0)
(0 0 0)
(0 0 0)
(0 0 0)
(0 0 0)
(0 0 0)
(0 0 0)
(0 0 0)
(0 0 0)
(0 0 0)
(0 0 0)
(0 0 0)
(0 0 0)
(0 0 0)
(0 0 0)
(0 0 0)
(0 0 0)
(0 0 0)
(0 0 0)
(0 0 0)
(0 0 0)
(0 0 0)
(0 0 0)
(0 0 0)
(0 0 0)
(0 0 0)
(0 0 0)
(0 0 0)
(0 0 0)
(0 0 0)
(0 0 0)
(0 0 0)
(0 0 0)
(0 0 0)
(0 0 0)
(0 0 0)
(0 0 0)
(0 0 0)
(0 0 0)
(0 0 0)
(0 0 0)
(0 0 0)
(0 0 0)
(0 0 0)
(0 0 0)
(0 0 0)
(0 0 0)
(0 0 0)
(0 0 0)
(0 0 0)
(0 0 0)
(0 0 0)
(0 0 0)
(0 0 0)
(0 0 0)
(0 0 0)
(0 0 0)
(0 0 0)
(0 0 0)
(0 0 0)
(0 0 0)
(0 0 0)
(0 0 0)
(0 0 0)
(0 0 0)
(0 0 0)
(0 0 0)
(0 0 0)
(0 0 0)
(0 0 0)
(0 0 0)
(0 0 0)
(0 0 0)
(0 0 0)
(0 0 0)
(0 0 0)
(0 0 0)
(0 0 0)
(0 0 0)
(0 0 0)
(0 0 0)
(0 0 0)
(0 0 0)
(0 0 0)
(0 0 0)
(0 0 0)
(0 0 0)
(0 0 0)
(0 0 0)
(0 0 0)
(0 0 0)
(0 0 0)
(0 0 0)
(0 0 0)
(0 0 0)
(0 0 0)
(0 0 0)
(0 0 0)
(0 0 0)
(0 0 0)
(0 0 0)
(0 0 0)
(0 0 0)
(0 0 0)
(0 0 0)
(0 0 0)
(0 0 0)
(0 0 0)
(0 0 0)
(0 0 0)
(0 0 0)
(0 0 0)
(0 0 0)
(0 0 0)
(0 0 0)
(0 0 0)
(0 0 0)
(0 0 0)
(0 0 0)
(0 0 0)
(0 0 0)
(0 0 0)
(0 0 0)
(0 0 0)
(0 0 0)
(0 0 0)
(0 0 0)
(0 0 0)
(0 0 0)
(0 0 0)
(0 0 0)
(0 0 0)
(0 0 0)
(0 0 0)
(0 0 0)
(0 0 0)
(0 0 0)
(0 0 0)
(0 0 0)
(0 0 0)
(0 0 0)
(0 0 0)
(0 0 0)
(0 0 0)
(0 0 0)
(0 0 0)
(0 0 0)
(0 0 0)
(0 0 0)
(0 0 0)
(0 0 0)
(0 0 0)
(0 0 0)
(0 0 0)
(0 0 0)
(0 0 0)
(0 0 0)
(0 0 0)
(0 0 0)
(0 0 0)
(0 0 0)
(0 0 0)
(0 0 0)
(0 0 0)
(0 0 0)
(0 0 0)
(0 0 0)
(0 0 0)
(0 0 0)
(0 0 0)
(0 0 0)
(0 0 0)
(0 0 0)
(0 0 0)
(0 0 0)
(0 0 0)
(0 0 0)
(0 0 0)
(0 0 0)
(0 0 0)
(0 0 0)
(0 0 0)
(0 0 0)
(0 0 0)
(0 0 0)
(0 0 0)
(0 0 0)
(0 0 0)
(0 0 0)
(0 0 0)
(0 0 0)
(0 0 0)
(0 0 0)
(0 0 0)
(0 0 0)
(0 0 0)
(0 0 0)
(0 0 0)
(0 0 0)
(0 0 0)
(0 0 0)
(0 0 0)
(0 0 0)
(0 0 0)
(0 0 0)
(0 0 0)
(0 0 0)
(0 0 0)
(0 0 0)
(0 0 0)
(0 0 0)
(0 0 0)
(0 0 0)
(0 0 0)
(0 0 0)
(0 0 0)
(0 0 0)
(0 0 0)
(0 0 0)
(0 0 0)
(0 0 0)
(0 0 0)
(0 0 0)
(0 0 0)
(0 0 0)
(0 0 0)
(0 0 0)
(0 0 0)
(0 0 0)
(0 0 0)
(0 0 0)
(0 0 0)
(0 0 0)
(0 0 0)
(0 0 0)
(0 0 0)
(0 0 0)
(0 0 0)
(0 0 0)
(0 0 0)
(0 0 0)
(0 0 0)
(0 0 0)
(0 0 0)
(0 0 0)
(0 0 0)
(0 0 0)
(0 0 0)
(0 0 0)
(0 0 0)
(0 0 0)
(0 0 0)
(0 0 0)
(0 0 0)
(0 0 0)
(0 0 0)
(0 0 0)
(0 0 0)
(0 0 0)
(0 0 0)
(0 0 0)
(0 0 0)
(0 0 0)
(0 0 0)
(0 0 0)
(0 0 0)
(0 0 0)
(0 0 0)
(0 0 0)
(0 0 0)
(0 0 0)
(0 0 0)
(0 0 0)
(0 0 0)
(0 0 0)
(0 0 0)
(0 0 0)
(0 0 0)
(0 0 0)
(0 0 0)
(0 0 0)
(0 0 0)
(0 0 0)
(0 0 0)
(0 0 0)
(0 0 0)
(0 0 0)
(0 0 0)
(0 0 0)
(0 0 0)
(0 0 0)
(0 0 0)
(0 0 0)
(0 0 0)
(0 0 0)
(0 0 0)
(0 0 0)
(0 0 0)
(0 0 0)
(0 0 0)
(0 0 0)
(0 0 0)
(0 0 0)
(0 0 0)
(0 0 0)
(0 0 0)
(0 0 0)
(0 0 0)
(0 0 0)
(0 0 0)
(0 0 0)
(0 0 0)
(0 0 0)
(0 0 0)
(0 0 0)
(0 0 0)
(0 0 0)
(0 0 0)
(0 0 0)
(0 0 0)
(0 0 0)
(0 0 0)
(0 0 0)
(0 0 0)
(0 0 0)
(0 0 0)
(0 0 0)
(0 0 0)
(0 0 0)
(0 0 0)
(0 0 0)
(0 0 0)
(0 0 0)
(0 0 0)
(0 0 0)
(0 0 0)
(0 0 0)
(0 0 0)
(0 0 0)
(0 0 0)
(0 0 0)
(0 0 0)
(0 0 0)
(0 0 0)
(0 0 0)
(0 0 0)
(0 0 0)
(0 0 0)
(0 0 0)
(0 0 0)
(0 0 0)
(0 0 0)
(0 0 0)
(0 0 0)
(0 0 0)
(0 0 0)
(0 0 0)
(0 0 0)
(0 0 0)
(0 0 0)
(0 0 0)
(0 0 0)
(0 0 0)
(0 0 0)
(2.58003e-06 2.73419e-07 -9.70595e-06)
(9.78409e-07 -3.58913e-08 -1.40789e-05)
(-1.34034e-06 6.65707e-07 -1.94815e-05)
(-4.11133e-06 1.38699e-06 -1.82426e-05)
(-4.604e-06 1.49846e-06 -1.10533e-05)
(-2.64664e-07 1.50308e-06 -1.43786e-05)
(-1.35573e-06 9.49042e-07 -1.27562e-05)
(-4.21205e-06 -6.58366e-07 -1.90788e-05)
(-2.58283e-06 -5.07837e-07 -1.2963e-05)
(-2.28399e-06 -3.92317e-07 -1.08756e-05)
(5.34668e-07 9.04798e-07 -1.48425e-05)
(-1.18083e-06 6.33568e-07 -1.38911e-05)
(-2.65579e-06 -5.99932e-07 -1.34504e-05)
(-2.59783e-06 -1.55533e-06 -1.16291e-05)
(1.40408e-06 8.08012e-07 -1.07229e-05)
(4.2702e-07 8.10706e-08 -1.37314e-05)
(-7.00927e-07 8.0935e-07 -1.48384e-05)
(-2.76615e-06 -1.36879e-06 -1.47088e-05)
(2.82874e-06 -1.01567e-08 -9.51378e-06)
(4.30175e-06 3.35251e-06 -1.17422e-05)
(8.71317e-07 -2.66143e-08 -1.11978e-05)
(-4.43916e-07 4.85575e-07 -1.39057e-05)
(7.9112e-07 -1.09498e-06 -9.39213e-06)
(5.30721e-06 2.44832e-06 -1.10015e-05)
(3.4234e-06 4.12075e-06 -1.47434e-05)
(-1.69189e-06 3.29208e-06 -2.65388e-05)
(3.12283e-07 1.23134e-06 -3.12452e-05)
(-2.48955e-07 1.08642e-06 -3.05606e-05)
(-3.94806e-06 1.78562e-06 -2.92559e-05)
(-4.09571e-07 4.79319e-06 -3.09699e-05)
(-3.09145e-06 3.53193e-06 -2.63686e-05)
(-2.41473e-06 1.46097e-06 -2.99153e-05)
(-4.12174e-06 5.55688e-07 -2.7825e-05)
(-5.69704e-06 -1.36162e-06 -2.85467e-05)
(-2.76511e-06 2.25403e-06 -3.35972e-05)
(1.31659e-06 2.8229e-06 -2.4685e-05)
(-6.82359e-07 2.17503e-06 -2.61465e-05)
(-2.89858e-06 3.61114e-06 -3.093e-05)
(-2.02086e-06 2.81118e-06 -3.45142e-05)
(3.76627e-06 1.02615e-05 -3.26686e-05)
(2.44444e-06 1.45247e-06 -2.36855e-05)
(1.73566e-06 2.58194e-06 -2.48859e-05)
(-4.01981e-06 1.27854e-06 -2.36664e-05)
(-1.37918e-07 2.61948e-06 -3.62797e-05)
(6.85638e-06 8.74875e-06 -2.88932e-05)
(5.47319e-07 2.06627e-06 -2.12085e-05)
(1.81671e-06 2.38317e-06 -2.31083e-05)
(-9.34079e-06 4.0007e-06 -2.35065e-05)
(-3.19883e-06 6.84136e-06 -2.61841e-05)
(1.14086e-06 4.97905e-06 -2.54003e-05)
(-3.10177e-06 3.87275e-06 -3.91585e-05)
(6.28105e-07 3.09487e-07 -4.94541e-05)
(1.69788e-06 2.74617e-06 -4.7883e-05)
(7.41683e-07 4.71996e-06 -4.4405e-05)
(-1.04167e-06 1.21552e-05 -5.55435e-05)
(-3.98541e-06 4.27325e-06 -3.99269e-05)
(-1.16547e-06 1.12772e-06 -4.12795e-05)
(-1.1054e-06 3.54132e-06 -4.57949e-05)
(-1.40009e-06 7.59047e-06 -4.58309e-05)
(-1.74276e-06 4.99298e-06 -5.25088e-05)
(3.81155e-06 3.84826e-06 -3.93515e-05)
(1.33448e-06 1.97623e-06 -4.40525e-05)
(6.78581e-07 3.95216e-06 -4.74969e-05)
(1.18467e-06 5.63447e-06 -5.4391e-05)
(2.9195e-06 8.37757e-06 -4.96612e-05)
(7.57426e-07 4.68506e-06 -4.50844e-05)
(3.48731e-06 3.57717e-06 -4.85935e-05)
(2.35635e-06 3.15763e-06 -4.59856e-05)
(2.33408e-06 3.66997e-06 -5.26441e-05)
(3.10491e-06 4.61797e-06 -5.08275e-05)
(-2.52024e-06 4.544e-06 -3.86472e-05)
(5.43576e-06 3.0358e-06 -5.15475e-05)
(2.67033e-08 4.82168e-06 -4.30046e-05)
(1.46918e-06 6.41272e-06 -4.64279e-05)
(4.16243e-06 4.61864e-06 -5.02757e-05)
(6.24643e-07 6.3955e-07 -6.8977e-05)
(3.67695e-06 6.83996e-07 -6.60628e-05)
(3.88144e-06 2.39745e-06 -5.9353e-05)
(7.19159e-06 6.68473e-06 -6.59718e-05)
(5.2197e-06 9.76892e-06 -6.98619e-05)
(3.80064e-08 2.959e-06 -6.51805e-05)
(4.60152e-06 -4.35823e-08 -6.847e-05)
(5.00197e-06 1.65854e-06 -6.49597e-05)
(3.44975e-06 6.45773e-06 -6.86159e-05)
(3.28289e-06 8.78447e-06 -6.80152e-05)
(4.30038e-06 2.87538e-06 -6.24884e-05)
(3.71233e-06 -2.54142e-07 -6.11668e-05)
(5.37145e-06 1.40586e-06 -6.61265e-05)
(4.92193e-06 2.03636e-06 -6.86056e-05)
(2.25621e-06 7.74749e-06 -7.09485e-05)
(7.0152e-06 4.52475e-06 -6.39495e-05)
(4.98607e-06 2.44569e-06 -6.11273e-05)
(4.95069e-06 2.33054e-06 -6.54252e-05)
(7.53253e-06 8.50022e-07 -7.10854e-05)
(7.44807e-06 4.47332e-06 -7.08138e-05)
(7.79387e-06 3.33678e-06 -6.69917e-05)
(6.61241e-06 3.6363e-06 -6.78013e-05)
(7.92823e-06 3.26591e-06 -6.86622e-05)
(1.31225e-05 8.86077e-06 -7.74743e-05)
(9.02141e-06 6.35843e-06 -6.63403e-05)
(7.41998e-06 5.07321e-06 -8.31506e-05)
(5.09934e-06 2.35095e-06 -7.9756e-05)
(3.3799e-06 1.77165e-07 -8.07297e-05)
(2.18807e-06 4.30796e-07 -8.35215e-05)
(4.89392e-06 4.34003e-06 -8.51359e-05)
(1.70804e-06 2.67378e-06 -8.68753e-05)
(5.44733e-06 -7.79279e-07 -8.32749e-05)
(4.0779e-06 1.34594e-06 -7.23218e-05)
(3.89834e-06 1.49067e-06 -8.0028e-05)
(5.17893e-06 3.02012e-06 -8.51865e-05)
(3.19955e-06 2.28728e-06 -8.02844e-05)
(7.65926e-06 -4.88e-07 -8.09706e-05)
(8.3027e-06 2.30941e-06 -8.31011e-05)
(6.88677e-06 1.02372e-06 -8.53837e-05)
(5.43847e-06 2.47746e-06 -8.66595e-05)
(9.32369e-06 1.40831e-06 -7.85125e-05)
(8.56873e-06 1.36066e-06 -8.04629e-05)
(8.71297e-06 3.12337e-06 -8.25322e-05)
(1.08514e-05 1.29069e-06 -8.65893e-05)
(7.46001e-06 2.71964e-06 -8.46998e-05)
(9.46076e-06 4.85185e-06 -7.93059e-05)
(8.83261e-06 5.39027e-06 -8.59895e-05)
(1.09711e-05 3.06253e-06 -8.67492e-05)
(1.27355e-05 3.16327e-06 -8.84211e-05)
(4.8106e-06 4.97576e-06 -8.54636e-05)
(5.65124e-06 6.71792e-07 -9.81751e-05)
(4.45703e-06 -2.48755e-06 -9.63597e-05)
(8.64641e-06 -2.89417e-06 -9.20657e-05)
(8.97848e-06 -1.88118e-06 -9.91208e-05)
(5.8888e-06 -1.00222e-06 -9.90858e-05)
(3.46175e-06 1.1504e-06 -0.000101988)
(6.79904e-06 -1.77961e-06 -0.000100286)
(1.38045e-05 -2.87208e-06 -8.91184e-05)
(1.51271e-05 -1.72899e-06 -9.66661e-05)
(1.10017e-05 2.01023e-08 -0.000101088)
(5.43484e-06 7.21394e-07 -9.65518e-05)
(5.78872e-06 5.06566e-07 -0.000100573)
(8.86461e-06 1.58877e-06 -0.000101043)
(8.57052e-06 2.1288e-06 -9.95954e-05)
(8.53001e-06 7.8683e-07 -0.000101452)
(9.91168e-06 1.99177e-06 -0.000100599)
(1.04533e-05 3.42346e-06 -0.000100014)
(9.60729e-06 3.14361e-06 -9.85537e-05)
(9.6157e-06 1.11017e-06 -9.88268e-05)
(8.22011e-06 -5.30044e-07 -0.000101809)
(6.71809e-06 3.67193e-06 -0.000100693)
(9.62102e-06 3.08065e-06 -0.000102347)
(1.06826e-05 2.63228e-06 -9.99441e-05)
(1.17348e-05 1.07357e-06 -9.86784e-05)
(1.16025e-05 -1.35454e-06 -0.000101744)
(4.68431e-06 -1.23854e-06 -0.000109742)
(3.79628e-06 -3.28536e-07 -0.000114907)
(1.1972e-05 -7.48643e-07 -0.000115443)
(1.28157e-05 -9.76208e-07 -0.000112918)
(1.15428e-05 4.02033e-07 -0.000110642)
(3.19362e-06 2.98041e-06 -0.000110945)
(7.79651e-06 -6.28613e-07 -0.000115399)
(1.37366e-05 -1.61691e-06 -0.000113563)
(1.10439e-05 -1.44041e-06 -0.000114553)
(1.13739e-05 -3.87923e-07 -0.000112116)
(2.32407e-06 2.52789e-06 -0.00011538)
(6.76433e-06 8.3924e-07 -0.000113152)
(8.5673e-06 -1.82533e-06 -0.000109441)
(8.58672e-06 -1.53785e-06 -0.000111471)
(7.82054e-06 -1.23015e-06 -0.000112285)
(5.40044e-06 1.15262e-06 -0.000112611)
(6.24347e-06 1.21199e-06 -0.000111507)
(9.36701e-06 -2.2141e-07 -0.000110848)
(8.16844e-06 -1.01741e-06 -0.000113703)
(7.12173e-06 -2.10192e-06 -0.000111108)
(7.52702e-06 -7.4753e-07 -0.000112773)
(7.38202e-06 -2.22908e-06 -0.000109291)
(6.22496e-06 -1.0169e-06 -0.000112301)
(1.02315e-05 -4.40725e-07 -0.000111448)
(8.66477e-06 -2.89469e-06 -0.000109867)
(4.7566e-06 3.13381e-06 -0.000116607)
(2.50425e-06 4.88194e-06 -0.000121252)
(6.3564e-06 -1.00288e-06 -0.00012764)
(1.01757e-05 -9.99535e-07 -0.000123357)
(1.14624e-05 -1.04598e-06 -0.000121836)
(8.79143e-07 3.03106e-06 -0.000121416)
(1.99186e-06 1.5182e-06 -0.000124907)
(3.93424e-06 -1.9118e-06 -0.000128328)
(6.45211e-06 -2.14642e-06 -0.000124041)
(8.69839e-06 -1.04589e-06 -0.000120434)
(1.846e-06 3.57857e-06 -0.000123739)
(3.55523e-06 2.28768e-06 -0.000123191)
(4.98163e-06 -9.93823e-07 -0.000122311)
(6.24831e-06 -3.38873e-06 -0.000121799)
(6.87884e-06 -3.23431e-06 -0.00012184)
(5.44281e-06 9.42344e-07 -0.000119881)
(6.65791e-06 -1.23637e-08 -0.000121217)
(5.74215e-06 -2.00764e-07 -0.000119372)
(5.293e-06 -3.82721e-06 -0.000121776)
(-1.17041e-06 1.69393e-06 -0.000131781)
(4.4922e-06 -2.53189e-06 -0.000118858)
(6.13371e-06 -3.46275e-06 -0.00011929)
(6.72901e-06 -2.88569e-06 -0.000120508)
(7.22249e-06 -4.32363e-06 -0.000119211)
(4.81139e-06 -1.57829e-06 -0.000127263)
(-2.59182e-06 7.76143e-06 -0.000129146)
(5.0389e-07 2.10089e-06 -0.000132683)
(2.5125e-06 4.35478e-07 -0.000132378)
(6.61752e-06 -1.34159e-06 -0.000131567)
(9.60989e-06 -1.39717e-06 -0.000130592)
(-9.12668e-06 1.28408e-05 -0.000131241)
(-7.62692e-06 9.47674e-06 -0.000128331)
(1.57009e-07 -8.34974e-08 -0.000133581)
(2.96914e-06 -2.73028e-06 -0.00013105)
(6.59566e-06 -3.06761e-06 -0.000129303)
(9.99527e-07 3.05231e-06 -0.00012859)
(-1.34513e-06 4.12731e-06 -0.000127682)
(1.15068e-06 -1.96449e-06 -0.000129718)
(3.20305e-06 -5.27778e-06 -0.000128297)
(5.60681e-06 -3.45897e-06 -0.000127599)
(4.99756e-06 1.12197e-07 -0.000123395)
(4.11549e-06 -7.10099e-07 -0.000126219)
(3.62381e-06 -4.37384e-06 -0.000126064)
(4.11848e-06 -6.71634e-06 -0.000127452)
(4.06111e-06 -6.53222e-06 -0.000128373)
(4.50108e-06 -3.69634e-06 -0.000122545)
(6.15328e-06 -4.80977e-06 -0.00012695)
(5.53409e-06 -6.92871e-06 -0.000125709)
(7.75545e-06 -1.13138e-05 -0.000124868)
(6.21239e-06 -8.83216e-06 -0.000131646)
(-8.00496e-06 5.08221e-06 -0.000133308)
(-1.13003e-06 8.38248e-06 -0.000134261)
(1.68744e-06 4.94131e-06 -0.000137055)
(4.40242e-06 4.58957e-06 -0.000141658)
(1.29023e-05 3.09358e-06 -0.00013901)
(-2.20197e-05 1.64851e-05 -0.00013069)
(-2.78303e-05 1.81295e-05 -0.000130074)
(-1.51197e-05 1.85102e-06 -0.000136191)
(-3.3034e-06 -3.68805e-06 -0.000137374)
(4.27594e-06 -4.59235e-06 -0.000136941)
(-1.39285e-05 1.04733e-05 -0.000132343)
(-1.15108e-05 7.87603e-06 -0.000130975)
(-6.06803e-06 -2.98116e-06 -0.000130903)
(-2.68316e-06 -8.48143e-06 -0.000133884)
(1.91542e-06 -3.95521e-06 -0.000131101)
(-3.24495e-06 -9.26964e-07 -0.000129267)
(-5.77268e-06 1.4223e-06 -0.000131446)
(-1.758e-06 -6.15792e-06 -0.000130751)
(1.11245e-06 -1.02875e-05 -0.000130209)
(6.32047e-06 -1.87453e-05 -0.000125701)
(-2.17615e-07 -1.2495e-06 -0.000121924)
(2.1978e-06 -5.57861e-06 -0.000128493)
(2.41861e-06 -8.35512e-06 -0.000128283)
(4.82896e-06 -1.24187e-05 -0.000126211)
(3.23124e-06 -1.69279e-05 -0.000122782)
(-9.68889e-06 -2.45565e-06 -0.000139549)
(-1.32353e-05 1.14915e-05 -0.000142895)
(-2.71758e-05 3.71977e-06 -0.000163961)
(-7.83218e-06 1.75144e-05 -0.000148421)
(-3.72115e-06 8.22683e-06 -0.000140231)
(-2.23373e-05 1.10331e-05 -0.000131883)
(-2.70226e-05 9.69208e-06 -0.000137647)
(-2.39044e-05 2.58954e-06 -0.000141949)
(-6.68677e-06 -1.61566e-06 -0.000149771)
(1.78001e-06 -2.42028e-06 -0.00014153)
(-1.58888e-05 6.32306e-06 -0.000129154)
(-1.94039e-05 9.7217e-06 -0.000129842)
(-1.79506e-05 -2.8632e-06 -0.000134766)
(-1.38932e-05 -1.27537e-05 -0.000141756)
(-5.0782e-06 -8.67317e-06 -0.00012954)
(-1.15537e-05 -2.85758e-06 -0.000125549)
(-9.2976e-06 -6.74685e-07 -0.000133033)
(-8.63059e-06 -4.78421e-06 -0.000129962)
(-1.3278e-05 -1.06752e-05 -0.000135639)
(-9.12372e-06 -1.89363e-05 -0.000123856)
(2.64263e-06 -6.34599e-06 -0.000119906)
(4.17574e-06 -6.81008e-06 -0.000123726)
(-2.97747e-06 -6.13457e-06 -0.000127469)
(-2.72036e-06 -1.74595e-05 -0.000126423)
(-1.0028e-06 -1.61797e-05 -0.000119317)
(-1.21189e-05 -5.93608e-06 -0.000146125)
(-2.50687e-05 6.745e-06 -0.00014887)
(-3.44377e-05 1.39375e-05 -0.000150971)
(-1.86898e-05 1.36381e-05 -0.000160798)
(-1.29112e-05 7.54772e-06 -0.000147129)
(-1.97226e-05 8.39239e-06 -0.000128913)
(-1.75306e-05 7.03234e-06 -0.000147354)
(-1.28121e-06 -7.75076e-06 -0.000162452)
(-8.77801e-06 -2.59953e-05 -0.000164083)
(-1.3549e-05 -7.28674e-06 -0.000144873)
(-1.73712e-05 5.6286e-06 -0.000128022)
(-2.24232e-05 -2.2234e-07 -0.000135781)
(-1.24243e-05 -1.82269e-05 -0.000146532)
(-2.186e-05 -2.99536e-05 -0.000165711)
(-1.59552e-05 -1.84141e-05 -0.000132244)
(-2.12066e-06 -1.31177e-05 -0.000125701)
(-9.37221e-06 -8.75028e-06 -0.000131604)
(-1.07513e-05 -1.4306e-05 -0.000129009)
(-1.08887e-05 -3.62687e-05 -0.00014542)
(-3.41893e-05 -3.99318e-05 -0.000125592)
(6.30627e-06 -1.14523e-05 -0.000119128)
(1.03002e-06 -4.49976e-06 -0.00012687)
(-5.22303e-06 -8.69034e-06 -0.000127459)
(-5.24669e-06 -2.62816e-05 -0.000128368)
(-3.49662e-05 -4.28509e-05 -0.000126446)
(0 0 0)
(0 0 0)
(0 0 0)
(0 0 0)
(0 0 0)
(0 0 0)
(2.76389e-05 2.4087e-05 -0.000159089)
(2.49439e-05 1.7437e-05 -0.000160096)
(-6.72117e-06 -2.95394e-05 -0.000161034)
(-2.27412e-05 -1.91139e-05 -0.000147214)
(0 0 0)
(-2.30833e-05 -1.26331e-06 -0.000136587)
(7.4264e-06 -2.57875e-05 -0.000166638)
(-6.72117e-06 -2.95394e-05 -0.000161034)
(-3.50163e-05 -3.70432e-05 -0.000149827)
(-1.00059e-06 -1.52331e-05 -0.000126612)
(-1.32256e-05 -1.01167e-05 -0.000131086)
(0 0 0)
(2.95855e-06 -4.43247e-05 -0.000135518)
(0 0 0)
(0 0 0)
(0 0 0)
(0 0 0)
(0 0 0)
(0 0 0)
(0 0 0)
(0 0 0)
(0 0 0)
(0 0 0)
(0 0 0)
(0 0 0)
(0 0 0)
(0 0 0)
(0 0 0)
(0 0 0)
(0 0 0)
(0 0 0)
(0 0 0)
(0 0 0)
(0 0 0)
(0 0 0)
(0 0 0)
(0 0 0)
(0 0 0)
(0 0 0)
(0 0 0)
(0 0 0)
(0 0 0)
(0 0 0)
(0 0 0)
(0 0 0)
(0 0 0)
(0 0 0)
(0 0 0)
(0 0 0)
(0 0 0)
(0 0 0)
(0 0 0)
(0 0 0)
(0 0 0)
(0 0 0)
(0 0 0)
(0 0 0)
(0 0 0)
(0 0 0)
(0 0 0)
(0 0 0)
(0 0 0)
(0 0 0)
(0 0 0)
(0 0 0)
(0 0 0)
(0 0 0)
(0 0 0)
(0 0 0)
(0 0 0)
(0 0 0)
(0 0 0)
(0 0 0)
(0 0 0)
(0 0 0)
(0 0 0)
(0 0 0)
(0 0 0)
(0 0 0)
(0 0 0)
(0 0 0)
(0 0 0)
(0 0 0)
(0 0 0)
(0 0 0)
(0 0 0)
(0 0 0)
(0 0 0)
(0 0 0)
(0 0 0)
(0 0 0)
(0 0 0)
(0 0 0)
(0 0 0)
(0 0 0)
(0 0 0)
(0 0 0)
(0 0 0)
(0 0 0)
(0 0 0)
(0 0 0)
(0 0 0)
(0 0 0)
(0 0 0)
(0 0 0)
(0 0 0)
(0 0 0)
(0 0 0)
(0 0 0)
(0 0 0)
(0 0 0)
(0 0 0)
(0 0 0)
(0 0 0)
(0 0 0)
(0 0 0)
(0 0 0)
(0 0 0)
(0 0 0)
(0 0 0)
(0 0 0)
(0 0 0)
(0 0 0)
(0 0 0)
(0 0 0)
(0 0 0)
(0 0 0)
(0 0 0)
(0 0 0)
(0 0 0)
(0 0 0)
(0 0 0)
(0 0 0)
(0 0 0)
(0 0 0)
(0 0 0)
(0 0 0)
(0 0 0)
(0 0 0)
(0 0 0)
(0 0 0)
(0 0 0)
(0 0 0)
(0 0 0)
(0 0 0)
(0 0 0)
(0 0 0)
(0 0 0)
(0 0 0)
(0 0 0)
(0 0 0)
(0 0 0)
(0 0 0)
(0 0 0)
(0 0 0)
(0 0 0)
(0 0 0)
(0 0 0)
(0 0 0)
(0 0 0)
(0 0 0)
(0 0 0)
(0 0 0)
(0 0 0)
(0 0 0)
(0 0 0)
(0 0 0)
(0 0 0)
(0 0 0)
(0 0 0)
(0 0 0)
(0 0 0)
(0 0 0)
(0 0 0)
(0 0 0)
(0 0 0)
(0 0 0)
(0 0 0)
(0 0 0)
(0 0 0)
(0 0 0)
(0 0 0)
(0 0 0)
(0 0 0)
(0 0 0)
(0 0 0)
(0 0 0)
(0 0 0)
(0 0 0)
(0 0 0)
(0 0 0)
(0 0 0)
(0 0 0)
(0 0 0)
(0 0 0)
(0 0 0)
(0 0 0)
(0 0 0)
(0 0 0)
(0 0 0)
(0 0 0)
(0 0 0)
(0 0 0)
(0 0 0)
(0 0 0)
(0 0 0)
(0 0 0)
(0 0 0)
(0 0 0)
(0 0 0)
(0 0 0)
(0 0 0)
(0 0 0)
(0 0 0)
(0 0 0)
(0 0 0)
(0 0 0)
(0 0 0)
(0 0 0)
(0 0 0)
(0 0 0)
(0 0 0)
(0 0 0)
(0 0 0)
(0 0 0)
(0 0 0)
(0 0 0)
(0 0 0)
(0 0 0)
(0 0 0)
(0 0 0)
(0 0 0)
(0 0 0)
(0 0 0)
(0 0 0)
(0 0 0)
(0 0 0)
(0 0 0)
(0 0 0)
(0 0 0)
(0 0 0)
(0 0 0)
(0 0 0)
(0 0 0)
(0 0 0)
(0 0 0)
(0 0 0)
(0 0 0)
(0 0 0)
(0 0 0)
(0 0 0)
(0 0 0)
(0 0 0)
(0 0 0)
(0 0 0)
(0 0 0)
(0 0 0)
(0 0 0)
(0 0 0)
(0 0 0)
(0 0 0)
(0 0 0)
(0 0 0)
(0 0 0)
(0 0 0)
(0 0 0)
(0 0 0)
(0 0 0)
(0 0 0)
(0 0 0)
(0 0 0)
(0 0 0)
(0 0 0)
(0 0 0)
(0 0 0)
(0 0 0)
(0 0 0)
(0 0 0)
(0 0 0)
(0 0 0)
(0 0 0)
(0 0 0)
(0 0 0)
(0 0 0)
(0 0 0)
(0 0 0)
(0 0 0)
(0 0 0)
(0 0 0)
(0 0 0)
(0 0 0)
(0 0 0)
(0 0 0)
(0 0 0)
(0 0 0)
(0 0 0)
(0 0 0)
(0 0 0)
(0 0 0)
(0 0 0)
(0 0 0)
(0 0 0)
(0 0 0)
(0 0 0)
(0 0 0)
(0 0 0)
(0 0 0)
(0 0 0)
(0 0 0)
(0 0 0)
(0 0 0)
(0 0 0)
(0 0 0)
(0 0 0)
(0 0 0)
(0 0 0)
(0 0 0)
(0 0 0)
(0 0 0)
(0 0 0)
(0 0 0)
(0 0 0)
(0 0 0)
(0 0 0)
(0 0 0)
(0 0 0)
(0 0 0)
(0 0 0)
(0 0 0)
(0 0 0)
(0 0 0)
(0 0 0)
(0 0 0)
(0 0 0)
(0 0 0)
(0 0 0)
(0 0 0)
(0 0 0)
(0 0 0)
(0 0 0)
(0 0 0)
(0 0 0)
(0 0 0)
(0 0 0)
(0 0 0)
(0 0 0)
(0 0 0)
(0 0 0)
(0 0 0)
(0 0 0)
(0 0 0)
(0 0 0)
(0 0 0)
(0 0 0)
(0 0 0)
(0 0 0)
(0 0 0)
(0 0 0)
(0 0 0)
(0 0 0)
(0 0 0)
(0 0 0)
(0 0 0)
(0 0 0)
(0 0 0)
(0 0 0)
(0 0 0)
(0 0 0)
(0 0 0)
(0 0 0)
(0 0 0)
(0 0 0)
(0 0 0)
(0 0 0)
(0 0 0)
(0 0 0)
(0 0 0)
(0 0 0)
(0 0 0)
(0 0 0)
(0 0 0)
(0 0 0)
(0 0 0)
(0 0 0)
(0 0 0)
(0 0 0)
(0 0 0)
(0 0 0)
(0 0 0)
(0 0 0)
(0 0 0)
(0 0 0)
(0 0 0)
(0 0 0)
(0 0 0)
(0 0 0)
(0 0 0)
(0 0 0)
(0 0 0)
(0 0 0)
(0 0 0)
(0 0 0)
(0 0 0)
(0 0 0)
(0 0 0)
(0 0 0)
(0 0 0)
(0 0 0)
(0 0 0)
(0 0 0)
(0 0 0)
(0 0 0)
(0 0 0)
(0 0 0)
(0 0 0)
(0 0 0)
(0 0 0)
(0 0 0)
(0 0 0)
(0 0 0)
(0 0 0)
(0 0 0)
(0 0 0)
(0 0 0)
(0 0 0)
(0 0 0)
(0 0 0)
(0 0 0)
(0 0 0)
(0 0 0)
(0 0 0)
(0 0 0)
(0 0 0)
(0 0 0)
(0 0 0)
(0 0 0)
(0 0 0)
(0 0 0)
(0 0 0)
(0 0 0)
(0 0 0)
(0 0 0)
(0 0 0)
(0 0 0)
(0 0 0)
(0 0 0)
(0 0 0)
(0 0 0)
(0 0 0)
(0 0 0)
(0 0 0)
(0 0 0)
(0 0 0)
(0 0 0)
(0 0 0)
(0 0 0)
(0 0 0)
(0 0 0)
(0 0 0)
(0 0 0)
(0 0 0)
(0 0 0)
(0 0 0)
(0 0 0)
(0 0 0)
(0 0 0)
(0 0 0)
(0 0 0)
(0 0 0)
(0 0 0)
(0 0 0)
(0 0 0)
(0 0 0)
(0 0 0)
(0 0 0)
(0 0 0)
(0 0 0)
(0 0 0)
(0 0 0)
(0 0 0)
(0 0 0)
(0 0 0)
(0 0 0)
(0 0 0)
(0 0 0)
(0 0 0)
(0 0 0)
(0 0 0)
(0 0 0)
(0 0 0)
(0 0 0)
(0 0 0)
(0 0 0)
(0 0 0)
(0 0 0)
(0 0 0)
(0 0 0)
(0 0 0)
(0 0 0)
(0 0 0)
(0 0 0)
(0 0 0)
(0 0 0)
(0 0 0)
(0 0 0)
(0 0 0)
(0 0 0)
(0 0 0)
(0 0 0)
(0 0 0)
(0 0 0)
(0 0 0)
(0 0 0)
(0 0 0)
(0 0 0)
(0 0 0)
(0 0 0)
(0 0 0)
(0 0 0)
(0 0 0)
(0 0 0)
(0 0 0)
(0 0 0)
(0 0 0)
(0 0 0)
(0 0 0)
(0 0 0)
(0 0 0)
(0 0 0)
(0 0 0)
(0 0 0)
(0 0 0)
(0 0 0)
(0 0 0)
(0 0 0)
(0 0 0)
(0 0 0)
(0 0 0)
(0 0 0)
(0 0 0)
(0 0 0)
(0 0 0)
(0 0 0)
(0 0 0)
(0 0 0)
(0 0 0)
(0 0 0)
(0 0 0)
(0 0 0)
(0 0 0)
(0 0 0)
(0 0 0)
(0 0 0)
(0 0 0)
(0 0 0)
(0 0 0)
(0 0 0)
(0 0 0)
(0 0 0)
(0 0 0)
(0 0 0)
(0 0 0)
(0 0 0)
(0 0 0)
(0 0 0)
(0 0 0)
(0 0 0)
(0 0 0)
(0 0 0)
(0 0 0)
(0 0 0)
(0 0 0)
(0 0 0)
(0 0 0)
(0 0 0)
(0 0 0)
(0 0 0)
(0 0 0)
(0 0 0)
(0 0 0)
(0 0 0)
(0 0 0)
(0 0 0)
(0 0 0)
(0 0 0)
(0 0 0)
(0 0 0)
(0 0 0)
(0 0 0)
(0 0 0)
(0 0 0)
(0 0 0)
(0 0 0)
(0 0 0)
(0 0 0)
(0 0 0)
(0 0 0)
(0 0 0)
(0 0 0)
(0 0 0)
(0 0 0)
(0 0 0)
(0 0 0)
(0 0 0)
(0 0 0)
(0 0 0)
(0 0 0)
(0 0 0)
(0 0 0)
(0 0 0)
(0 0 0)
(0 0 0)
(0 0 0)
(0 0 0)
(0 0 0)
(0 0 0)
(0 0 0)
(0 0 0)
(0 0 0)
(0 0 0)
(0 0 0)
(0 0 0)
(0 0 0)
(0 0 0)
(0 0 0)
(0 0 0)
(0 0 0)
(0 0 0)
(0 0 0)
(0 0 0)
(0 0 0)
(0 0 0)
(0 0 0)
(0 0 0)
(0 0 0)
(0 0 0)
(0 0 0)
(0 0 0)
(0 0 0)
(0 0 0)
(0 0 0)
(0 0 0)
(0 0 0)
(0 0 0)
(0 0 0)
(0 0 0)
(0 0 0)
(0 0 0)
(0 0 0)
(0 0 0)
(0 0 0)
(0 0 0)
(0 0 0)
(0 0 0)
(0 0 0)
(0 0 0)
(0 0 0)
(0 0 0)
(0 0 0)
(0 0 0)
(0 0 0)
(0 0 0)
(0 0 0)
(0 0 0)
(0 0 0)
(0 0 0)
(0 0 0)
(0 0 0)
(0 0 0)
(0 0 0)
(0 0 0)
(0 0 0)
(0 0 0)
(0 0 0)
(0 0 0)
(0 0 0)
(0 0 0)
(0 0 0)
(0 0 0)
(0 0 0)
(0 0 0)
(0 0 0)
(0 0 0)
(0 0 0)
(0 0 0)
(0 0 0)
(0 0 0)
(0 0 0)
(0 0 0)
(0 0 0)
(0 0 0)
(0 0 0)
(0 0 0)
(0 0 0)
(0 0 0)
(0 0 0)
(0 0 0)
(0 0 0)
(0 0 0)
(0 0 0)
(0 0 0)
(0 0 0)
(0 0 0)
(0 0 0)
(0 0 0)
(0 0 0)
(0 0 0)
(0 0 0)
(0 0 0)
(0 0 0)
(0 0 0)
(0 0 0)
(0 0 0)
(0 0 0)
(0 0 0)
(0 0 0)
(0 0 0)
(0 0 0)
(0 0 0)
(0 0 0)
(0 0 0)
(0 0 0)
(0 0 0)
(0 0 0)
(0 0 0)
(0 0 0)
(0 0 0)
(0 0 0)
(0 0 0)
(0 0 0)
(0 0 0)
(0 0 0)
(0 0 0)
(0 0 0)
(0 0 0)
(0 0 0)
(0 0 0)
(0 0 0)
(0 0 0)
(0 0 0)
(0 0 0)
(0 0 0)
(0 0 0)
(0 0 0)
(0 0 0)
(0 0 0)
(0 0 0)
(0 0 0)
(0 0 0)
(0 0 0)
(0 0 0)
(0 0 0)
(0 0 0)
(0 0 0)
(0 0 0)
(0 0 0)
(0 0 0)
(0 0 0)
(0 0 0)
(0 0 0)
(0 0 0)
(0 0 0)
(0 0 0)
(0 0 0)
(0 0 0)
(0 0 0)
(0 0 0)
(0 0 0)
(0 0 0)
(0 0 0)
(0 0 0)
(0 0 0)
(0 0 0)
(0 0 0)
(0 0 0)
(0 0 0)
(0 0 0)
(0 0 0)
(0 0 0)
(0 0 0)
(0 0 0)
(0 0 0)
(0 0 0)
(0 0 0)
(0 0 0)
(0 0 0)
(0 0 0)
(0 0 0)
(0 0 0)
(0 0 0)
(0 0 0)
(0 0 0)
(0 0 0)
(0 0 0)
(0 0 0)
(0 0 0)
(0 0 0)
(0 0 0)
(0 0 0)
(0 0 0)
(0 0 0)
(0 0 0)
(0 0 0)
(0 0 0)
(0 0 0)
(0 0 0)
(0 0 0)
(0 0 0)
(0 0 0)
(0 0 0)
(0 0 0)
(0 0 0)
(0 0 0)
(0 0 0)
(0 0 0)
(0 0 0)
(0 0 0)
(0 0 0)
(0 0 0)
(0 0 0)
(0 0 0)
(0 0 0)
(0 0 0)
(0 0 0)
(0 0 0)
(0 0 0)
(0 0 0)
(0 0 0)
(0 0 0)
(0 0 0)
(0 0 0)
(0 0 0)
(0 0 0)
(0 0 0)
(0 0 0)
(0 0 0)
(0 0 0)
(0 0 0)
(0 0 0)
(0 0 0)
(0 0 0)
(0 0 0)
(0 0 0)
(0 0 0)
(0 0 0)
(0 0 0)
(0 0 0)
(0 0 0)
(0 0 0)
(0 0 0)
(0 0 0)
(0 0 0)
(0 0 0)
(0 0 0)
(0 0 0)
(0 0 0)
(0 0 0)
(0 0 0)
(0 0 0)
(0 0 0)
(0 0 0)
(0 0 0)
(0 0 0)
(0 0 0)
(0 0 0)
(0 0 0)
(0 0 0)
(0 0 0)
(0 0 0)
(0 0 0)
(0 0 0)
(0 0 0)
(0 0 0)
(0 0 0)
(0 0 0)
(0 0 0)
(0 0 0)
(0 0 0)
(0 0 0)
(0 0 0)
(0 0 0)
(0 0 0)
(0 0 0)
(0 0 0)
(0 0 0)
(0 0 0)
(0 0 0)
(0 0 0)
(0 0 0)
(0 0 0)
(0 0 0)
(0 0 0)
(0 0 0)
(0 0 0)
(0 0 0)
(0 0 0)
(0 0 0)
(0 0 0)
(0 0 0)
(0 0 0)
(0 0 0)
(0 0 0)
(0 0 0)
(0 0 0)
(0 0 0)
(0 0 0)
(0 0 0)
(0 0 0)
(0 0 0)
(0 0 0)
(0 0 0)
(0 0 0)
(0 0 0)
(0 0 0)
(0 0 0)
(0 0 0)
(0 0 0)
(0 0 0)
(0 0 0)
(0 0 0)
(0 0 0)
(0 0 0)
(0 0 0)
(0 0 0)
(0 0 0)
(0 0 0)
(0 0 0)
(0 0 0)
(0 0 0)
(0 0 0)
(0 0 0)
(0 0 0)
(0 0 0)
(0 0 0)
(0 0 0)
(0 0 0)
(0 0 0)
(0 0 0)
(0 0 0)
(0 0 0)
(0 0 0)
(0 0 0)
(0 0 0)
(0 0 0)
)
;

boundaryField
{
    inlet
    {
        type            fixedValue;
        value           uniform (0 0 0);
    }
    outlet
    {
        type            fixedValue;
        value           uniform (0 0 0);
    }
    repeat_boundary
    {
        type            fixedValue;
        value           uniform (0 0 0);
    }
    procBoundary2to0
    {
        type            processor;
        value           nonuniform List<vector> 
450
(
(0 0 0)
(0 0 0)
(0 0 0)
(0 0 0)
(0 0 0)
(0 0 0)
(0 0 0)
(0 0 0)
(0 0 0)
(0 0 0)
(0 0 0)
(0 0 0)
(0 0 0)
(0 0 0)
(0 0 0)
(0 0 0)
(0 0 0)
(0 0 0)
(0 0 0)
(0 0 0)
(0 0 0)
(0 0 0)
(0 0 0)
(0 0 0)
(0 0 0)
(0 0 0)
(0 0 0)
(0 0 0)
(0 0 0)
(0 0 0)
(0 0 0)
(0 0 0)
(0 0 0)
(0 0 0)
(0 0 0)
(0 0 0)
(0 0 0)
(0 0 0)
(0 0 0)
(0 0 0)
(0 0 0)
(0 0 0)
(0 0 0)
(0 0 0)
(0 0 0)
(0 0 0)
(0 0 0)
(0 0 0)
(0 0 0)
(0 0 0)
(0 0 0)
(0 0 0)
(0 0 0)
(0 0 0)
(0 0 0)
(0 0 0)
(0 0 0)
(0 0 0)
(0 0 0)
(0 0 0)
(0 0 0)
(0 0 0)
(0 0 0)
(0 0 0)
(0 0 0)
(0 0 0)
(0 0 0)
(0 0 0)
(0 0 0)
(0 0 0)
(0 0 0)
(0 0 0)
(0 0 0)
(0 0 0)
(0 0 0)
(0 0 0)
(0 0 0)
(0 0 0)
(0 0 0)
(0 0 0)
(0 0 0)
(0 0 0)
(0 0 0)
(0 0 0)
(0 0 0)
(0 0 0)
(0 0 0)
(0 0 0)
(0 0 0)
(0 0 0)
(0 0 0)
(0 0 0)
(0 0 0)
(0 0 0)
(0 0 0)
(0 0 0)
(0 0 0)
(0 0 0)
(0 0 0)
(0 0 0)
(0 0 0)
(0 0 0)
(0 0 0)
(0 0 0)
(0 0 0)
(0 0 0)
(0 0 0)
(0 0 0)
(0 0 0)
(0 0 0)
(0 0 0)
(0 0 0)
(0 0 0)
(0 0 0)
(0 0 0)
(0 0 0)
(0 0 0)
(0 0 0)
(0 0 0)
(0 0 0)
(0 0 0)
(0 0 0)
(0 0 0)
(0 0 0)
(0 0 0)
(0 0 0)
(0 0 0)
(0 0 0)
(0 0 0)
(0 0 0)
(0 0 0)
(0 0 0)
(0 0 0)
(0 0 0)
(0 0 0)
(0 0 0)
(0 0 0)
(0 0 0)
(0 0 0)
(0 0 0)
(0 0 0)
(0 0 0)
(0 0 0)
(0 0 0)
(0 0 0)
(0 0 0)
(0 0 0)
(0 0 0)
(0 0 0)
(0 0 0)
(0 0 0)
(0 0 0)
(0 0 0)
(0 0 0)
(0 0 0)
(0 0 0)
(0 0 0)
(0 0 0)
(0 0 0)
(0 0 0)
(0 0 0)
(0 0 0)
(0 0 0)
(0 0 0)
(0 0 0)
(0 0 0)
(0 0 0)
(0 0 0)
(0 0 0)
(0 0 0)
(0 0 0)
(0 0 0)
(0 0 0)
(0 0 0)
(0 0 0)
(0 0 0)
(0 0 0)
(0 0 0)
(0 0 0)
(0 0 0)
(0 0 0)
(0 0 0)
(0 0 0)
(0 0 0)
(0 0 0)
(0 0 0)
(0 0 0)
(0 0 0)
(0 0 0)
(0 0 0)
(0 0 0)
(0 0 0)
(0 0 0)
(0 0 0)
(0 0 0)
(0 0 0)
(0 0 0)
(0 0 0)
(0 0 0)
(0 0 0)
(3.29479e-06 4.09358e-07 -1.41169e-05)
(2.15281e-06 6.6345e-07 -1.8127e-05)
(-1.23496e-06 -3.56516e-06 -8.58125e-06)
(-1.14987e-06 3.10713e-06 -1.63254e-05)
(-1.61097e-06 2.85098e-06 -2.03695e-05)
(5.54819e-07 3.27218e-06 -2.53677e-05)
(6.7396e-06 2.93446e-06 -3.21691e-05)
(2.06429e-06 2.93499e-06 -3.18599e-05)
(3.37503e-07 5.08357e-06 -3.40784e-05)
(7.02929e-07 7.06102e-06 -3.83554e-05)
(-1.32389e-07 2.46716e-06 -4.86128e-05)
(3.26586e-06 3.15482e-06 -4.64984e-05)
(3.26617e-06 3.08191e-06 -5.24124e-05)
(4.47891e-06 6.27401e-06 -5.12129e-05)
(3.93532e-06 1.24752e-05 -5.61156e-05)
(1.42775e-06 5.39524e-06 -6.91292e-05)
(4.65683e-07 2.17466e-06 -6.56371e-05)
(3.62434e-06 2.07104e-06 -6.52208e-05)
(6.034e-06 6.94817e-06 -6.69183e-05)
(4.59838e-06 1.45876e-05 -6.71949e-05)
(3.00095e-06 3.1659e-06 -8.26724e-05)
(9.24215e-07 1.20426e-06 -7.9524e-05)
(3.23602e-06 -2.39513e-07 -7.94696e-05)
(5.60204e-06 8.03075e-07 -8.53889e-05)
(2.20138e-06 2.82801e-06 -8.93049e-05)
(4.53749e-06 -5.89516e-08 -9.55803e-05)
(7.8482e-06 -9.18275e-07 -9.36386e-05)
(1.08231e-05 1.19746e-06 -0.000101173)
(9.17324e-06 -3.27768e-07 -0.000100192)
(4.92589e-06 1.33737e-06 -9.89139e-05)
(9.53883e-06 -1.50096e-06 -0.000107865)
(8.07569e-06 -1.39408e-06 -0.000113541)
(1.18573e-05 1.14942e-06 -0.000110797)
(1.4869e-05 -3.54914e-08 -0.000108449)
(1.4271e-05 3.9923e-07 -0.000114378)
(6.98461e-06 -6.8506e-07 -0.000120057)
(1.22133e-05 -3.24411e-06 -0.000122907)
(1.70183e-05 8.54301e-06 -0.000122064)
(1.57376e-05 -1.97627e-06 -0.000124955)
(1.47699e-05 -1.31686e-06 -0.000122745)
(-9.85508e-06 -8.82008e-06 -0.000144561)
(2.59779e-06 7.02053e-06 -0.000123128)
(1.53949e-05 1.80917e-05 -0.00013159)
(1.2745e-05 -1.54303e-06 -0.000129039)
(1.32146e-05 -3.02489e-07 -0.000127881)
(-1.97069e-05 -8.81605e-06 -0.000145459)
(-2.25059e-06 6.60773e-07 -0.000139443)
(2.61493e-06 1.07213e-05 -0.000140928)
(5.37487e-06 6.92525e-06 -0.000136708)
(9.15883e-06 1.19579e-05 -0.000131145)
(-5.02599e-06 5.77175e-07 -0.000148163)
(-7.73138e-06 -4.89536e-06 -0.000142168)
(-7.33089e-06 1.25907e-05 -0.000154553)
(2.06984e-07 1.88528e-05 -0.000145853)
(7.96927e-07 1.47114e-05 -0.000133638)
(-1.01041e-05 -4.42164e-06 -0.000149688)
(-1.5858e-05 -1.08342e-05 -0.000153927)
(-3.48336e-05 3.58971e-06 -0.000182178)
(-3.60341e-05 2.05765e-05 -0.000161273)
(-1.1246e-05 1.88236e-05 -0.000136144)
(0 0 0)
(0 0 0)
(-4.60038e-05 -5.13611e-06 -0.000180777)
(-3.89454e-05 2.2853e-05 -0.000160628)
(0 0 0)
(0 0 0)
(0 0 0)
(0 0 0)
(0 0 0)
(0 0 0)
(0 0 0)
(0 0 0)
(0 0 0)
(0 0 0)
(0 0 0)
(0 0 0)
(0 0 0)
(0 0 0)
(0 0 0)
(0 0 0)
(0 0 0)
(0 0 0)
(0 0 0)
(0 0 0)
(0 0 0)
(0 0 0)
(0 0 0)
(0 0 0)
(0 0 0)
(0 0 0)
(0 0 0)
(0 0 0)
(0 0 0)
(0 0 0)
(0 0 0)
(0 0 0)
(0 0 0)
(0 0 0)
(0 0 0)
(0 0 0)
(0 0 0)
(0 0 0)
(0 0 0)
(0 0 0)
(0 0 0)
(0 0 0)
(0 0 0)
(0 0 0)
(0 0 0)
(0 0 0)
(0 0 0)
(0 0 0)
(0 0 0)
(0 0 0)
(0 0 0)
(0 0 0)
(0 0 0)
(0 0 0)
(0 0 0)
(0 0 0)
(0 0 0)
(0 0 0)
(0 0 0)
(0 0 0)
(0 0 0)
(0 0 0)
(0 0 0)
(0 0 0)
(0 0 0)
(0 0 0)
(0 0 0)
(0 0 0)
(0 0 0)
(0 0 0)
(0 0 0)
(0 0 0)
(0 0 0)
(0 0 0)
(0 0 0)
(0 0 0)
(0 0 0)
(0 0 0)
(0 0 0)
(0 0 0)
(0 0 0)
(0 0 0)
(0 0 0)
(0 0 0)
(0 0 0)
(0 0 0)
(0 0 0)
(0 0 0)
(0 0 0)
(0 0 0)
(0 0 0)
(0 0 0)
(0 0 0)
(0 0 0)
(0 0 0)
(0 0 0)
(0 0 0)
(0 0 0)
(0 0 0)
(0 0 0)
(0 0 0)
(0 0 0)
(0 0 0)
(0 0 0)
(0 0 0)
(0 0 0)
(0 0 0)
(0 0 0)
(0 0 0)
(0 0 0)
(0 0 0)
(0 0 0)
(0 0 0)
(0 0 0)
(0 0 0)
(0 0 0)
(0 0 0)
(0 0 0)
(0 0 0)
(0 0 0)
(0 0 0)
(0 0 0)
(0 0 0)
(0 0 0)
(0 0 0)
(0 0 0)
(0 0 0)
(0 0 0)
(0 0 0)
(0 0 0)
(0 0 0)
(0 0 0)
(0 0 0)
(0 0 0)
(0 0 0)
(0 0 0)
(0 0 0)
(0 0 0)
(0 0 0)
(0 0 0)
(0 0 0)
(0 0 0)
(0 0 0)
(0 0 0)
(0 0 0)
(0 0 0)
(0 0 0)
(0 0 0)
(0 0 0)
(0 0 0)
(0 0 0)
(0 0 0)
(0 0 0)
(0 0 0)
(0 0 0)
(0 0 0)
(0 0 0)
(0 0 0)
(0 0 0)
(0 0 0)
(0 0 0)
(0 0 0)
(0 0 0)
(0 0 0)
(0 0 0)
(0 0 0)
(0 0 0)
(0 0 0)
(0 0 0)
(0 0 0)
(0 0 0)
(0 0 0)
(0 0 0)
(0 0 0)
(0 0 0)
(0 0 0)
(0 0 0)
(0 0 0)
(0 0 0)
(0 0 0)
(0 0 0)
(0 0 0)
(0 0 0)
(0 0 0)
(0 0 0)
(0 0 0)
)
;
    }
    procBoundary2to3
    {
        type            processor;
        value           nonuniform List<vector> 
450
(
(0 0 0)
(0 0 0)
(0 0 0)
(0 0 0)
(0 0 0)
(0 0 0)
(0 0 0)
(0 0 0)
(0 0 0)
(0 0 0)
(0 0 0)
(0 0 0)
(0 0 0)
(0 0 0)
(0 0 0)
(0 0 0)
(0 0 0)
(0 0 0)
(0 0 0)
(0 0 0)
(0 0 0)
(0 0 0)
(0 0 0)
(0 0 0)
(0 0 0)
(0 0 0)
(0 0 0)
(0 0 0)
(0 0 0)
(0 0 0)
(0 0 0)
(0 0 0)
(0 0 0)
(0 0 0)
(0 0 0)
(0 0 0)
(0 0 0)
(0 0 0)
(0 0 0)
(0 0 0)
(0 0 0)
(0 0 0)
(0 0 0)
(0 0 0)
(0 0 0)
(0 0 0)
(0 0 0)
(0 0 0)
(0 0 0)
(0 0 0)
(0 0 0)
(0 0 0)
(0 0 0)
(0 0 0)
(0 0 0)
(0 0 0)
(0 0 0)
(0 0 0)
(0 0 0)
(0 0 0)
(0 0 0)
(0 0 0)
(0 0 0)
(0 0 0)
(0 0 0)
(0 0 0)
(0 0 0)
(0 0 0)
(0 0 0)
(0 0 0)
(0 0 0)
(0 0 0)
(0 0 0)
(0 0 0)
(0 0 0)
(0 0 0)
(0 0 0)
(0 0 0)
(0 0 0)
(0 0 0)
(0 0 0)
(0 0 0)
(0 0 0)
(0 0 0)
(0 0 0)
(0 0 0)
(0 0 0)
(0 0 0)
(0 0 0)
(0 0 0)
(0 0 0)
(0 0 0)
(0 0 0)
(0 0 0)
(0 0 0)
(0 0 0)
(0 0 0)
(0 0 0)
(0 0 0)
(0 0 0)
(0 0 0)
(0 0 0)
(0 0 0)
(0 0 0)
(0 0 0)
(0 0 0)
(0 0 0)
(0 0 0)
(0 0 0)
(0 0 0)
(0 0 0)
(0 0 0)
(0 0 0)
(0 0 0)
(0 0 0)
(0 0 0)
(0 0 0)
(0 0 0)
(0 0 0)
(0 0 0)
(0 0 0)
(0 0 0)
(0 0 0)
(0 0 0)
(0 0 0)
(0 0 0)
(0 0 0)
(0 0 0)
(0 0 0)
(0 0 0)
(0 0 0)
(0 0 0)
(0 0 0)
(0 0 0)
(0 0 0)
(0 0 0)
(0 0 0)
(0 0 0)
(0 0 0)
(0 0 0)
(0 0 0)
(0 0 0)
(0 0 0)
(0 0 0)
(0 0 0)
(0 0 0)
(0 0 0)
(0 0 0)
(0 0 0)
(0 0 0)
(0 0 0)
(0 0 0)
(0 0 0)
(0 0 0)
(0 0 0)
(0 0 0)
(0 0 0)
(0 0 0)
(0 0 0)
(0 0 0)
(0 0 0)
(0 0 0)
(0 0 0)
(0 0 0)
(0 0 0)
(0 0 0)
(0 0 0)
(0 0 0)
(0 0 0)
(0 0 0)
(0 0 0)
(0 0 0)
(0 0 0)
(0 0 0)
(0 0 0)
(0 0 0)
(0 0 0)
(0 0 0)
(0 0 0)
(0 0 0)
(0 0 0)
(0 0 0)
(0 0 0)
(0 0 0)
(0 0 0)
(0 0 0)
(0 0 0)
(0 0 0)
(0 0 0)
(0 0 0)
(0 0 0)
(0 0 0)
(0 0 0)
(0 0 0)
(0 0 0)
(0 0 0)
(0 0 0)
(0 0 0)
(0 0 0)
(0 0 0)
(7.69966e-06 1.52098e-06 -1.28618e-05)
(6.36114e-06 3.03436e-06 -1.35261e-05)
(3.33001e-06 3.05777e-06 -1.48146e-05)
(9.79502e-07 3.6495e-06 -1.29463e-05)
(4.45768e-06 2.99993e-06 -1.35659e-05)
(1.86555e-06 7.58619e-06 -3.96755e-05)
(1.69252e-06 1.1154e-05 -3.62424e-05)
(3.83831e-06 1.03574e-05 -3.51808e-05)
(5.60624e-06 7.54374e-06 -3.0748e-05)
(4.49824e-06 3.91818e-06 -2.99301e-05)
(6.75558e-07 8.40247e-06 -5.56603e-05)
(4.32394e-07 7.35684e-06 -5.8497e-05)
(2.45226e-06 5.86369e-06 -5.25046e-05)
(2.83808e-06 5.29534e-06 -4.82306e-05)
(3.75973e-06 6.53772e-06 -4.68214e-05)
(6.20188e-07 9.07512e-06 -6.92874e-05)
(1.41943e-06 2.41054e-06 -7.28611e-05)
(2.15365e-06 4.58027e-06 -6.82814e-05)
(6.97605e-06 4.84254e-06 -7.05098e-05)
(3.97173e-06 5.31231e-06 -6.92088e-05)
(4.32892e-06 6.06645e-06 -8.4368e-05)
(5.48925e-06 3.36121e-06 -8.9205e-05)
(7.87594e-06 5.6694e-06 -8.32124e-05)
(5.92561e-06 3.9707e-06 -8.80967e-05)
(4.45297e-06 5.25863e-06 -8.48555e-05)
(4.14832e-06 6.15381e-06 -9.79461e-05)
(8.35953e-06 3.31427e-06 -0.000102471)
(8.41965e-06 1.94072e-06 -0.000103469)
(5.33696e-06 9.2055e-07 -0.000102875)
(5.86644e-06 1.54007e-06 -0.000100391)
(1.10271e-05 -1.62879e-06 -0.000113681)
(8.49301e-06 3.61091e-07 -0.000112617)
(1.06447e-05 1.73093e-07 -0.000113739)
(7.47132e-06 -2.44769e-06 -0.00011323)
(6.66778e-06 -1.08494e-06 -0.000114139)
(9.79138e-06 -1.39244e-06 -0.00012231)
(8.77754e-06 -8.91486e-07 -0.000119793)
(8.00617e-06 -4.8196e-07 -0.000122947)
(6.32571e-06 -4.42824e-06 -0.000120064)
(8.06857e-06 -6.39552e-06 -0.000122335)
(9.37114e-06 -9.15739e-07 -0.000125727)
(7.21188e-06 1.06161e-07 -0.000127501)
(5.92837e-06 -1.68396e-06 -0.000126207)
(5.66666e-06 -4.35607e-06 -0.000125674)
(9.93674e-06 -7.23925e-06 -0.000126727)
(1.27798e-05 5.83416e-06 -0.000133834)
(6.15365e-06 2.22827e-06 -0.000133019)
(2.19603e-06 7.32384e-07 -0.000130086)
(5.17459e-06 -3.99857e-06 -0.000128116)
(1.72384e-06 -1.28516e-05 -0.000124531)
(4.56592e-06 5.52921e-06 -0.000134482)
(3.33491e-06 1.53948e-06 -0.000134296)
(-1.00262e-06 -1.30053e-06 -0.000127364)
(-2.24465e-07 -1.90612e-05 -0.000120417)
(1.35341e-06 -1.6172e-05 -0.000130324)
(-3.20866e-06 2.89544e-06 -0.000136852)
(-1.84994e-06 -7.87466e-07 -0.000131855)
(-3.20443e-06 2.49275e-06 -0.000126943)
(1.60701e-06 -3.68878e-06 -0.000122299)
(-5.41842e-06 -8.01708e-06 -0.000127423)
(0 0 0)
(0 0 0)
(-6.07285e-06 9.1691e-06 -0.000126354)
(-6.07285e-06 9.1691e-06 -0.000126354)
(0 0 0)
(0 0 0)
(0 0 0)
(0 0 0)
(0 0 0)
(0 0 0)
(0 0 0)
(0 0 0)
(0 0 0)
(0 0 0)
(0 0 0)
(0 0 0)
(0 0 0)
(0 0 0)
(0 0 0)
(0 0 0)
(0 0 0)
(0 0 0)
(0 0 0)
(0 0 0)
(0 0 0)
(0 0 0)
(0 0 0)
(0 0 0)
(0 0 0)
(0 0 0)
(0 0 0)
(0 0 0)
(0 0 0)
(0 0 0)
(0 0 0)
(0 0 0)
(0 0 0)
(0 0 0)
(0 0 0)
(0 0 0)
(0 0 0)
(0 0 0)
(0 0 0)
(0 0 0)
(0 0 0)
(0 0 0)
(0 0 0)
(0 0 0)
(0 0 0)
(0 0 0)
(0 0 0)
(0 0 0)
(0 0 0)
(0 0 0)
(0 0 0)
(0 0 0)
(0 0 0)
(0 0 0)
(0 0 0)
(0 0 0)
(0 0 0)
(0 0 0)
(0 0 0)
(0 0 0)
(0 0 0)
(0 0 0)
(0 0 0)
(0 0 0)
(0 0 0)
(0 0 0)
(0 0 0)
(0 0 0)
(0 0 0)
(0 0 0)
(0 0 0)
(0 0 0)
(0 0 0)
(0 0 0)
(0 0 0)
(0 0 0)
(0 0 0)
(0 0 0)
(0 0 0)
(0 0 0)
(0 0 0)
(0 0 0)
(0 0 0)
(0 0 0)
(0 0 0)
(0 0 0)
(0 0 0)
(0 0 0)
(0 0 0)
(0 0 0)
(0 0 0)
(0 0 0)
(0 0 0)
(0 0 0)
(0 0 0)
(0 0 0)
(0 0 0)
(0 0 0)
(0 0 0)
(0 0 0)
(0 0 0)
(0 0 0)
(0 0 0)
(0 0 0)
(0 0 0)
(0 0 0)
(0 0 0)
(0 0 0)
(0 0 0)
(0 0 0)
(0 0 0)
(0 0 0)
(0 0 0)
(0 0 0)
(0 0 0)
(0 0 0)
(0 0 0)
(0 0 0)
(0 0 0)
(0 0 0)
(0 0 0)
(0 0 0)
(0 0 0)
(0 0 0)
(0 0 0)
(0 0 0)
(0 0 0)
(0 0 0)
(0 0 0)
(0 0 0)
(0 0 0)
(0 0 0)
(0 0 0)
(0 0 0)
(0 0 0)
(0 0 0)
(0 0 0)
(0 0 0)
(0 0 0)
(0 0 0)
(0 0 0)
(0 0 0)
(0 0 0)
(0 0 0)
(0 0 0)
(0 0 0)
(0 0 0)
(0 0 0)
(0 0 0)
(0 0 0)
(0 0 0)
(0 0 0)
(0 0 0)
(0 0 0)
(0 0 0)
(0 0 0)
(0 0 0)
(0 0 0)
(0 0 0)
(0 0 0)
(0 0 0)
(0 0 0)
(0 0 0)
(0 0 0)
(0 0 0)
(0 0 0)
(0 0 0)
(0 0 0)
(0 0 0)
(0 0 0)
(0 0 0)
(0 0 0)
(0 0 0)
(0 0 0)
(0 0 0)
(0 0 0)
(0 0 0)
(0 0 0)
(0 0 0)
(0 0 0)
(0 0 0)
(0 0 0)
(0 0 0)
(0 0 0)
(0 0 0)
(0 0 0)
)
;
    }
}


// ************************************************************************* //
