/*--------------------------------*- C++ -*----------------------------------*\
| =========                 |                                                 |
| \\      /  F ield         | OpenFOAM: The Open Source CFD Toolbox           |
|  \\    /   O peration     | Version:  5.x                                   |
|   \\  /    A nd           | Web:      www.OpenFOAM.org                      |
|    \\/     M anipulation  |                                                 |
\*---------------------------------------------------------------------------*/
FoamFile
{
    version     2.0;
    format      ascii;
    class       volVectorField;
    location    "3000";
    object      Us;
}
// * * * * * * * * * * * * * * * * * * * * * * * * * * * * * * * * * * * * * //

dimensions      [0 1 -1 0 0 0 0];

internalField   nonuniform List<vector> 
180
(
(0 0 0)
(0 0 0)
(0 0 0)
(0 0 0)
(0 0 0)
(0 0 0)
(0 0 0)
(0 0 0)
(0 0 0)
(0 0 0)
(0 0 0)
(0 0 0)
(0 0 0)
(0 0 0)
(0 0 0)
(0 0 0)
(0 0 0)
(0 0 0)
(0 0 0)
(0 0 0)
(0 0 0)
(0 0 0)
(0 0 0)
(0 0 0)
(0 0 0)
(0 0 0)
(0 0 0)
(0 0 0)
(0 0 0)
(0 0 0)
(0 0 0)
(0 0 0)
(0 0 0)
(0 0 0)
(0 0 0)
(0 0 0)
(0 0 0)
(0 0 0)
(0 0 0)
(0 0 0)
(0 0 0)
(0 0 0)
(0 0 0)
(0 0 0)
(0 0 0)
(0 0 0)
(0 0 0)
(0 0 0)
(0 0 0)
(0 0 0)
(0 0 0)
(0 0 0)
(0 0 0)
(0 0 0)
(0 0 0)
(0 0 0)
(0 0 0)
(0 0 0)
(0 0 0)
(0 0 0)
(0 0 0)
(0 0 0)
(0 0 0)
(0 0 0)
(0 0 0)
(0 0 0)
(0 0 0)
(0 0 0)
(0 0 0)
(0 0 0)
(0 0 0)
(0 0 0)
(0 0 0)
(0 0 0)
(0 0 0)
(0 0 0)
(0 0 0)
(0 0 0)
(0 0 0)
(0 0 0)
(5.32232e-05 7.82749e-06 4.21437e-05)
(4.96643e-05 1.06938e-05 3.00997e-05)
(5.07985e-05 5.7226e-06 1.34671e-05)
(5.81542e-05 1.70748e-05 6.61839e-05)
(5.72331e-05 8.09552e-06 0.000106495)
(7.71429e-05 3.5926e-05 0.000127138)
(4.85606e-05 6.97652e-07 0.000166447)
(3.25593e-05 -2.55673e-05 0.000200488)
(1.25245e-05 -3.47087e-05 0.000231376)
(-4.92026e-06 -3.67629e-05 0.000284309)
(-2.37908e-05 -2.71304e-05 0.00035514)
(-3.0127e-05 -5.37419e-05 0.000438606)
(-3.82405e-05 -3.08567e-05 0.000496761)
(-2.59015e-05 1.89797e-07 0.000511032)
(-7.59655e-06 3.06991e-05 0.000590989)
(-2.00805e-05 1.48814e-05 0.000626283)
(-2.91017e-05 2.70341e-05 0.000647785)
(-3.62675e-05 3.08089e-05 0.000684004)
(-3.74705e-06 5.39085e-05 0.000714863)
(-1.54137e-05 5.48196e-05 0.000739845)
(-3.04874e-05 1.97104e-05 0.000711695)
(-7.22973e-05 -1.35908e-05 0.000717758)
(-9.72425e-05 -8.11613e-05 0.000640416)
(-0.000118759 -0.000140354 0.000618004)
(-0.000118759 -0.000140354 0.000618004)
(0 0 0)
(0 0 0)
(0 0 0)
(0 0 0)
(0 0 0)
(0 0 0)
(0 0 0)
(0 0 0)
(0 0 0)
(0 0 0)
(0 0 0)
(0 0 0)
(0 0 0)
(0 0 0)
(0 0 0)
(0 0 0)
(0 0 0)
(0 0 0)
(0 0 0)
(0 0 0)
(0 0 0)
(0 0 0)
(0 0 0)
(0 0 0)
(0 0 0)
(0 0 0)
(0 0 0)
(0 0 0)
(0 0 0)
(0 0 0)
(0 0 0)
(0 0 0)
(0 0 0)
(0 0 0)
(0 0 0)
(0 0 0)
(0 0 0)
(0 0 0)
(0 0 0)
(0 0 0)
(0 0 0)
(0 0 0)
(0 0 0)
(0 0 0)
(0 0 0)
(0 0 0)
(0 0 0)
(0 0 0)
(0 0 0)
(0 0 0)
(0 0 0)
(0 0 0)
(0 0 0)
(0 0 0)
(0 0 0)
(0 0 0)
(0 0 0)
(0 0 0)
(0 0 0)
(0 0 0)
(0 0 0)
(0 0 0)
(0 0 0)
(0 0 0)
(0 0 0)
(0 0 0)
(0 0 0)
(0 0 0)
(0 0 0)
(0 0 0)
(0 0 0)
(0 0 0)
(0 0 0)
(0 0 0)
(0 0 0)
)
;

boundaryField
{
    inlet
    {
        type            fixedValue;
        value           uniform (0 0 0);
    }
    outlet
    {
        type            fixedValue;
        value           uniform (0 0 0);
    }
    repeat_boundary
    {
        type            fixedValue;
        value           uniform (0 0 0);
    }
    procBoundary2to0
    {
        type            processor;
        value           nonuniform List<vector> 
180
(
(0 0 0)
(0 0 0)
(0 0 0)
(0 0 0)
(0 0 0)
(0 0 0)
(0 0 0)
(0 0 0)
(0 0 0)
(0 0 0)
(0 0 0)
(0 0 0)
(0 0 0)
(0 0 0)
(0 0 0)
(0 0 0)
(0 0 0)
(0 0 0)
(0 0 0)
(0 0 0)
(0 0 0)
(0 0 0)
(0 0 0)
(0 0 0)
(0 0 0)
(0 0 0)
(0 0 0)
(0 0 0)
(0 0 0)
(0 0 0)
(0 0 0)
(0 0 0)
(0 0 0)
(0 0 0)
(0 0 0)
(0 0 0)
(0 0 0)
(0 0 0)
(0 0 0)
(0 0 0)
(0 0 0)
(0 0 0)
(0 0 0)
(0 0 0)
(0 0 0)
(0 0 0)
(0 0 0)
(0 0 0)
(0 0 0)
(0 0 0)
(0 0 0)
(0 0 0)
(0 0 0)
(0 0 0)
(0 0 0)
(0 0 0)
(0 0 0)
(0 0 0)
(0 0 0)
(0 0 0)
(0 0 0)
(0 0 0)
(0 0 0)
(0 0 0)
(0 0 0)
(0 0 0)
(0 0 0)
(0 0 0)
(0 0 0)
(0 0 0)
(0 0 0)
(0 0 0)
(0 0 0)
(0 0 0)
(0 0 0)
(0 0 0)
(0 0 0)
(0 0 0)
(0 0 0)
(0 0 0)
(-2.11169e-05 -3.94206e-06 1.9976e-05)
(-1.44763e-05 3.17346e-06 2.21886e-05)
(-3.4383e-05 -1.66578e-05 2.99566e-05)
(-2.02151e-05 -1.70938e-05 4.37153e-05)
(-2.15607e-05 -2.81402e-05 5.11411e-05)
(-2.69099e-05 -1.87843e-05 7.23389e-05)
(-2.41399e-05 -1.10503e-05 8.19548e-05)
(-5.13059e-05 1.94769e-05 0.000157719)
(-2.43016e-05 4.28417e-05 0.000203096)
(-5.78438e-05 8.28628e-06 0.000216941)
(-3.08346e-05 4.90131e-05 0.000267457)
(-2.81709e-05 8.3865e-05 0.000350601)
(-1.64271e-05 6.6755e-05 0.000409907)
(-2.78553e-05 6.22416e-05 0.000487277)
(-2.53754e-05 4.84872e-05 0.000538334)
(-4.99501e-05 2.52888e-05 0.000567604)
(-4.70084e-05 5.5781e-05 0.000611465)
(-4.30322e-05 7.16984e-05 0.000686883)
(-4.7145e-05 4.29491e-05 0.000706714)
(-4.59708e-05 1.553e-05 0.000713418)
(-3.05499e-05 5.28853e-05 0.000731055)
(-8.17867e-06 7.58095e-05 0.000739279)
(-2.82178e-05 0.000110046 0.000730996)
(-4.24638e-05 0.000115687 0.000730616)
(-6.09501e-05 0.000149438 0.000710151)
(-6.83451e-05 0.00015718 0.000714758)
(0 0 0)
(0 0 0)
(0 0 0)
(0 0 0)
(0 0 0)
(0 0 0)
(0 0 0)
(0 0 0)
(0 0 0)
(0 0 0)
(0 0 0)
(0 0 0)
(0 0 0)
(0 0 0)
(0 0 0)
(0 0 0)
(0 0 0)
(0 0 0)
(0 0 0)
(0 0 0)
(0 0 0)
(0 0 0)
(0 0 0)
(0 0 0)
(0 0 0)
(0 0 0)
(0 0 0)
(0 0 0)
(0 0 0)
(0 0 0)
(0 0 0)
(0 0 0)
(0 0 0)
(0 0 0)
(0 0 0)
(0 0 0)
(0 0 0)
(0 0 0)
(0 0 0)
(0 0 0)
(0 0 0)
(0 0 0)
(0 0 0)
(0 0 0)
(0 0 0)
(0 0 0)
(0 0 0)
(0 0 0)
(0 0 0)
(0 0 0)
(0 0 0)
(0 0 0)
(0 0 0)
(0 0 0)
(0 0 0)
(0 0 0)
(0 0 0)
(0 0 0)
(0 0 0)
(0 0 0)
(0 0 0)
(0 0 0)
(0 0 0)
(0 0 0)
(0 0 0)
(0 0 0)
(0 0 0)
(0 0 0)
(0 0 0)
(0 0 0)
(0 0 0)
(0 0 0)
(0 0 0)
(0 0 0)
)
;
    }
    procBoundary2to3
    {
        type            processor;
        value           nonuniform List<vector> 
180
(
(0 0 0)
(0 0 0)
(0 0 0)
(0 0 0)
(0 0 0)
(0 0 0)
(0 0 0)
(0 0 0)
(0 0 0)
(0 0 0)
(0 0 0)
(0 0 0)
(0 0 0)
(0 0 0)
(0 0 0)
(0 0 0)
(0 0 0)
(0 0 0)
(0 0 0)
(0 0 0)
(0 0 0)
(0 0 0)
(0 0 0)
(0 0 0)
(0 0 0)
(0 0 0)
(0 0 0)
(0 0 0)
(0 0 0)
(0 0 0)
(0 0 0)
(0 0 0)
(0 0 0)
(0 0 0)
(0 0 0)
(0 0 0)
(0 0 0)
(0 0 0)
(0 0 0)
(0 0 0)
(0 0 0)
(0 0 0)
(0 0 0)
(0 0 0)
(0 0 0)
(0 0 0)
(0 0 0)
(0 0 0)
(0 0 0)
(0 0 0)
(0 0 0)
(0 0 0)
(0 0 0)
(0 0 0)
(0 0 0)
(0 0 0)
(0 0 0)
(0 0 0)
(0 0 0)
(0 0 0)
(0 0 0)
(0 0 0)
(0 0 0)
(0 0 0)
(0 0 0)
(0 0 0)
(0 0 0)
(0 0 0)
(0 0 0)
(0 0 0)
(0 0 0)
(0 0 0)
(0 0 0)
(0 0 0)
(0 0 0)
(0 0 0)
(0 0 0)
(0 0 0)
(0 0 0)
(0 0 0)
(4.24538e-05 -9.19099e-06 3.84115e-05)
(4.24538e-05 -9.19099e-06 3.84115e-05)
(4.27227e-05 -4.38584e-06 5.27637e-05)
(4.54764e-05 8.07302e-06 7.27638e-05)
(2.07023e-05 -1.19378e-05 7.87038e-05)
(1.38103e-05 -6.81147e-06 2.86739e-05)
(3.26263e-05 -8.75563e-07 0.000133351)
(1.61495e-05 -1.38939e-05 0.000194913)
(9.52538e-06 -2.1365e-05 0.00025056)
(5.04383e-06 -1.84199e-05 0.000301128)
(-6.95864e-06 -3.09419e-05 0.000332924)
(-1.07181e-05 -1.99082e-05 0.000389073)
(-1.55716e-05 -5.04319e-05 0.000409693)
(-3.7763e-05 -3.95056e-05 0.000497368)
(-3.69859e-05 -4.39114e-05 0.00053011)
(-7.81324e-05 -3.55984e-06 0.000607992)
(-8.2206e-05 -4.07819e-06 0.000621442)
(-7.24984e-05 1.94972e-05 0.000667071)
(-6.13993e-05 3.17304e-05 0.000662217)
(-2.44328e-05 1.80544e-05 0.000681905)
(-2.94755e-05 2.35118e-06 0.000677383)
(-7.92669e-06 5.68448e-06 0.000686579)
(3.66304e-05 8.21079e-05 0.000698983)
(6.51226e-05 0.000212272 0.000634952)
(0.00015695 0.000361094 0.000620679)
(0.00015695 0.000361094 0.000620679)
(0 0 0)
(0 0 0)
(0 0 0)
(0 0 0)
(0 0 0)
(0 0 0)
(0 0 0)
(0 0 0)
(0 0 0)
(0 0 0)
(0 0 0)
(0 0 0)
(0 0 0)
(0 0 0)
(0 0 0)
(0 0 0)
(0 0 0)
(0 0 0)
(0 0 0)
(0 0 0)
(0 0 0)
(0 0 0)
(0 0 0)
(0 0 0)
(0 0 0)
(0 0 0)
(0 0 0)
(0 0 0)
(0 0 0)
(0 0 0)
(0 0 0)
(0 0 0)
(0 0 0)
(0 0 0)
(0 0 0)
(0 0 0)
(0 0 0)
(0 0 0)
(0 0 0)
(0 0 0)
(0 0 0)
(0 0 0)
(0 0 0)
(0 0 0)
(0 0 0)
(0 0 0)
(0 0 0)
(0 0 0)
(0 0 0)
(0 0 0)
(0 0 0)
(0 0 0)
(0 0 0)
(0 0 0)
(0 0 0)
(0 0 0)
(0 0 0)
(0 0 0)
(0 0 0)
(0 0 0)
(0 0 0)
(0 0 0)
(0 0 0)
(0 0 0)
(0 0 0)
(0 0 0)
(0 0 0)
(0 0 0)
(0 0 0)
(0 0 0)
(0 0 0)
(0 0 0)
(0 0 0)
(0 0 0)
)
;
    }
}


// ************************************************************************* //
