/*--------------------------------*- C++ -*----------------------------------*\
| =========                 |                                                 |
| \\      /  F ield         | OpenFOAM: The Open Source CFD Toolbox           |
|  \\    /   O peration     | Version:  5.x                                   |
|   \\  /    A nd           | Web:      www.OpenFOAM.org                      |
|    \\/     M anipulation  |                                                 |
\*---------------------------------------------------------------------------*/
FoamFile
{
    version     2.0;
    format      ascii;
    class       surfaceScalarField;
    location    "0.1";
    object      phi;
}
// * * * * * * * * * * * * * * * * * * * * * * * * * * * * * * * * * * * * * //

dimensions      [0 3 -1 0 0 0 0];

internalField   nonuniform List<scalar> 
5825
(
-4.12361e-17
-3.79154e-17
-9.99998e-10
-1.60334e-16
-5.91105e-17
-9.99998e-10
-2.29749e-16
-6.89776e-17
-9.99998e-10
-2.72727e-16
-7.43565e-17
-9.99999e-10
-7.74528e-17
-9.99999e-10
-6.24402e-17
-1.6026e-16
-9.99998e-10
-1.70184e-16
-1.74886e-16
-9.99998e-10
-2.3579e-16
-1.67502e-16
-9.99998e-10
-2.76449e-16
-1.50335e-16
-9.99999e-10
-1.34812e-16
-9.99999e-10
-7.69798e-17
-2.29693e-16
-9.99998e-10
-1.63115e-16
-2.38245e-16
-9.99998e-10
-2.18698e-16
-2.19742e-16
-9.99999e-10
-2.60617e-16
-1.86704e-16
-9.99999e-10
-1.61908e-16
-1e-09
-8.53442e-17
-2.70667e-16
-9.99999e-10
-1.44993e-16
-2.65243e-16
-9.99999e-10
-1.85704e-16
-2.42582e-16
-9.99999e-10
-2.3455e-16
-2.15786e-16
-9.99999e-10
-2.04183e-16
-1e-09
-7.81647e-17
-9.99999e-10
-1.205e-16
-9.99999e-10
-1.57681e-16
-9.99999e-10
-2.21078e-16
-1e-09
-1e-09
-1.34183e-16
-1.25609e-16
-9.99998e-10
-4.39173e-16
-1.82238e-16
-9.99998e-10
-6.14e-16
-1.97374e-16
-9.99998e-10
-6.97899e-16
-1.95296e-16
-9.99999e-10
-1.84503e-16
-9.99999e-10
-1.90845e-16
-4.36309e-16
-9.99998e-10
-4.54692e-16
-4.61955e-16
-9.99998e-10
-6.13653e-16
-4.32667e-16
-9.99998e-10
-6.8827e-16
-3.78448e-16
-9.99999e-10
-3.2731e-16
-9.99999e-10
-2.16405e-16
-6.03766e-16
-9.99998e-10
-4.26169e-16
-6.06269e-16
-9.99998e-10
-5.59642e-16
-5.48495e-16
-9.99999e-10
-6.33331e-16
-4.59348e-16
-9.99999e-10
-4.0226e-16
-9.99999e-10
-2.18485e-16
-6.78836e-16
-9.99999e-10
-3.69349e-16
-6.42102e-16
-9.99999e-10
-4.7067e-16
-5.75397e-16
-9.99999e-10
-5.66257e-16
-5.13815e-16
-9.99999e-10
-5.05423e-16
-1e-09
-1.79157e-16
-9.99999e-10
-3.01509e-16
-9.99999e-10
-4.09795e-16
-9.99999e-10
-5.52425e-16
-1e-09
-1e-09
-3.00271e-16
-2.79099e-16
-9.99997e-10
-7.56327e-16
-3.38918e-16
-9.99998e-10
-1.02968e-15
-3.40529e-16
-9.99998e-10
-1.13124e-15
-3.16378e-16
-9.99998e-10
-2.82652e-16
-9.99999e-10
-3.60261e-16
-7.24889e-16
-9.99998e-10
-7.59078e-16
-7.36407e-16
-9.99998e-10
-1.00866e-15
-6.84139e-16
-9.99998e-10
-1.09919e-15
-6.02887e-16
-9.99999e-10
-5.21753e-16
-9.99999e-10
-3.71578e-16
-9.65379e-16
-9.99998e-10
-7.07505e-16
-9.43361e-16
-9.99998e-10
-9.2721e-16
-8.59448e-16
-9.99998e-10
-1.01106e-15
-7.41545e-16
-9.99999e-10
-6.71951e-16
-9.99999e-10
-3.48025e-16
-1.03969e-15
-9.99998e-10
-6.2413e-16
-9.77452e-16
-9.99998e-10
-8.09537e-16
-8.87622e-16
-9.99999e-10
-9.27223e-16
-8.12386e-16
-9.99999e-10
-7.88481e-16
-1e-09
-2.82734e-16
-9.99999e-10
-5.36378e-16
-9.99999e-10
-7.46319e-16
-9.99999e-10
-9.03956e-16
-1e-09
-1e-09
-5.11282e-16
-4.60472e-16
-9.99997e-10
-1.10704e-15
-5.01302e-16
-9.99997e-10
-1.49081e-15
-4.86902e-16
-9.99997e-10
-1.64844e-15
-4.50804e-16
-9.99998e-10
-4.08121e-16
-9.99999e-10
-5.52137e-16
-1.00755e-15
-9.99997e-10
-1.09568e-15
-9.98347e-16
-9.99997e-10
-1.45984e-15
-9.36749e-16
-9.99998e-10
-1.6106e-15
-8.55512e-16
-9.99998e-10
-7.76717e-16
-9.99999e-10
-5.40328e-16
-1.32176e-15
-9.99997e-10
-1.03447e-15
-1.28531e-15
-9.99997e-10
-1.37927e-15
-1.20538e-15
-9.99998e-10
-1.52184e-15
-1.1038e-15
-9.99999e-10
-1.05558e-15
-9.99999e-10
-5.00193e-16
-1.42175e-15
-9.99998e-10
-9.54727e-16
-1.36928e-15
-9.99998e-10
-1.27743e-15
-1.29188e-15
-9.99998e-10
-1.4409e-15
-1.22399e-15
-9.99999e-10
-1.20562e-15
-1e-09
-4.45041e-16
-9.99998e-10
-8.86369e-16
-9.99998e-10
-1.24148e-15
-9.99999e-10
-1.42626e-15
-1e-09
-1e-09
-7.60365e-16
-6.59857e-16
-9.99996e-10
-1.53282e-15
-6.78671e-16
-9.99996e-10
-2.07026e-15
-6.59084e-16
-9.99996e-10
-2.35991e-15
-6.29508e-16
-9.99997e-10
-5.91508e-16
-9.99998e-10
-7.79295e-16
-1.32657e-15
-9.99996e-10
-1.51886e-15
-1.30611e-15
-9.99996e-10
-2.04849e-15
-1.24984e-15
-9.99997e-10
-2.33061e-15
-1.18754e-15
-9.99998e-10
-1.12899e-15
-9.99999e-10
-7.53724e-16
-1.75747e-15
-9.99996e-10
-1.46273e-15
-1.72752e-15
-9.99997e-10
-1.98677e-15
-1.66609e-15
-9.99997e-10
-2.26579e-15
-1.59111e-15
-9.99998e-10
-1.55522e-15
-9.99999e-10
-7.18513e-16
-1.95577e-15
-9.99997e-10
-1.40085e-15
-1.93441e-15
-9.99997e-10
-1.91176e-15
-1.87737e-15
-9.99998e-10
-2.17309e-15
-1.78921e-15
-9.99999e-10
-1.666e-15
-1e-09
-6.92212e-16
-9.99998e-10
-1.35193e-15
-9.99998e-10
-1.88253e-15
-9.99999e-10
-2.05445e-15
-9.99999e-10
-1e-09
-1.06675e-15
-8.96737e-16
-9.99994e-10
-2.09372e-15
-9.06052e-16
-9.99994e-10
-2.85059e-15
-8.93854e-16
-9.99995e-10
-3.32434e-15
-8.78708e-16
-9.99996e-10
-8.48588e-16
-9.99997e-10
-1.07689e-15
-1.75096e-15
-9.99994e-10
-2.08839e-15
-1.73331e-15
-9.99995e-10
-2.84389e-15
-1.68673e-15
-9.99995e-10
-3.30688e-15
-1.6404e-15
-9.99996e-10
-1.59715e-15
-9.99998e-10
-1.05382e-15
-2.368e-15
-9.99995e-10
-2.04152e-15
-2.35083e-15
-9.99995e-10
-2.79764e-15
-2.29584e-15
-9.99996e-10
-3.26353e-15
-2.23091e-15
-9.99997e-10
-2.15813e-15
-9.99998e-10
-1.03102e-15
-2.73005e-15
-9.99996e-10
-1.98611e-15
-2.72206e-15
-9.99996e-10
-2.73252e-15
-2.66181e-15
-9.99997e-10
-3.16641e-15
-2.55415e-15
-9.99998e-10
-2.33489e-15
-9.99999e-10
-1.01559e-15
-9.99997e-10
-1.92869e-15
-9.99997e-10
-2.65198e-15
-9.99998e-10
-2.95783e-15
-9.99999e-10
-1e-09
-1.47529e-15
-1.21688e-15
-9.99991e-10
-2.85137e-15
-1.22901e-15
-9.99992e-10
-3.90223e-15
-1.2242e-15
-9.99993e-10
-4.58559e-15
-1.2149e-15
-9.99994e-10
-1.195e-15
-9.99996e-10
-1.48901e-15
-2.34559e-15
-9.99992e-10
-2.85341e-15
-2.3355e-15
-9.99992e-10
-3.90115e-15
-2.29361e-15
-9.99993e-10
-4.58061e-15
-2.25237e-15
-9.99995e-10
-2.22655e-15
-9.99996e-10
-1.47396e-15
-3.21273e-15
-9.99993e-10
-2.81123e-15
-3.19687e-15
-9.99993e-10
-3.86035e-15
-3.13464e-15
-9.99994e-10
-4.5541e-15
-3.06384e-15
-9.99996e-10
-2.99292e-15
-9.99997e-10
-1.45069e-15
-3.76298e-15
-9.99994e-10
-2.74865e-15
-3.7417e-15
-9.99994e-10
-3.78934e-15
-3.66958e-15
-9.99995e-10
-4.4717e-15
-3.56382e-15
-9.99997e-10
-3.39568e-15
-9.99999e-10
-1.42023e-15
-9.99995e-10
-2.68017e-15
-9.99996e-10
-3.69709e-15
-9.99997e-10
-4.30249e-15
-9.99998e-10
-1e-09
-2.03378e-15
-1.66723e-15
-9.99988e-10
-3.86411e-15
-1.67966e-15
-9.99988e-10
-5.2943e-15
-1.67072e-15
-9.9999e-10
-6.21944e-15
-1.65546e-15
-9.99992e-10
-1.64856e-15
-9.99994e-10
-2.04782e-15
-3.16211e-15
-9.99988e-10
-3.86323e-15
-3.15363e-15
-9.99989e-10
-5.29046e-15
-3.11556e-15
-9.9999e-10
-6.22828e-15
-3.08032e-15
-9.99992e-10
-3.07726e-15
-9.99995e-10
-2.03293e-15
-4.33651e-15
-9.99989e-10
-3.82489e-15
-4.31289e-15
-9.9999e-10
-5.2568e-15
-4.25366e-15
-9.99992e-10
-6.22293e-15
-4.19015e-15
-9.99994e-10
-4.17788e-15
-9.99996e-10
-1.99859e-15
-5.08681e-15
-9.99991e-10
-3.76438e-15
-5.0509e-15
-9.99992e-10
-5.19344e-15
-4.9916e-15
-9.99993e-10
-6.19404e-15
-4.93815e-15
-9.99995e-10
-4.90803e-15
-9.99997e-10
-1.95048e-15
-9.99993e-10
-3.70699e-15
-9.99994e-10
-5.15899e-15
-9.99995e-10
-6.16576e-15
-9.99997e-10
-1e-09
-2.77631e-15
-2.27653e-15
-9.99983e-10
-5.21149e-15
-2.27677e-15
-9.99984e-10
-7.14374e-15
-2.25624e-15
-9.99986e-10
-8.38655e-15
-2.23738e-15
-9.99988e-10
-2.24322e-15
-9.99991e-10
-2.77737e-15
-4.26536e-15
-9.99984e-10
-5.20265e-15
-4.25461e-15
-9.99985e-10
-7.14071e-15
-4.22824e-15
-9.99986e-10
-8.41104e-15
-4.21038e-15
-9.99989e-10
-4.22866e-15
-9.99992e-10
-2.75692e-15
-5.83647e-15
-9.99985e-10
-5.1764e-15
-5.81323e-15
-9.99986e-10
-7.12493e-15
-5.77873e-15
-9.99988e-10
-8.42526e-15
-5.74509e-15
-9.99991e-10
-5.80172e-15
-9.99994e-10
-2.72018e-15
-6.84329e-15
-9.99987e-10
-5.14036e-15
-6.81162e-15
-9.99988e-10
-7.0921e-15
-6.78204e-15
-9.9999e-10
-8.4604e-15
-6.79689e-15
-9.99993e-10
-6.91653e-15
-9.99996e-10
-2.67127e-15
-9.9999e-10
-5.11208e-15
-9.99991e-10
-7.12883e-15
-9.99993e-10
-8.58425e-15
-9.99995e-10
-9.99998e-10
-3.74297e-15
-3.07549e-15
-9.99976e-10
-7.03001e-15
-3.06189e-15
-9.99977e-10
-9.65241e-15
-3.03895e-15
-9.9998e-10
-1.13391e-14
-3.02897e-15
-9.99983e-10
-3.04695e-15
-9.99988e-10
-3.73041e-15
-5.76999e-15
-9.99977e-10
-7.02231e-15
-5.76531e-15
-9.99978e-10
-9.66387e-15
-5.75961e-15
-9.99981e-10
-1.13824e-14
-5.7654e-15
-9.99985e-10
-5.79387e-15
-9.99989e-10
-3.71288e-15
-7.89679e-15
-9.99979e-10
-7.01723e-15
-7.89293e-15
-9.99981e-10
-9.67184e-15
-7.89222e-15
-9.99983e-10
-1.14094e-14
-7.89039e-15
-9.99987e-10
-7.9624e-15
-9.99991e-10
-3.69134e-15
-9.27041e-15
-9.99982e-10
-7.01531e-15
-9.26147e-15
-9.99984e-10
-9.67107e-15
-9.25758e-15
-9.99986e-10
-1.14607e-14
-9.28615e-15
-9.9999e-10
-9.41884e-15
-9.99994e-10
-3.65902e-15
-9.99986e-10
-7.01057e-15
-9.99987e-10
-9.72187e-15
-9.9999e-10
-1.15964e-14
-9.99993e-10
-9.99997e-10
-5.02882e-15
-4.14107e-15
-9.99967e-10
-9.5319e-15
-4.13455e-15
-9.99968e-10
-1.31117e-14
-4.12316e-15
-9.99972e-10
-1.54089e-14
-4.12935e-15
-9.99977e-10
-4.15889e-15
-9.99983e-10
-5.02383e-15
-7.85513e-15
-9.99968e-10
-9.54127e-15
-7.87032e-15
-9.9997e-10
-1.31476e-14
-7.88221e-15
-9.99974e-10
-1.54739e-14
-7.90289e-15
-9.99979e-10
-7.9266e-15
-9.99984e-10
-5.02142e-15
-1.07719e-14
-9.99971e-10
-9.55388e-15
-1.0798e-14
-9.99973e-10
-1.31701e-14
-1.08187e-14
-9.99977e-10
-1.55014e-14
-1.08325e-14
-9.99982e-10
-1.08601e-14
-9.99987e-10
-5.02315e-15
-1.26541e-14
-9.99975e-10
-9.57343e-15
-1.26756e-14
-9.99977e-10
-1.31845e-14
-1.26834e-14
-9.99981e-10
-1.55252e-14
-1.26794e-14
-9.99986e-10
-1.27228e-14
-9.99991e-10
-5.0139e-15
-9.9998e-10
-9.57631e-15
-9.99982e-10
-1.31879e-14
-9.99986e-10
-1.55679e-14
-9.9999e-10
-9.99996e-10
-6.80718e-15
-5.62004e-15
-9.99954e-10
-1.29969e-14
-5.6417e-15
-9.99957e-10
-1.78895e-14
-5.64468e-15
-9.99962e-10
-2.1017e-14
-5.65869e-15
-9.99968e-10
-5.68851e-15
-9.99976e-10
-6.83132e-15
-1.07498e-14
-9.99956e-10
-1.30287e-14
-1.07872e-14
-9.99959e-10
-1.79441e-14
-1.07984e-14
-9.99964e-10
-2.10944e-14
-1.08078e-14
-9.99971e-10
-1.08086e-14
-9.99978e-10
-6.8446e-15
-1.476e-14
-9.9996e-10
-1.30403e-14
-1.48074e-14
-9.99963e-10
-1.7956e-14
-1.48204e-14
-9.99968e-10
-2.1101e-14
-1.48162e-14
-9.99975e-10
-1.47873e-14
-9.99982e-10
-6.85897e-15
-1.73247e-14
-9.99966e-10
-1.30512e-14
-1.737e-14
-9.99969e-10
-1.7952e-14
-1.73712e-14
-9.99974e-10
-2.10717e-14
-1.73173e-14
-9.9998e-10
-1.72436e-14
-9.99988e-10
-6.86414e-15
-9.99973e-10
-1.30463e-14
-9.99975e-10
-1.79011e-14
-9.9998e-10
-2.09971e-14
-9.99987e-10
-9.99994e-10
-9.30398e-15
-7.70176e-15
-9.99937e-10
-1.77644e-14
-7.74993e-15
-9.99941e-10
-2.44404e-14
-7.75408e-15
-9.99947e-10
-2.87049e-14
-7.7541e-15
-9.99957e-10
-7.75562e-15
-9.99967e-10
-9.35585e-15
-1.47233e-14
-9.9994e-10
-1.78077e-14
-1.47688e-14
-9.99944e-10
-2.44951e-14
-1.47535e-14
-9.9995e-10
-2.87703e-14
-1.4719e-14
-9.9996e-10
-1.46684e-14
-9.9997e-10
-9.36927e-15
-2.02158e-14
-9.99946e-10
-1.77924e-14
-2.02625e-14
-9.99949e-10
-2.44644e-14
-2.0234e-14
-9.99956e-10
-2.87254e-14
-2.01729e-14
-9.99965e-10
-2.00852e-14
-9.99976e-10
-9.37181e-15
-2.37108e-14
-9.99953e-10
-1.77597e-14
-2.37584e-14
-9.99957e-10
-2.44029e-14
-2.37238e-14
-9.99963e-10
-2.86332e-14
-2.36158e-14
-9.99972e-10
-2.34448e-14
-9.99983e-10
-9.36733e-15
-9.99962e-10
-1.77206e-14
-9.99966e-10
-2.4302e-14
-9.99972e-10
-2.84644e-14
-9.99981e-10
-9.99992e-10
-1.27656e-14
-1.05869e-14
-9.99914e-10
-2.42593e-14
-1.06358e-14
-9.99919e-10
-3.33548e-14
-1.06177e-14
-9.99928e-10
-3.91883e-14
-1.05794e-14
-9.9994e-10
-1.05207e-14
-9.99955e-10
-1.28198e-14
-2.01122e-14
-9.99918e-10
-2.42935e-14
-2.01425e-14
-9.99923e-10
-3.33892e-14
-2.00769e-14
-9.99932e-10
-3.92164e-14
-1.99762e-14
-9.99944e-10
-1.98502e-14
-9.99959e-10
-1.28078e-14
-2.76043e-14
-9.99925e-10
-2.42277e-14
-2.76276e-14
-9.9993e-10
-3.32936e-14
-2.75334e-14
-9.99939e-10
-3.90982e-14
-2.7393e-14
-9.99952e-10
-2.72366e-14
-9.99966e-10
-1.27718e-14
-3.23951e-14
-9.99936e-10
-2.41274e-14
-3.24148e-14
-9.99941e-10
-3.31528e-14
-3.23118e-14
-9.99949e-10
-3.8936e-14
-3.21426e-14
-9.99962e-10
-3.18831e-14
-9.99976e-10
-1.27216e-14
-9.99948e-10
-2.40194e-14
-9.99953e-10
-3.29925e-14
-9.99961e-10
-3.86835e-14
-9.99974e-10
-9.99988e-10
-1.7468e-14
-1.44952e-14
-9.99882e-10
-3.30527e-14
-1.4513e-14
-9.99889e-10
-4.5436e-14
-1.44508e-14
-9.99901e-10
-5.34213e-14
-1.43601e-14
-9.99918e-10
-1.42312e-14
-9.99938e-10
-1.7493e-14
-2.73806e-14
-9.99887e-10
-3.306e-14
-2.73755e-14
-9.99894e-10
-4.54426e-14
-2.72479e-14
-9.99906e-10
-5.34093e-14
-2.70769e-14
-9.99923e-10
-2.68738e-14
-9.99943e-10
-1.74319e-14
-3.75796e-14
-9.99898e-10
-3.29325e-14
-3.75682e-14
-9.99904e-10
-4.52784e-14
-3.74024e-14
-9.99916e-10
-5.32166e-14
-3.71803e-14
-9.99933e-10
-3.69342e-14
-9.99953e-10
-1.73408e-14
-4.41556e-14
-9.99912e-10
-3.27594e-14
-4.41274e-14
-9.99918e-10
-4.50565e-14
-4.39357e-14
-9.9993e-10
-5.29708e-14
-4.36894e-14
-9.99947e-10
-4.3342e-14
-9.99966e-10
-1.72187e-14
-9.99928e-10
-3.25603e-14
-9.99934e-10
-4.48125e-14
-9.99946e-10
-5.26282e-14
-9.99963e-10
-9.99982e-10
-2.37829e-14
-1.97281e-14
-9.99838e-10
-4.49542e-14
-1.97002e-14
-9.99847e-10
-6.1816e-14
-1.95891e-14
-9.99864e-10
-7.27159e-14
-1.94488e-14
-9.99887e-10
-1.92661e-14
-9.99914e-10
-2.37644e-14
-3.72077e-14
-9.99846e-10
-4.49361e-14
-3.71673e-14
-9.99855e-10
-6.18074e-14
-3.69809e-14
-9.99871e-10
-7.2689e-14
-3.67385e-14
-9.99894e-10
-3.64606e-14
-9.99921e-10
-2.36492e-14
-5.10953e-14
-9.9986e-10
-4.47505e-14
-5.10564e-14
-9.99869e-10
-6.15747e-14
-5.0819e-14
-9.99885e-10
-7.24209e-14
-5.04995e-14
-9.99908e-10
-5.0129e-14
-9.99935e-10
-2.35034e-14
-6.0069e-14
-9.99879e-10
-4.4504e-14
-6.00008e-14
-9.99888e-10
-6.12559e-14
-5.97123e-14
-9.99904e-10
-7.20482e-14
-5.93499e-14
-9.99927e-10
-5.88442e-14
-9.99953e-10
-2.33104e-14
-9.99901e-10
-4.42073e-14
-9.9991e-10
-6.08967e-14
-9.99926e-10
-7.15464e-14
-9.99949e-10
-9.99975e-10
-3.22812e-14
-2.67669e-14
-9.99779e-10
-6.11262e-14
-2.67123e-14
-9.99791e-10
-8.40933e-14
-2.65642e-14
-9.99814e-10
-9.89097e-14
-2.63785e-14
-9.99845e-10
-2.61524e-14
-9.99882e-10
-3.22392e-14
-5.05904e-14
-9.99789e-10
-6.11038e-14
-5.05361e-14
-9.99802e-10
-8.40863e-14
-5.02909e-14
-9.99824e-10
-9.88928e-14
-4.99552e-14
-9.99855e-10
-4.95775e-14
-9.99892e-10
-3.20847e-14
-6.952e-14
-9.99808e-10
-6.086e-14
-6.94685e-14
-9.9982e-10
-8.37639e-14
-6.91415e-14
-9.99843e-10
-9.85235e-14
-6.86787e-14
-9.99874e-10
-6.81406e-14
-9.99911e-10
-3.1889e-14
-8.16901e-14
-9.99834e-10
-6.05212e-14
-8.16084e-14
-9.99846e-10
-8.33019e-14
-8.12126e-14
-9.99869e-10
-9.79722e-14
-8.06852e-14
-9.999e-10
-7.99659e-14
-9.99936e-10
-3.16398e-14
-9.99865e-10
-6.0118e-14
-9.99877e-10
-8.27867e-14
-9.99899e-10
-9.72533e-14
-9.9993e-10
-9.99966e-10
-4.38312e-14
-3.63607e-14
-9.99698e-10
-8.31884e-14
-3.63162e-14
-9.99715e-10
-1.14464e-13
-3.61311e-14
-9.99746e-10
-1.34558e-13
-3.58789e-14
-9.99789e-10
-3.55882e-14
-9.99839e-10
-4.38039e-14
-6.89208e-14
-9.99713e-10
-8.3174e-14
-6.88679e-14
-9.99729e-10
-1.14454e-13
-6.85335e-14
-9.9976e-10
-1.34551e-13
-6.80544e-14
-9.99803e-10
-6.7519e-14
-9.99853e-10
-4.36156e-14
-9.47303e-14
-9.99738e-10
-8.28414e-14
-9.46661e-14
-9.99755e-10
-1.13993e-13
-9.42035e-14
-9.99786e-10
-1.34028e-13
-9.3535e-14
-9.99828e-10
-9.27764e-14
-9.99878e-10
-4.33559e-14
-1.11222e-13
-9.99774e-10
-8.23636e-14
-1.1114e-13
-9.99791e-10
-1.13325e-13
-1.10603e-13
-9.99821e-10
-1.3325e-13
-1.09853e-13
-9.99863e-10
-1.08899e-13
-9.99913e-10
-4.30465e-14
-9.99816e-10
-8.18164e-14
-9.99832e-10
-1.12593e-13
-9.99863e-10
-1.32293e-13
-9.99904e-10
-9.99953e-10
-5.9646e-14
-4.95574e-14
-9.99589e-10
-1.1332e-13
-4.95345e-14
-9.99612e-10
-1.55897e-13
-4.92778e-14
-9.99654e-10
-1.83196e-13
-4.89102e-14
-9.99713e-10
-4.84986e-14
-9.99781e-10
-5.96468e-14
-9.40538e-14
-9.99608e-10
-1.13295e-13
-9.39832e-14
-9.99632e-10
-1.55859e-13
-9.34936e-14
-9.99674e-10
-1.83171e-13
-9.27962e-14
-9.99732e-10
-9.20068e-14
-9.998e-10
-5.93923e-14
-1.29234e-13
-9.99644e-10
-1.12808e-13
-1.29133e-13
-9.99667e-10
-1.55185e-13
-1.28459e-13
-9.99709e-10
-1.82404e-13
-1.27499e-13
-9.99767e-10
-1.2641e-13
-9.99834e-10
-5.9026e-14
-1.51655e-13
-9.99693e-10
-1.12114e-13
-1.51547e-13
-9.99715e-10
-1.54225e-13
-1.50783e-13
-9.99757e-10
-1.81302e-13
-1.49695e-13
-9.99814e-10
-1.48402e-13
-9.99882e-10
-5.86089e-14
-9.9975e-10
-1.11331e-13
-9.99772e-10
-1.5315e-13
-9.99814e-10
-1.80007e-13
-9.9987e-10
-9.99937e-10
-8.13144e-14
-6.77176e-14
-9.9944e-10
-1.54439e-13
-6.76826e-14
-9.99472e-10
-2.12429e-13
-6.72938e-14
-9.99529e-10
-2.49652e-13
-6.67435e-14
-9.99609e-10
-6.61128e-14
-9.99702e-10
-8.13117e-14
-1.28455e-13
-9.99467e-10
-1.54365e-13
-1.28318e-13
-9.99498e-10
-2.12325e-13
-1.27581e-13
-9.99556e-10
-2.49545e-13
-1.26553e-13
-9.99635e-10
-1.25364e-13
-9.99728e-10
-8.09252e-14
-1.76417e-13
-9.99515e-10
-1.53631e-13
-1.76229e-13
-9.99547e-10
-2.11328e-13
-1.75226e-13
-9.99604e-10
-2.48392e-13
-1.73822e-13
-9.99682e-10
-1.72204e-13
-9.99775e-10
-8.03794e-14
-2.06969e-13
-9.99582e-10
-1.52602e-13
-2.06771e-13
-9.99613e-10
-2.09925e-13
-2.05623e-13
-9.99669e-10
-2.46771e-13
-2.03987e-13
-9.99747e-10
-2.02069e-13
-9.99839e-10
-7.97626e-14
-9.9966e-10
-1.51424e-13
-9.99691e-10
-2.08295e-13
-9.99746e-10
-2.44855e-13
-9.99824e-10
-9.99914e-10
-1.10918e-13
-9.26223e-14
-9.99237e-10
-2.10515e-13
-9.2518e-14
-9.9928e-10
-2.89568e-13
-9.1922e-14
-9.99358e-10
-3.40425e-13
-9.10943e-14
-9.99467e-10
-9.01159e-14
-9.99595e-10
-1.10858e-13
-1.75498e-13
-9.99273e-10
-2.10345e-13
-1.75234e-13
-9.99316e-10
-2.89343e-13
-1.74122e-13
-9.99395e-10
-3.40155e-13
-1.7259e-13
-9.99503e-10
-1.70798e-13
-9.9963e-10
-1.10255e-13
-2.40924e-13
-9.9934e-10
-2.09238e-13
-2.40573e-13
-9.99382e-10
-2.87854e-13
-2.39058e-13
-9.9946e-10
-3.38416e-13
-2.36963e-13
-9.99567e-10
-2.34533e-13
-9.99694e-10
-1.09421e-13
-2.82559e-13
-9.99431e-10
-2.07691e-13
-2.82176e-13
-9.99473e-10
-2.85761e-13
-2.8041e-13
-9.9955e-10
-3.35991e-13
-2.77926e-13
-9.99656e-10
-2.75001e-13
-9.99781e-10
-1.08471e-13
-9.99538e-10
-2.05883e-13
-9.99579e-10
-2.83278e-13
-9.99655e-10
-3.33072e-13
-9.9976e-10
-9.99883e-10
-1.51281e-13
-1.26716e-13
-9.98959e-10
-2.86991e-13
-1.26486e-13
-9.99017e-10
-3.94827e-13
-1.25583e-13
-9.99125e-10
-4.6432e-13
-1.24338e-13
-9.99273e-10
-1.22863e-13
-9.99447e-10
-1.51111e-13
-2.39887e-13
-9.99009e-10
-2.86663e-13
-2.3942e-13
-9.99068e-10
-3.94397e-13
-2.3775e-13
-9.99174e-10
-4.63802e-13
-2.35451e-13
-9.99322e-10
-2.32765e-13
-9.99495e-10
-1.50188e-13
-3.29194e-13
-9.991e-10
-2.85002e-13
-3.28564e-13
-9.99158e-10
-3.92157e-13
-3.26267e-13
-9.99264e-10
-4.61188e-13
-3.23107e-13
-9.9941e-10
-3.19451e-13
-9.99583e-10
-1.48908e-13
-3.85906e-13
-9.99225e-10
-2.82665e-13
-3.85186e-13
-9.99282e-10
-3.89002e-13
-3.82467e-13
-9.99387e-10
-4.57541e-13
-3.78698e-13
-9.99532e-10
-3.7427e-13
-9.99702e-10
-1.47425e-13
-9.99371e-10
-2.79893e-13
-9.99428e-10
-3.85235e-13
-9.99531e-10
-4.53121e-13
-9.99673e-10
-9.99841e-10
-2.06311e-13
-1.7344e-13
-9.98579e-10
-3.91337e-13
-1.73026e-13
-9.98659e-10
-5.38461e-13
-1.71666e-13
-9.98806e-10
-6.334e-13
-1.69798e-13
-9.99008e-10
-1.67618e-13
-9.99246e-10
-2.0598e-13
-3.28197e-13
-9.98648e-10
-3.90757e-13
-3.27415e-13
-9.98728e-10
-5.37695e-13
-3.24894e-13
-9.98874e-10
-6.32512e-13
-3.21429e-13
-9.99075e-10
-3.17403e-13
-9.99312e-10
-2.04585e-13
-4.50174e-13
-9.98773e-10
-3.88252e-13
-4.49088e-13
-9.98853e-10
-5.34311e-13
-4.45591e-13
-9.98997e-10
-6.2858e-13
-4.408e-13
-9.99196e-10
-4.3525e-13
-9.99431e-10
-2.02626e-13
-5.27412e-13
-9.98945e-10
-3.84706e-13
-5.26123e-13
-9.99023e-10
-5.29532e-13
-5.21939e-13
-9.99166e-10
-6.23042e-13
-5.16186e-13
-9.99362e-10
-5.09461e-13
-9.99594e-10
-2.00313e-13
-9.99145e-10
-3.80459e-13
-9.99222e-10
-5.2379e-13
-9.99362e-10
-6.16324e-13
-9.99556e-10
-9.99784e-10
-2.81424e-13
-2.37631e-13
-9.9806e-10
-5.33794e-13
-2.36947e-13
-9.98169e-10
-7.34503e-13
-2.34893e-13
-9.9837e-10
-8.64198e-13
-2.32087e-13
-9.98646e-10
-2.28853e-13
-9.9897e-10
-2.80854e-13
-4.49583e-13
-9.98155e-10
-5.32797e-13
-4.48286e-13
-9.98264e-10
-7.33185e-13
-4.44444e-13
-9.98464e-10
-8.62705e-13
-4.39208e-13
-9.98738e-10
-4.3316e-13
-9.99061e-10
-2.78739e-13
-6.16285e-13
-9.98328e-10
-5.28986e-13
-6.1445e-13
-9.98436e-10
-7.28065e-13
-6.0909e-13
-9.98633e-10
-8.56781e-13
-6.01797e-13
-9.98905e-10
-5.93363e-13
-9.99225e-10
-2.75738e-13
-7.21487e-13
-9.98564e-10
-5.2357e-13
-7.19254e-13
-9.9867e-10
-7.20799e-13
-7.12787e-13
-9.98865e-10
-8.48362e-13
-7.03985e-13
-9.99132e-10
-6.9377e-13
-9.99448e-10
-2.72139e-13
-9.98839e-10
-5.17032e-13
-9.98944e-10
-7.1202e-13
-9.99134e-10
-8.38157e-13
-9.99397e-10
-9.99707e-10
-3.84109e-13
-3.26036e-13
-9.97349e-10
-7.28377e-13
-3.24914e-13
-9.975e-10
-1.00212e-12
-3.21796e-13
-9.97774e-10
-1.17925e-12
-3.17582e-13
-9.98151e-10
-3.12756e-13
-9.98594e-10
-3.83152e-13
-6.16774e-13
-9.97481e-10
-7.2669e-13
-6.14607e-13
-9.97631e-10
-9.99922e-13
-6.08731e-13
-9.97903e-10
-1.17677e-12
-6.00836e-13
-9.98278e-10
-5.91804e-13
-9.98718e-10
-3.79905e-13
-8.44734e-13
-9.9772e-10
-7.20871e-13
-8.41651e-13
-9.97868e-10
-9.92196e-13
-8.33414e-13
-9.98137e-10
-1.1679e-12
-8.22355e-13
-9.98507e-10
-8.0969e-13
-9.98943e-10
-3.75281e-13
-9.88044e-13
-9.98045e-10
-7.12583e-13
-9.84242e-13
-9.9819e-10
-9.81193e-13
-9.74231e-13
-9.98455e-10
-1.15525e-12
-9.60807e-13
-9.98819e-10
-9.45444e-13
-9.99249e-10
-3.69672e-13
-9.98424e-10
-7.02501e-13
-9.98566e-10
-9.67821e-13
-9.98825e-10
-1.13991e-12
-9.99182e-10
-9.99604e-10
-5.24781e-13
-4.48024e-13
-9.96376e-10
-9.94306e-13
-4.46125e-13
-9.96584e-10
-1.3675e-12
-4.41388e-13
-9.96959e-10
-1.60919e-12
-4.35086e-13
-9.97474e-10
-4.27976e-13
-9.98078e-10
-5.2314e-13
-8.47606e-13
-9.96558e-10
-9.91503e-13
-8.43943e-13
-9.96765e-10
-1.36391e-12
-8.34979e-13
-9.97137e-10
-1.60521e-12
-8.23165e-13
-9.97648e-10
-8.09869e-13
-9.98249e-10
-5.18082e-13
-1.15938e-12
-9.9689e-10
-9.82646e-13
-1.15419e-12
-9.97093e-10
-1.35235e-12
-1.14158e-12
-9.9746e-10
-1.59212e-12
-1.12495e-12
-9.97965e-10
-1.10624e-12
-9.9856e-10
-5.10895e-13
-1.35471e-12
-9.97339e-10
-9.70008e-13
-1.34828e-12
-9.97537e-10
-1.33584e-12
-1.33278e-12
-9.97898e-10
-1.57342e-12
-1.31239e-12
-9.98394e-10
-1.28953e-12
-9.9898e-10
-5.02116e-13
-9.97862e-10
-9.54468e-13
-9.98054e-10
-1.31558e-12
-9.98406e-10
-1.55062e-12
-9.98892e-10
-9.99466e-10
-7.18177e-13
-6.16528e-13
-9.95041e-10
-1.35805e-12
-6.13157e-13
-9.95331e-10
-1.86638e-12
-6.06009e-13
-9.95845e-10
-2.19559e-12
-5.96607e-13
-9.96548e-10
-5.86347e-13
-9.97371e-10
-7.1526e-13
-1.16751e-12
-9.95292e-10
-1.3535e-12
-1.16118e-12
-9.95579e-10
-1.86066e-12
-1.14754e-12
-9.96089e-10
-2.1895e-12
-1.12999e-12
-9.96786e-10
-1.11076e-12
-9.97604e-10
-7.07219e-13
-1.59338e-12
-9.95757e-10
-1.34005e-12
-1.58449e-12
-9.96037e-10
-1.84351e-12
-1.56524e-12
-9.96539e-10
-2.17051e-12
-1.54043e-12
-9.97228e-10
-1.51327e-12
-9.98038e-10
-6.95877e-13
-1.86025e-12
-9.96376e-10
-1.32085e-12
-1.84924e-12
-9.96647e-10
-1.81893e-12
-1.82514e-12
-9.9714e-10
-2.14332e-12
-1.79434e-12
-9.97816e-10
-1.76063e-12
-9.98615e-10
-6.8189e-13
-9.97103e-10
-1.29678e-12
-9.97363e-10
-1.78841e-12
-9.97841e-10
-2.10978e-12
-9.98501e-10
-9.99284e-10
-9.85855e-13
-8.48964e-13
-9.93207e-10
-1.85611e-12
-8.42495e-13
-9.93619e-10
-2.5477e-12
-8.31942e-13
-9.94322e-10
-2.99467e-12
-8.17718e-13
-9.95283e-10
-8.03268e-13
-9.96403e-10
-9.80366e-13
-1.61398e-12
-9.93547e-10
-1.84894e-12
-1.60252e-12
-9.9395e-10
-2.53851e-12
-1.5818e-12
-9.94649e-10
-2.98565e-12
-1.55581e-12
-9.95601e-10
-1.52856e-12
-9.96715e-10
-9.67144e-13
-2.19224e-12
-9.94211e-10
-1.82845e-12
-2.17643e-12
-9.94602e-10
-2.51326e-12
-2.14732e-12
-9.95289e-10
-2.95867e-12
-2.11047e-12
-9.96228e-10
-2.07192e-12
-9.97331e-10
-9.48726e-13
-2.56056e-12
-9.95059e-10
-1.79953e-12
-2.54094e-12
-9.95432e-10
-2.47693e-12
-2.50294e-12
-9.96107e-10
-2.91997e-12
-2.45658e-12
-9.97027e-10
-2.40749e-12
-9.98116e-10
-9.25487e-13
-9.96085e-10
-1.7616e-12
-9.96434e-10
-2.43111e-12
-9.97081e-10
-2.87143e-12
-9.97977e-10
-9.99045e-10
-1.36116e-12
-1.1662e-12
-9.90679e-10
-2.53837e-12
-1.15202e-12
-9.9129e-10
-3.47867e-12
-1.13776e-12
-9.92244e-10
-4.08176e-12
-1.11496e-12
-9.93566e-10
-1.0955e-12
-9.95087e-10
-1.3498e-12
-2.24602e-12
-9.91117e-10
-2.52804e-12
-2.22384e-12
-9.91701e-10
-3.46316e-12
-2.19239e-12
-9.9266e-10
-4.06909e-12
-2.15377e-12
-9.93957e-10
-2.11582e-12
-9.95477e-10
-1.32697e-12
-3.01448e-12
-9.92116e-10
-2.49636e-12
-2.98447e-12
-9.92672e-10
-3.42624e-12
-2.94238e-12
-9.9361e-10
-4.0315e-12
-2.88757e-12
-9.9489e-10
-2.83522e-12
-9.96389e-10
-1.29576e-12
-3.54091e-12
-9.93237e-10
-2.45442e-12
-3.50339e-12
-9.93755e-10
-3.37282e-12
-3.44127e-12
-9.9469e-10
-3.97853e-12
-3.37151e-12
-9.95938e-10
-3.30072e-12
-9.9743e-10
-1.25375e-12
-9.94748e-10
-2.39148e-12
-9.95206e-10
-3.30365e-12
-9.96077e-10
-3.90968e-12
-9.97285e-10
-9.98742e-10
-1.90009e-12
-1.58644e-12
-9.87193e-10
-3.46971e-12
-1.55077e-12
-9.8817e-10
-4.75335e-12
-1.53717e-12
-9.89423e-10
-5.55717e-12
-1.49648e-12
-9.91266e-10
-1.47348e-12
-9.93338e-10
-1.873e-12
-3.16736e-12
-9.87663e-10
-3.46084e-12
-3.12072e-12
-9.88543e-10
-4.72289e-12
-3.07316e-12
-9.89862e-10
-5.5421e-12
-3.01482e-12
-9.9162e-10
-2.96114e-12
-9.93722e-10
-1.83193e-12
-4.11935e-12
-9.89332e-10
-3.40829e-12
-4.05535e-12
-9.90161e-10
-4.67008e-12
-4.00402e-12
-9.91417e-10
-5.48873e-12
-3.92044e-12
-9.93165e-10
-3.85694e-12
-9.95198e-10
-1.77617e-12
-4.94664e-12
-9.90634e-10
-3.35808e-12
-4.86761e-12
-9.91361e-10
-4.59129e-12
-4.75783e-12
-9.92703e-10
-5.4237e-12
-4.65225e-12
-9.94373e-10
-4.54732e-12
-9.96453e-10
-1.68766e-12
-9.93102e-10
-3.23828e-12
-9.9366e-10
-4.48329e-12
-9.94801e-10
-5.3255e-12
-9.96403e-10
-9.98385e-10
-2.70564e-12
-2.12916e-12
-9.82358e-10
-4.71882e-12
-2.03505e-12
-9.84121e-10
-6.51062e-12
-2.04437e-12
-9.85587e-10
-7.55404e-12
-1.96052e-12
-9.88262e-10
-1.94207e-12
-9.91126e-10
-2.63166e-12
-4.56916e-12
-9.82592e-10
-4.74776e-12
-4.46173e-12
-9.84e-10
-6.43267e-12
-4.39602e-12
-9.85826e-10
-7.55115e-12
-4.30204e-12
-9.8816e-10
-4.21613e-12
-9.91227e-10
-2.55959e-12
-5.56658e-12
-9.85775e-10
-4.63611e-12
-5.41059e-12
-9.87136e-10
-6.36582e-12
-5.37119e-12
-9.88712e-10
-7.4562e-12
-5.23288e-12
-9.91144e-10
-5.17395e-12
-9.93855e-10
-2.45125e-12
-7.04077e-12
-9.86709e-10
-4.63749e-12
-6.86598e-12
-9.8772e-10
-6.23892e-12
-6.65461e-12
-9.89818e-10
-7.41063e-12
-6.49639e-12
-9.91938e-10
-6.31872e-12
-9.94994e-10
-2.22705e-12
-9.91384e-10
-4.34444e-12
-9.91937e-10
-6.05408e-12
-9.93349e-10
-7.25073e-12
-9.95381e-10
-9.98046e-10
-3.97937e-12
-2.85289e-12
-9.75526e-10
-6.36771e-12
-2.58933e-12
-9.79144e-10
-8.97983e-12
-2.71785e-12
-9.80257e-10
-1.02553e-11
-2.49885e-12
-9.84488e-10
-2.5091e-12
-9.88564e-10
-3.77027e-12
-6.73773e-12
-9.74937e-10
-6.54194e-12
-6.46571e-12
-9.77352e-10
-8.71704e-12
-6.43131e-12
-9.79937e-10
-1.03278e-11
-6.25651e-12
-9.82791e-10
-6.07685e-12
-9.87799e-10
-3.66072e-12
-7.5379e-12
-9.81314e-10
-6.21774e-12
-7.11668e-12
-9.83928e-10
-8.70163e-12
-7.15651e-12
-9.85503e-10
-1.00617e-11
-6.87041e-12
-9.8917e-10
-6.84703e-12
-9.926e-10
-3.40308e-12
-1.01962e-11
-9.80647e-10
-6.54349e-12
-9.81193e-12
-9.81884e-10
-8.41332e-12
-9.41869e-12
-9.85686e-10
-1.01974e-11
-9.2318e-12
-9.87792e-10
-8.85041e-12
-9.9289e-10
-2.81077e-12
-9.90163e-10
-5.6954e-12
-9.90362e-10
-8.06883e-12
-9.91999e-10
-9.83113e-12
-9.94394e-10
-9.9789e-10
-6.12058e-12
-3.88129e-12
-9.65524e-10
-8.55069e-12
-3.13498e-12
-9.73578e-10
-1.25519e-11
-3.71189e-12
-9.72544e-10
-1.38895e-11
-3.04411e-12
-9.80106e-10
-3.14642e-12
-9.86035e-10
-5.56122e-12
-1.00675e-11
-9.63189e-10
-9.12831e-12
-9.34848e-12
-9.67571e-10
-1.16914e-11
-9.57437e-12
-9.71512e-10
-1.41738e-11
-9.2089e-12
-9.74144e-10
-8.7432e-12
-9.83303e-10
-5.45257e-12
-1.04673e-11
-9.75462e-10
-8.21257e-12
-9.23842e-12
-9.81278e-10
-1.20348e-11
-9.68947e-12
-9.81566e-10
-1.33098e-11
-8.87197e-12
-9.88232e-10
-8.99117e-12
-9.91606e-10
-4.7448e-12
-1.48632e-11
-9.71506e-10
-9.51354e-12
-1.39879e-11
-9.72365e-10
-1.12988e-11
-1.32627e-11
-9.80327e-10
-1.41986e-11
-1.33082e-11
-9.80456e-10
-1.22801e-11
-9.90311e-10
-3.29087e-12
-9.90451e-10
-7.18017e-12
-9.89295e-10
-1.05098e-11
-9.91076e-10
-1.31904e-11
-9.93509e-10
-9.9797e-10
-9.99953e-12
-5.41451e-12
-9.5011e-10
-1.14237e-11
-3.38001e-12
-9.68774e-10
-1.78626e-11
-5.38023e-12
-9.60725e-10
-1.85819e-11
-3.40389e-12
-9.75982e-10
-3.70896e-12
-9.84505e-10
-8.53612e-12
-1.52687e-11
-9.44798e-10
-1.3123e-11
-1.33553e-11
-9.53009e-10
-1.5703e-11
-1.4577e-11
-9.59735e-10
-1.93725e-11
-1.37523e-11
-9.60126e-10
-1.24706e-11
-9.77617e-10
-8.60228e-12
-1.51921e-11
-9.66936e-10
-1.08712e-11
-1.16316e-11
-9.80732e-10
-1.69379e-11
-1.36392e-11
-9.76437e-10
-1.68384e-11
-1.10276e-11
-9.91056e-10
-1.17814e-11
-9.90419e-10
-6.82039e-12
-2.18125e-11
-9.58066e-10
-1.42347e-11
-1.97284e-11
-9.56854e-10
-1.52355e-11
-1.83047e-11
-9.74661e-10
-1.98334e-11
-1.93742e-11
-9.67512e-10
-1.64733e-11
-9.88047e-10
-3.21976e-12
-9.94435e-10
-8.44368e-12
-9.89006e-10
-1.33521e-11
-9.90843e-10
-1.75395e-11
-9.9223e-10
-9.97724e-10
-1.72084e-11
-7.83266e-12
-9.25069e-10
-1.49504e-11
-2.70052e-12
-9.68331e-10
-2.62248e-11
-8.4865e-12
-9.40964e-10
-2.439e-11
-3.1665e-12
-9.74651e-10
-3.68874e-12
-9.86649e-10
-1.34643e-11
-2.36703e-11
-9.15496e-10
-1.90478e-11
-1.87271e-11
-9.31399e-10
-2.11808e-11
-2.26775e-11
-9.43411e-10
-2.60852e-11
-2.0879e-11
-9.37509e-10
-1.73652e-11
-9.70868e-10
-1.44627e-11
-2.35559e-11
-9.52588e-10
-1.46346e-11
-1.39009e-11
-9.85386e-10
-2.42519e-11
-2.02226e-11
-9.69274e-10
-2.05722e-11
-1.26159e-11
-1.003e-09
-1.57834e-11
-9.87201e-10
-1.01084e-11
-3.2547e-11
-9.38966e-10
-2.18141e-11
-2.75931e-11
-9.31456e-10
-2.04484e-11
-2.42909e-11
-9.71958e-10
-2.76655e-11
-2.84154e-11
-9.44495e-10
-2.0968e-11
-9.88947e-10
-1.25725e-12
-1.0074e-09
-8.32547e-12
-9.8936e-10
-1.64406e-11
-9.91037e-10
-2.33974e-11
-9.8839e-10
-9.95353e-10
-2.98309e-11
-1.22323e-11
-8.83005e-10
-1.96861e-11
-8.2304e-13
-9.77653e-10
-3.95428e-11
-1.54215e-11
-9.05685e-10
-2.96776e-11
-2.12004e-12
-9.82396e-10
-2.7919e-12
-9.9553e-10
-2.22197e-11
-3.78849e-11
-8.67624e-10
-2.7992e-11
-2.52986e-11
-9.01151e-10
-2.89353e-11
-3.59366e-11
-9.21952e-10
-3.45905e-11
-3.07814e-11
-9.03193e-10
-2.27396e-11
-9.65267e-10
-2.48909e-11
-4.03131e-11
-9.25268e-10
-1.99386e-11
-1.55299e-11
-1.00011e-09
-3.43767e-11
-3.25503e-11
-9.58223e-10
-2.39355e-11
-1.24276e-11
-1.03179e-09
-2.27518e-11
-9.79256e-10
-1.55261e-11
-5.02475e-11
-9.13505e-10
-3.37459e-11
-3.82234e-11
-8.90543e-10
-2.74604e-11
-3.05031e-11
-9.80291e-10
-3.82249e-11
-4.19459e-11
-9.04213e-10
-2.44267e-11
-1.0017e-09
6.14033e-12
-1.04285e-09
-4.30002e-12
-9.88646e-10
-1.82995e-11
-9.90971e-10
-3.12593e-11
-9.7597e-10
-9.87934e-10
-7.57273e-11
-1.5076e-11
-7.92202e-10
-2.53081e-11
2.42289e-11
-1.0523e-09
-6.89448e-11
-3.03563e-11
-8.31693e-10
-4.25404e-11
1.17352e-11
-1.02054e-09
3.18838e-11
-1.06747e-09
-5.49383e-11
-6.38754e-11
-7.63886e-10
-4.25786e-11
-2.54747e-11
-8.63807e-10
-2.45105e-11
-7.12868e-11
-8.9909e-10
-3.80914e-11
-5.92274e-11
-8.1865e-10
-2.87784e-11
-9.15308e-10
-7.07206e-11
-6.59213e-11
-8.52502e-10
-4.40357e-11
7.05835e-12
-1.05933e-09
-5.55611e-11
-4.40397e-11
-9.73944e-10
-1.94057e-11
1.3464e-11
-1.14064e-09
-1.80571e-11
-9.64386e-10
-2.73813e-11
-6.16484e-11
-8.90397e-10
-6.37161e-11
-3.25648e-11
-8.14585e-10
-2.3856e-11
-1.28234e-11
-1.05137e-09
-4.36391e-11
-5.60069e-11
-8.14959e-10
-2.47403e-11
-9.97409e-10
1.33917e-11
-1.10552e-09
-7.03859e-12
-9.67034e-10
-1.81564e-11
-9.92313e-10
-4.70174e-11
-9.22963e-10
-9.22254e-10
-6.80506e-11
-3.1638e-11
-6.92513e-10
-2.36124e-11
1.92689e-11
-1.11601e-09
-9.06977e-11
-6.02171e-11
-7.0439e-10
-3.89997e-11
5.17748e-12
-1.07741e-09
-1.98385e-11
-1.11395e-09
-4.96943e-11
-9.05417e-11
-6.55288e-10
-6.57606e-11
-4.6477e-11
-7.81995e-10
-8.01509e-11
-8.33617e-11
-8.61556e-10
-6.75482e-11
-4.28215e-11
-7.83253e-10
-3.15001e-11
-1.00835e-09
-5.47618e-11
-1.51195e-10
-7.37086e-10
-2.65145e-11
-3.28853e-11
-1.10116e-09
-5.52245e-11
-1.11316e-10
-9.17281e-10
-1.46589e-11
3.92718e-12
-1.22796e-09
-9.29549e-11
-8.90764e-10
-3.4202e-11
-1.65922e-10
-8.41468e-10
-7.5479e-11
-9.39445e-11
-7.12249e-10
-6.07608e-11
-4.79252e-11
-1.12948e-09
-8.34023e-11
-8.1064e-11
-7.07327e-10
-1.43581e-11
-1.19876e-09
1.2345e-10
-1.37352e-09
7.33682e-11
-9.25895e-10
3.44107e-12
-9.54607e-10
-6.21199e-11
-8.26645e-10
-9.35077e-10
-3.75553e-10
-2.4615e-11
-2.92345e-10
-1.41982e-11
2.11216e-10
-1.68858e-09
-2.65666e-10
-2.09638e-10
-2.43285e-10
-9.77279e-11
1.05137e-10
-1.35049e-09
3.66326e-10
-1.83096e-09
-2.72906e-10
-2.21937e-10
-1.8506e-10
-1.02289e-10
2.26636e-11
-7.64059e-10
1.13534e-10
-3.03792e-10
-9.83225e-10
2.77829e-11
-2.33426e-10
-3.58939e-10
1.17739e-11
-5.22153e-10
-4.09411e-10
-3.01684e-10
-2.47927e-10
-2.0752e-10
2.40914e-10
-1.52131e-09
-1.6075e-10
-1.66195e-10
-1.10165e-09
8.37801e-11
2.99457e-10
-2.00537e-09
3.16782e-11
-7.90756e-10
-8.13335e-11
-1.18523e-10
-9.43296e-10
-2.36423e-10
4.69439e-11
-3.63189e-10
1.26218e-10
1.80219e-10
-1.83853e-09
6.64581e-11
-7.53101e-11
-2.72799e-10
9.82956e-12
-1.02689e-09
1.16465e-10
-1.76782e-09
2.54329e-11
-7.36598e-10
7.3649e-11
-1.01911e-09
-1.03063e-10
-3.09169e-10
-3.415e-10
1.42442e-10
-5.81888e-11
-3.76598e-10
-8.9633e-11
-1.0424e-10
-1.35226e-09
-4.78702e-11
1.39962e-11
-2.99044e-10
3.9826e-11
1.66057e-11
-1.45479e-09
-5.42436e-10
-1.11289e-09
1.03704e-10
-2.97903e-11
-3.17163e-10
-1.65494e-10
-1.11642e-10
-4.8746e-10
-5.21901e-10
6.90001e-11
-6.81822e-10
-3.49072e-10
2.33459e-10
-7.48621e-10
-9.47238e-11
-1.79242e-09
2.08548e-10
-3.92479e-10
-9.37864e-11
1.72095e-10
-2.76896e-10
-1.3196e-09
1.05313e-11
-1.68397e-10
-7.02686e-10
-1.28769e-10
-1.39362e-10
-1.49325e-09
-3.8092e-10
-5.52173e-10
-8.82651e-12
-5.74973e-10
-7.51976e-10
-1.14534e-11
-3.06505e-10
-3.30954e-10
-5.21862e-10
-3.1427e-10
-1.18225e-09
-5.95316e-10
-1.40267e-10
-1.9844e-10
2.67487e-10
-2.85072e-09
7.61768e-10
-3.08275e-09
4.55816e-10
-3.43109e-10
-1.04952e-10
-5.94115e-10
-1.84004e-10
-3.94652e-10
-1.15041e-09
-2.51112e-11
3.04557e-12
-3.54533e-10
1.65717e-11
1.83129e-11
-1.41226e-09
-4.97727e-11
-1.25481e-11
-2.20151e-10
-3.71753e-11
1.25453e-11
-1.47993e-09
1.54392e-10
-1.33416e-09
-2.80993e-12
-8.97719e-13
-3.10409e-10
-6.79317e-13
-2.39841e-12
-4.68879e-10
7.43518e-11
5.27646e-12
-7.74678e-10
1.51193e-12
-7.4405e-11
-5.8883e-10
1.11651e-10
-1.66715e-09
-7.46357e-12
-2.02198e-12
-8.51984e-11
3.6389e-12
4.27895e-11
-1.37589e-09
-8.75868e-12
1.44912e-12
-6.86461e-10
3.83994e-12
2.35275e-11
-1.60378e-09
3.1075e-10
-7.40306e-10
1.51e-11
1.32036e-10
-9.01134e-10
-2.5125e-11
1.13263e-11
-2.59266e-10
1.88117e-11
5.22553e-12
-1.22996e-09
2.92182e-11
-1.81361e-11
-1.67183e-10
4.81332e-11
-2.53355e-09
-6.02652e-11
-2.9964e-09
-5.77349e-13
-4.15289e-10
1.37967e-11
-6.11056e-10
-8.48187e-11
-2.67526e-10
-8.19117e-10
-2.13221e-10
-3.19073e-11
-1.09404e-10
-7.05849e-11
1.90523e-10
-1.74542e-09
1.2832e-10
8.59991e-11
-5.05055e-10
5.78642e-11
4.6692e-11
-1.45617e-09
7.16241e-10
-2.23458e-09
1.07345e-10
8.83777e-12
-4.58499e-10
1.3565e-10
1.83982e-10
-4.90643e-10
1.11917e-10
-6.20537e-11
-6.02891e-10
1.58206e-12
-1.252e-10
-3.06604e-10
4.72674e-11
-8.94079e-10
3.27077e-10
4.93092e-10
-8.96529e-10
1.27429e-10
1.36491e-10
-1.12875e-09
1.9659e-10
-1.63294e-10
-6.54382e-10
1.93712e-10
-6.66683e-11
-1.65943e-09
4.16252e-10
-8.85643e-10
-1.58517e-11
5.54168e-10
-9.46358e-10
-1.53857e-10
2.71823e-11
-1.19528e-11
2.52725e-11
1.15015e-10
-1.6874e-09
7.11257e-11
2.90004e-12
-2.82604e-10
7.84575e-11
-2.03318e-09
-8.07401e-10
-1.41458e-09
-3.28629e-11
-1.38047e-09
1.46508e-10
-6.20548e-10
-4.33742e-13
-6.49506e-12
-1.39361e-10
1.86381e-10
9.24056e-11
-3.88191e-10
-4.60613e-12
-2.37476e-10
-1.31696e-09
1.91493e-10
1.53892e-10
-8.55047e-10
1.30473e-10
4.00075e-11
-1.43515e-09
-3.81611e-10
-1.11846e-09
2.31196e-11
4.64652e-10
-8.53865e-10
4.26377e-11
9.02867e-11
-8.37924e-10
4.12926e-11
1.55923e-11
-4.63246e-10
4.44942e-11
-2.52152e-11
-2.44583e-10
-2.38654e-10
-6.8128e-10
3.2196e-10
7.16743e-10
-1.47058e-09
4.35919e-11
3.84462e-11
-7.9854e-10
-7.147e-12
2.61312e-11
-6.14182e-10
6.52632e-11
5.71073e-11
-1.81416e-09
-8.29979e-11
-9.69402e-10
-2.63912e-11
3.31568e-11
-2.36381e-10
-1.8691e-11
4.47465e-11
-2.59532e-11
-6.07257e-11
1.53935e-11
-1.63463e-09
4.22759e-14
-1.83163e-11
-2.67949e-10
-3.46717e-10
-1.39995e-09
-4.76203e-11
-1.43482e-09
5.38347e-11
-1.61143e-09
-1.33214e-11
-6.11129e-10
1.15456e-11
-5.37826e-11
-6.54776e-10
2.45763e-10
-2.1626e-10
-4.17694e-10
-1.89834e-10
-3.38711e-10
-5.42647e-10
-4.89178e-11
-1.28443e-10
-8.67521e-10
9.44263e-11
-4.15136e-11
-1.53698e-09
3.16534e-12
-4.96468e-10
1.15707e-10
9.29842e-11
-1.27882e-09
-5.13868e-11
-1.10886e-10
-8.98656e-10
-1.40975e-12
1.38261e-10
-7.79927e-10
2.59443e-12
2.41725e-10
-5.31825e-10
-9.99683e-11
-2.01647e-11
1.13935e-10
8.45386e-11
-1.57607e-09
5.55064e-12
-5.17195e-11
-7.49322e-10
1.92669e-10
2.06524e-10
-8.69563e-10
-1.17659e-10
2.27498e-10
-1.48961e-09
-6.66664e-13
-6.20731e-10
-4.08337e-12
-1.37606e-10
-1.01524e-11
8.97124e-11
1.01105e-10
-2.72573e-10
7.27461e-12
-2.68416e-11
-1.31883e-09
3.6166e-12
-4.66518e-12
-3.21278e-11
-1.28023e-10
-1.09066e-09
-1.46045e-10
-1.24264e-09
8.67705e-12
-1.84152e-09
1.41624e-11
-8.87244e-10
8.57129e-11
-8.27948e-11
-8.42303e-10
-1.53099e-11
-1.52834e-10
-2.4955e-10
-1.68277e-10
-5.4552e-11
-3.35128e-10
-8.91056e-11
4.1077e-12
-9.508e-10
-3.21398e-10
-2.31714e-10
-1.07298e-09
-1.74629e-10
-4.21425e-10
1.16525e-10
-5.89179e-10
-9.58996e-10
-1.46132e-10
-3.16328e-12
-6.87387e-10
-4.37821e-10
2.31596e-10
-7.15727e-10
-2.35286e-10
1.62625e-10
-1.1287e-09
6.82261e-12
-6.13306e-10
6.85483e-11
-8.8283e-10
-1.35097e-09
-4.04407e-11
-2.07809e-10
-4.35687e-10
-9.09576e-12
-1.25579e-10
-5.43733e-10
-2.25317e-12
-8.28822e-12
-1.32554e-09
-2.22141e-10
-2.26463e-11
1.73121e-10
3.55571e-12
-1.06966e-09
9.48688e-11
-3.89242e-11
-3.63205e-10
-3.94479e-11
7.87994e-11
-1.38889e-09
-5.3025e-11
-2.15375e-12
-2.46852e-11
-3.31931e-10
-1.11426e-09
-3.83616e-11
-1.13062e-09
1.29545e-10
-2.14349e-09
-1.01209e-10
-6.53876e-10
-9.95396e-12
-1.06228e-09
-1.85408e-09
1.18306e-10
2.60851e-10
-6.28708e-10
-7.21713e-11
-2.56735e-11
-1.18976e-10
1.71624e-10
2.13626e-10
-1.40822e-09
-6.44323e-11
-2.24253e-10
-6.12667e-10
2.71476e-10
-8.24922e-10
-1.18382e-10
3.95459e-11
-6.19308e-10
-1.04279e-10
-4.31071e-11
-6.84056e-10
-1.10139e-10
8.73453e-11
-5.83586e-10
-2.61383e-10
-5.77935e-11
-1.14392e-09
2.81918e-10
-6.96953e-10
-7.05102e-12
-5.17276e-10
-7.87095e-10
6.48046e-12
-7.60266e-12
-4.84724e-10
-3.09234e-10
-9.63174e-11
-4.43548e-11
-2.31942e-10
-1.07378e-10
-1.35325e-09
5.43286e-11
-1.92051e-11
2.91631e-10
9.14656e-10
-2.79322e-09
1.58326e-10
4.09695e-10
-6.47197e-10
-6.49165e-11
-9.94878e-11
-1.16248e-09
7.61352e-11
4.21376e-10
-6.94491e-10
3.89212e-10
-1.31512e-09
7.83804e-10
-1.66527e-09
2.69597e-10
-1.34921e-09
-2.05026e-10
-3.94896e-10
5.94589e-10
-2.14919e-09
-2.5463e-09
3.68611e-11
4.18452e-10
-1.08402e-09
5.36237e-10
1.16338e-10
-7.34689e-10
1.67722e-10
-3.47156e-11
-1.00499e-09
7.74512e-11
1.38649e-10
-6.61046e-10
4.19086e-10
-1.36062e-09
1.49288e-10
2.88444e-10
-6.38589e-10
-6.19368e-11
-3.74242e-11
-3.19069e-10
1.22076e-10
-1.02049e-10
-7.00266e-10
5.79783e-11
4.96062e-11
-9.90776e-10
-1.78311e-12
-8.71525e-12
-1.31071e-10
7.29449e-10
-1.09703e-09
-1.5476e-10
4.4151e-10
-9.39968e-10
2.82595e-11
1.05192e-10
-4.34615e-10
-3.23319e-12
-5.82281e-11
-1.21392e-09
2.42071e-10
-4.10685e-10
-1.65132e-10
-4.09798e-11
-1.85766e-09
-3.30935e-11
4.20379e-10
-7.58105e-10
-1.59854e-10
-4.40776e-11
-8.86446e-10
-8.81104e-11
1.12587e-10
-9.37049e-10
4.0052e-10
-1.08581e-09
4.32333e-11
-9.47185e-10
-2.04117e-10
-2.78409e-10
2.20267e-10
-9.87557e-10
7.7188e-10
-2.77941e-09
-1.54719e-09
4.54467e-10
5.50696e-10
-2.08919e-09
6.6779e-10
4.04528e-10
-1.35254e-09
-2.03976e-10
-1.1432e-10
-1.89065e-11
-1.0681e-10
2.1335e-10
-9.71561e-10
-5.2566e-11
-8.35056e-10
1.9336e-11
2.24764e-10
-3.31993e-10
8.3744e-11
1.9371e-10
-1.72659e-10
1.1513e-10
-3.79489e-11
-8.08022e-10
-2.98586e-12
-2.63874e-11
-6.32922e-10
-2.04112e-11
-2.37992e-11
1.73403e-11
-3.97865e-11
-8.49817e-10
-1.4872e-10
1.77379e-10
-7.57577e-10
-1.31547e-10
1.43559e-10
-6.33296e-10
-4.44084e-11
1.94052e-10
-1.5215e-09
9.1513e-11
-7.63214e-10
2.3074e-11
2.40253e-12
-1.92292e-09
-8.71588e-11
-2.67046e-11
-4.43788e-10
-2.49198e-12
-6.00529e-11
-7.67499e-10
1.79342e-11
1.33269e-10
-8.96692e-10
-8.73003e-11
-4.57195e-10
-5.14459e-12
-3.85938e-10
2.70461e-10
-3.80478e-10
3.62586e-10
-9.87957e-10
2.66753e-10
-2.72239e-09
-1.25677e-09
-2.26011e-10
4.13619e-10
-2.27679e-09
1.05339e-10
5.62729e-11
-1.74016e-09
3.47331e-11
6.40387e-11
-1.23396e-11
-1.23422e-10
-1.08811e-11
-8.02525e-10
-5.90493e-13
-2.40262e-09
-1.48066e-11
1.06349e-10
-9.9161e-12
1.51334e-10
1.22965e-10
-4.05492e-10
1.32054e-10
2.4746e-10
-9.72164e-10
-1.68671e-10
-3.8203e-11
-3.04875e-10
3.96964e-10
-1.21692e-09
-6.64448e-11
-6.10764e-12
-6.70916e-10
5.10829e-11
2.84028e-11
-7.80543e-10
-8.13977e-11
4.53282e-11
-2.98684e-10
4.62e-11
2.81264e-10
-1.96856e-09
2.26148e-10
-4.92163e-10
-2.83876e-11
-3.92693e-11
-1.86138e-09
1.24473e-10
1.79569e-10
-7.47817e-10
2.25855e-11
7.07025e-11
-6.90986e-10
2.25278e-12
3.09462e-10
-9.04557e-10
-2.46133e-11
-3.02923e-10
9.22879e-11
-3.33429e-10
3.07857e-10
-5.0384e-10
-5.69887e-11
-3.16857e-10
-8.60318e-10
-1.22893e-09
-8.40038e-10
-1.12611e-09
-1.8425e-10
-9.66436e-10
-3.4221e-10
2.4115e-11
-2.54817e-09
6.60403e-11
1.79785e-12
-4.22388e-10
4.05259e-11
-7.92409e-11
-6.9777e-10
-1.18464e-09
-2.28228e-09
-1.12574e-10
1.60391e-12
-8.31961e-11
-2.33645e-10
1.74008e-10
-4.34313e-10
1.26818e-10
1.49748e-10
-1.48058e-09
1.3574e-10
1.22937e-10
-5.15975e-10
3.47389e-10
-3.16983e-09
2.99508e-11
1.59425e-10
-8.58687e-10
2.79194e-11
8.40092e-11
-6.88512e-10
-8.27165e-11
2.14941e-11
-5.97937e-11
-1.67761e-10
9.6061e-11
-1.85664e-09
7.36138e-12
-4.49169e-10
-4.81998e-10
4.01644e-12
-1.22397e-09
-7.9445e-11
1.3367e-10
-1.20003e-09
5.08737e-11
4.53268e-11
-8.45138e-10
5.91789e-11
1.01304e-10
-9.18105e-10
-1.81158e-13
-5.2962e-11
-1.26673e-11
-2.24899e-11
-5.94608e-12
-1.95067e-10
1.83842e-12
-1.82631e-10
-1.08223e-11
-8.61496e-10
-8.81633e-10
3.29025e-11
-5.11575e-12
-9.94222e-10
7.92526e-11
1.79827e-11
-2.61251e-09
2.90237e-11
1.98697e-10
-5.70856e-10
6.1525e-12
1.22647e-10
-7.97545e-10
1.17958e-10
-2.52273e-09
1.61551e-11
3.33159e-10
-4.37626e-10
2.09995e-10
3.84835e-12
-6.14019e-10
2.05461e-10
7.33655e-11
-1.35071e-09
-1.3582e-10
3.80915e-10
-4.32962e-10
3.16115e-10
-3.52651e-09
1.90267e-12
4.5468e-10
-9.82111e-10
1.93249e-12
5.39572e-11
-7.38651e-10
8.42665e-11
1.53075e-11
-8.40697e-11
-4.31672e-10
-2.21723e-10
-7.38066e-10
3.24107e-11
-3.59747e-10
-1.87618e-10
3.16406e-12
-5.84835e-10
1.55916e-10
6.41812e-11
-1.55379e-09
7.46339e-11
-2.76214e-11
-7.20927e-10
-7.99937e-11
4.26022e-11
-1.0278e-09
2.27683e-10
-2.92066e-10
-2.35046e-12
-1.62302e-11
-3.5881e-12
-1.95055e-10
9.92751e-11
-3.74054e-10
9.27525e-11
-1.16482e-09
-1.16701e-09
2.96927e-10
3.22501e-10
-1.61365e-09
1.71345e-10
-8.68481e-11
-2.40008e-09
-5.44481e-11
2.39382e-11
-3.69001e-10
3.00406e-10
3.83437e-11
-1.19074e-09
1.1516e-09
-4.03231e-09
1.91874e-10
2.83078e-10
-5.90077e-10
2.25326e-10
7.32236e-11
-8.07543e-10
-6.51386e-12
-1.41994e-11
-1.08073e-09
-3.25685e-11
4.06522e-12
-3.72629e-10
7.06159e-11
-2.40692e-09
-7.82295e-11
2.43516e-11
-6.45155e-10
-2.90572e-11
1.38658e-10
-8.53257e-10
1.12615e-11
1.57579e-11
-1.54346e-10
-9.58293e-12
-1.14612e-12
-7.12009e-10
6.17767e-12
-2.62858e-10
-2.42821e-11
5.70184e-14
-5.36258e-10
1.23938e-11
4.38814e-11
-1.49569e-09
-6.25501e-13
-8.43142e-13
-6.91307e-10
-7.21674e-11
3.57032e-11
-9.93111e-10
7.75251e-11
-3.96051e-10
3.88529e-12
-1.51486e-10
3.73142e-11
-2.49114e-10
5.74207e-11
-3.85624e-10
-4.55038e-11
-1.05668e-09
-1.08781e-09
-8.93519e-11
-6.27398e-10
-8.969e-10
-4.78768e-10
-6.43905e-10
-1.36675e-09
4.3443e-10
-3.1069e-10
-9.71509e-10
7.48201e-10
-4.23563e-10
-1.08095e-09
-1.04457e-09
-1.60854e-09
-2.29155e-11
-5.30425e-10
-6.64136e-10
-3.11713e-10
-3.7298e-10
-7.89671e-10
1.37983e-10
-1.86561e-10
-1.65456e-09
3.86953e-10
-1.58699e-10
-8.86463e-10
-9.42451e-10
-1.93802e-09
9.60789e-11
-2.61208e-10
-1.01045e-09
-1.37191e-10
-2.19658e-10
-7.73309e-10
4.48374e-11
-2.98851e-11
-4.93051e-10
3.8388e-10
-2.50067e-11
-1.18474e-09
-3.01858e-10
-8.58922e-10
1.45193e-10
1.12381e-10
-1.05504e-09
-2.44643e-10
-2.03435e-10
-1.12207e-09
-2.09592e-11
3.5096e-11
-9.79972e-10
4.95301e-10
-1.37642e-10
-1.39674e-09
-1.63474e-10
-6.66467e-10
9.88929e-11
-5.05633e-10
5.99577e-11
-4.69273e-10
5.63823e-11
-4.47708e-10
1.46917e-10
-1.2304e-09
-1.21279e-09
1.47862e-10
1.92749e-11
-1.06404e-09
1.23084e-10
-1.14205e-10
-1.22777e-09
1.23705e-10
2.20666e-11
-9.94196e-10
1.79329e-10
-3.27831e-11
-1.10379e-09
-6.57091e-11
-1.50005e-09
1.82925e-10
9.13336e-11
-9.19119e-10
2.81402e-10
-1.14847e-11
-9.90867e-10
4.39628e-11
-2.67797e-10
-1.12726e-09
1.45154e-11
6.2476e-11
-9.52274e-10
-3.6699e-10
-1.38363e-09
-5.17898e-11
2.38135e-11
-8.91139e-10
7.90591e-11
-3.32751e-12
-9.12315e-10
2.1519e-10
-1.33398e-10
-7.63579e-10
7.34073e-11
1.98491e-11
-1.00034e-09
-2.00369e-10
-9.20257e-10
-4.27949e-11
7.68663e-12
-9.96118e-10
1.52946e-11
-6.54803e-11
-1.11801e-09
-3.43782e-11
-1.17621e-10
-9.46076e-10
-1.51713e-10
-1.6219e-10
-1.09736e-09
-5.68676e-11
-8.95543e-10
-1.40536e-11
-7.07779e-10
1.37605e-10
-7.28237e-10
2.93908e-10
-7.40833e-10
7.41798e-11
-9.79833e-10
-9.66105e-10
2.85899e-11
-8.38947e-11
-1.00873e-09
-2.87254e-12
-1.08552e-10
-1.08776e-09
8.84913e-11
-6.41013e-11
-1.02146e-09
1.36801e-10
-8.02583e-11
-1.07184e-09
-1.38619e-10
-1.20435e-09
3.97706e-11
-6.6524e-11
-9.7626e-10
2.43592e-11
-7.22073e-11
-1.0118e-09
5.17595e-11
-1.19405e-10
-1.09935e-09
8.33832e-11
-5.09554e-11
-1.0132e-09
-2.15559e-10
-1.17229e-09
1.25257e-11
-3.77267e-11
-9.32462e-10
1.91635e-11
-4.0063e-11
-9.51097e-10
8.56795e-11
-5.82069e-11
-8.91293e-10
9.21993e-11
-3.60412e-11
-1.02177e-09
-1.15554e-10
-9.82117e-10
-9.4854e-13
2.87328e-12
-1.03577e-09
-3.80678e-11
-5.88535e-11
-1.0621e-09
-8.93004e-12
-3.42492e-11
-9.99172e-10
2.50143e-11
-9.35726e-11
-1.07378e-09
-7.21978e-11
-9.6279e-10
2.59988e-11
-8.33638e-10
6.30034e-11
-8.44673e-10
1.01759e-10
-8.53387e-10
6.6596e-11
-9.73123e-10
-9.61404e-10
2.69934e-11
-2.68037e-11
-1.00892e-09
1.9776e-11
-3.85153e-11
-1.04202e-09
4.62028e-11
-2.55636e-11
-1.02232e-09
5.63324e-11
-3.26606e-11
-1.04931e-09
-5.2966e-11
-1.10241e-09
2.498e-11
-2.6892e-11
-1.00115e-09
3.05228e-11
-3.71744e-11
-1.01868e-09
1.96054e-11
-6.87966e-11
-1.0452e-09
2.92855e-11
-3.02045e-11
-1.02534e-09
-9.91192e-11
-1.08013e-09
1.40366e-11
-1.6553e-11
-9.56838e-10
2.40652e-11
-2.51642e-11
-9.73136e-10
5.32199e-11
-3.78613e-11
-9.51382e-10
4.17899e-11
-2.86102e-11
-1.01193e-09
-6.30557e-11
-9.98951e-10
-6.25939e-12
-1.93907e-11
-1.02667e-09
-1.18385e-11
-4.32266e-11
-1.03846e-09
-6.29969e-12
-3.72102e-11
-1.00536e-09
-3.91662e-12
-6.60302e-11
-1.03874e-09
-4.87421e-11
-9.90442e-10
1.19734e-11
-9.05459e-10
3.66236e-11
-9.12978e-10
5.76992e-11
-9.19602e-10
3.43846e-11
-9.72074e-10
-9.68065e-10
1.41954e-11
-1.57879e-11
-1.00733e-09
1.38682e-11
-1.95415e-11
-1.02215e-09
2.60806e-11
-1.71101e-11
-1.01742e-09
2.80822e-11
-1.86077e-11
-1.03271e-09
-2.83692e-11
-1.05282e-09
1.11348e-11
-2.08834e-11
-1.00719e-09
1.40231e-11
-2.47075e-11
-1.01641e-09
1.25951e-11
-3.72404e-11
-1.02364e-09
1.67481e-11
-2.46011e-11
-1.0235e-09
-5.03224e-11
-1.04022e-09
1.0568e-11
-1.29682e-11
-9.75321e-10
1.59515e-11
-1.77179e-11
-9.85509e-10
2.9647e-11
-2.33427e-11
-9.78975e-10
2.37829e-11
-2.27696e-11
-1.0079e-09
-3.6358e-11
-1.00425e-09
-3.16171e-12
-1.83205e-11
-1.01816e-09
-6.62412e-12
-2.97504e-11
-1.02296e-09
-2.60798e-12
-2.59552e-11
-1.00677e-09
-4.41611e-13
-4.1812e-11
-1.02186e-09
-3.30432e-11
-9.9965e-10
8.21433e-12
-9.4642e-10
1.97672e-11
-9.50677e-10
2.94946e-11
-9.55052e-10
2.05408e-11
-9.79502e-10
-9.79207e-10
7.8473e-12
-9.10482e-12
-1.00607e-09
9.16063e-12
-1.04681e-11
-1.013e-09
1.48589e-11
-1.048e-11
-1.01264e-09
1.42999e-11
-1.0847e-11
-1.0213e-09
-1.52149e-11
-1.02921e-09
5.68713e-12
-1.45087e-11
-1.00747e-09
7.19373e-12
-1.6258e-11
-1.01212e-09
8.37249e-12
-2.13902e-11
-1.01391e-09
9.04011e-12
-1.75887e-11
-1.01742e-09
-2.69861e-11
-1.02224e-09
6.91793e-12
-9.76477e-12
-9.86982e-10
1.02364e-11
-1.23342e-11
-9.92751e-10
1.66593e-11
-1.51389e-11
-9.9165e-10
1.34831e-11
-1.65151e-11
-1.0058e-09
-2.20582e-11
-1.00536e-09
-1.58568e-12
-1.48008e-11
-1.01154e-09
-3.12238e-12
-2.02676e-11
-1.01349e-09
-8.31449e-13
-1.85702e-11
-1.00563e-09
3.7799e-13
-2.69943e-11
-1.01259e-09
-2.24318e-11
-1.00228e-09
5.32765e-12
-9.69415e-10
1.11138e-11
-9.72185e-10
1.56443e-11
-9.75213e-10
1.20998e-11
-9.86836e-10
-9.88032e-10
4.41249e-12
-5.49946e-12
-1.00498e-09
5.78212e-12
-6.04904e-12
-1.00832e-09
8.63484e-12
-6.42228e-12
-1.00907e-09
7.94321e-12
-6.66956e-12
-1.01394e-09
-8.58197e-12
-1.01726e-09
3.05294e-12
-9.94494e-12
-1.00608e-09
4.04362e-12
-1.07713e-11
-1.00839e-09
5.67791e-12
-1.29576e-11
-1.00901e-09
5.5024e-12
-1.20146e-11
-1.0119e-09
-1.53669e-11
-1.01341e-09
4.23504e-12
-7.34992e-12
-9.93813e-10
6.31344e-12
-8.67789e-12
-9.96923e-10
9.4406e-12
-1.02308e-11
-9.97504e-10
7.77096e-12
-1.16115e-11
-1.00453e-09
-1.40105e-11
-1.00509e-09
-6.47511e-13
-1.12502e-11
-1.00699e-09
-1.20502e-12
-1.38479e-11
-1.00777e-09
1.9663e-13
-1.32203e-11
-1.00404e-09
8.59303e-13
-1.76136e-11
-1.00725e-09
-1.52675e-11
-1.00264e-09
3.35647e-12
-9.82681e-10
6.33891e-12
-9.84506e-10
8.42913e-12
-9.86669e-10
7.07622e-12
-9.92242e-10
-9.93761e-10
2.52078e-12
-3.45951e-12
-1.00405e-09
3.59523e-12
-3.71102e-12
-1.00568e-09
5.10246e-12
-4.02436e-12
-1.00656e-09
4.64876e-12
-4.24521e-12
-1.00924e-09
-5.12057e-12
-1.01084e-09
1.76874e-12
-6.78162e-12
-1.00453e-09
2.53589e-12
-7.19302e-12
-1.00568e-09
3.72783e-12
-8.15159e-12
-1.00608e-09
3.58101e-12
-8.06964e-12
-1.00793e-09
-9.22756e-12
-1.00865e-09
2.48955e-12
-5.48448e-12
-9.976e-10
3.79282e-12
-6.18778e-12
-9.99231e-10
5.35948e-12
-7.10558e-12
-1.00012e-09
4.5182e-12
-8.13696e-12
-1.00362e-09
-9.27368e-12
-1.00437e-09
-1.51646e-13
-8.27925e-12
-1.00404e-09
-1.8933e-13
-9.53236e-12
-1.00438e-09
7.20373e-13
-9.37416e-12
-1.00268e-09
1.06582e-12
-1.16262e-11
-1.00411e-09
-1.04837e-11
-1.00231e-09
1.95443e-12
-9.90565e-10
3.61797e-12
-9.91632e-10
4.55177e-12
-9.93066e-10
4.10305e-12
-9.95766e-10
-9.97109e-10
1.45986e-12
-2.26735e-12
-1.00324e-09
2.2334e-12
-2.39942e-12
-1.00406e-09
3.06042e-12
-2.60793e-12
-1.00477e-09
2.84725e-12
-2.8024e-12
-1.00623e-09
-3.21521e-12
-1.00715e-09
1.08566e-12
-4.63233e-12
-1.00325e-09
1.68362e-12
-4.85281e-12
-1.00382e-09
2.46649e-12
-5.27094e-12
-1.0042e-09
2.41215e-12
-5.39085e-12
-1.00529e-09
-5.79521e-12
-1.00586e-09
1.42768e-12
-4.0989e-12
-9.99561e-10
2.23895e-12
-4.48981e-12
-1.0004e-09
3.04341e-12
-5.03964e-12
-1.00115e-09
2.66321e-12
-5.74828e-12
-1.00289e-09
-6.36507e-12
-1.00354e-09
1.05513e-13
-6.00816e-12
-1.00224e-09
2.15287e-13
-6.61351e-12
-1.00237e-09
8.4953e-13
-6.63261e-12
-1.00172e-09
1.06918e-12
-7.7643e-12
-1.00231e-09
-7.26492e-12
-1.00186e-09
1.0912e-12
-9.95094e-10
2.02277e-12
-9.95694e-10
2.42302e-12
-9.96588e-10
2.3823e-12
-9.979e-10
-9.98852e-10
8.58875e-13
-1.54488e-12
-1.00255e-09
1.40076e-12
-1.62438e-12
-1.00297e-09
1.86631e-12
-1.75858e-12
-1.00348e-09
1.8208e-12
-1.91229e-12
-1.00427e-09
-2.0944e-12
-1.00488e-09
6.91935e-13
-3.17464e-12
-1.00231e-09
1.15494e-12
-3.29555e-12
-1.00261e-09
1.63375e-12
-3.47807e-12
-1.00295e-09
1.64336e-12
-3.60554e-12
-1.0036e-09
-3.78177e-12
-1.0041e-09
8.08052e-13
-3.08073e-12
-1.00046e-09
1.31682e-12
-3.31282e-12
-1.0009e-09
1.73887e-12
-3.64385e-12
-1.00141e-09
1.61665e-12
-4.11768e-12
-1.00225e-09
-4.48848e-12
-1.00275e-09
1.97082e-13
-4.32374e-12
-1.00119e-09
3.73371e-13
-4.62141e-12
-1.00124e-09
7.786e-13
-4.67828e-12
-1.00109e-09
9.47861e-13
-5.24326e-12
-1.00136e-09
-5.06642e-12
-1.00146e-09
5.86842e-13
-9.9761e-10
1.09779e-12
-9.9793e-10
1.24983e-12
-9.98451e-10
1.36474e-12
-9.99087e-10
-9.99673e-10
5.17168e-13
-1.09485e-12
-1.00197e-09
8.91785e-13
-1.14728e-12
-1.0022e-09
1.17024e-12
-1.23035e-12
-1.00253e-09
1.20472e-12
-1.32092e-12
-1.00298e-09
-1.40394e-12
-1.0034e-09
4.51465e-13
-2.18063e-12
-1.00168e-09
7.95282e-13
-2.24581e-12
-1.00186e-09
1.07466e-12
-2.33581e-12
-1.00213e-09
1.12139e-12
-2.44131e-12
-1.00253e-09
-2.55216e-12
-1.0029e-09
4.60184e-13
-2.33579e-12
-1.00077e-09
7.86477e-13
-2.47938e-12
-1.00099e-09
1.02102e-12
-2.68369e-12
-1.00129e-09
1.03303e-12
-2.98909e-12
-1.00172e-09
-3.20568e-12
-1.00206e-09
1.95807e-13
-3.09157e-12
-1.00063e-09
3.93054e-13
-3.24527e-12
-1.00067e-09
6.2522e-13
-3.28886e-12
-1.00072e-09
7.7158e-13
-3.59142e-12
-1.0009e-09
-3.56191e-12
-1.00112e-09
3.07449e-13
-9.9893e-10
5.91767e-13
-9.99091e-10
6.5532e-13
-9.99375e-10
7.92708e-13
-9.99659e-10
-1e-09
3.21728e-13
-7.95333e-13
-1.0015e-09
5.75741e-13
-8.24855e-13
-1.00163e-09
7.54428e-13
-8.67917e-13
-1.00184e-09
8.07073e-13
-9.1707e-13
-1.00212e-09
-9.63181e-13
-1.00239e-09
2.94809e-13
-1.5087e-12
-1.00126e-09
5.329e-13
-1.54867e-12
-1.00137e-09
7.05545e-13
-1.60867e-12
-1.00156e-09
7.61496e-13
-1.68944e-12
-1.00181e-09
-1.76613e-12
-1.00207e-09
2.71737e-13
-1.78631e-12
-1.00076e-09
4.85334e-13
-1.87535e-12
-1.00088e-09
6.35289e-13
-2.00041e-12
-1.00105e-09
6.88749e-13
-2.17165e-12
-1.00129e-09
-2.28978e-12
-1.00152e-09
1.66429e-13
-2.20254e-12
-1.00038e-09
3.34976e-13
-2.28542e-12
-1.00043e-09
4.62445e-13
-2.32526e-12
-1.00052e-09
5.60827e-13
-2.50751e-12
-1.00066e-09
-2.54022e-12
-1.00084e-09
1.62976e-13
-9.99559e-10
3.30163e-13
-9.99633e-10
3.6992e-13
-9.99778e-10
4.89204e-13
-9.99899e-10
-1.0001e-09
2.0587e-13
-5.74662e-13
-1.00113e-09
3.76014e-13
-5.90524e-13
-1.00121e-09
4.95335e-13
-6.14432e-13
-1.00134e-09
5.42657e-13
-6.43784e-13
-1.00152e-09
-6.7219e-13
-1.0017e-09
1.92064e-13
-1.06791e-12
-1.00096e-09
3.52579e-13
-1.09506e-12
-1.00103e-09
4.66709e-13
-1.13644e-12
-1.00115e-09
5.14778e-13
-1.19101e-12
-1.00131e-09
-1.24255e-12
-1.00149e-09
1.70465e-13
-1.36008e-12
-1.00064e-09
3.13667e-13
-1.4095e-12
-1.0007e-09
4.15228e-13
-1.4771e-12
-1.00081e-09
4.64172e-13
-1.56878e-12
-1.00096e-09
-1.63978e-12
-1.00111e-09
1.25314e-13
-1.58132e-12
-1.00029e-09
2.45081e-13
-1.63076e-12
-1.00033e-09
3.25874e-13
-1.67338e-12
-1.0004e-09
3.89214e-13
-1.78842e-12
-1.00051e-09
-1.83522e-12
-1.00064e-09
9.53437e-14
-9.99819e-10
2.01081e-13
-9.99852e-10
2.35675e-13
-9.99928e-10
3.21185e-13
-9.99993e-10
-1.00011e-09
1.34325e-13
-4.15069e-13
-1.00085e-09
2.48442e-13
-4.24483e-13
-1.0009e-09
3.29749e-13
-4.38861e-13
-1.00099e-09
3.67424e-13
-4.57099e-13
-1.0011e-09
-4.75349e-13
-1.00122e-09
1.26323e-13
-7.71179e-13
-1.00073e-09
2.34456e-13
-7.88607e-13
-1.00077e-09
3.12019e-13
-8.15341e-13
-1.00085e-09
3.49529e-13
-8.50212e-13
-1.00096e-09
-8.84421e-13
-1.00107e-09
1.11837e-13
-1.01572e-12
-1.00051e-09
2.08629e-13
-1.04268e-12
-1.00055e-09
2.78374e-13
-1.08102e-12
-1.00062e-09
3.15712e-13
-1.13406e-12
-1.00071e-09
-1.18046e-12
-1.00081e-09
8.8475e-14
-1.15722e-12
-1.00023e-09
1.70434e-13
-1.18856e-12
-1.00026e-09
2.26866e-13
-1.22406e-12
-1.00032e-09
2.68157e-13
-1.2936e-12
-1.00039e-09
-1.33565e-12
-1.00048e-09
6.36238e-14
-9.99919e-10
1.33342e-13
-9.99938e-10
1.64146e-13
-9.99983e-10
2.18055e-13
-1.00003e-09
-1.0001e-09
8.90099e-14
-3.01409e-13
-1.00064e-09
1.66006e-13
-3.07199e-13
-1.00067e-09
2.21946e-13
-3.16124e-13
-1.00073e-09
2.50566e-13
-3.27626e-13
-1.0008e-09
-3.39554e-13
-1.00088e-09
8.41778e-14
-5.62345e-13
-1.00055e-09
1.5734e-13
-5.73327e-13
-1.00058e-09
2.10746e-13
-5.90274e-13
-1.00063e-09
2.38874e-13
-6.12302e-13
-1.0007e-09
-6.34914e-13
-1.00078e-09
7.50489e-14
-7.51525e-13
-1.00039e-09
1.40859e-13
-7.67469e-13
-1.00042e-09
1.89281e-13
-7.91031e-13
-1.00047e-09
2.16509e-13
-8.23126e-13
-1.00053e-09
-8.54022e-13
-1.0006e-09
6.1541e-14
-8.57099e-13
-1.00019e-09
1.17594e-13
-8.76429e-13
-1.00021e-09
1.57901e-13
-9.01686e-13
-1.00025e-09
1.85334e-13
-9.43038e-13
-1.0003e-09
-9.75582e-13
-1.00036e-09
4.54471e-14
-9.99961e-10
9.20854e-14
-9.99975e-10
1.18392e-13
-1e-09
1.50445e-13
-1.00004e-09
-1.00009e-09
5.97443e-14
-2.19983e-13
-1.00048e-09
1.1205e-13
-2.23603e-13
-1.0005e-09
1.50714e-13
-2.29266e-13
-1.00054e-09
1.71896e-13
-2.3655e-13
-1.00059e-09
-2.4439e-13
-1.00064e-09
5.67819e-14
-4.12133e-13
-1.00041e-09
1.06554e-13
-4.19107e-13
-1.00043e-09
1.4361e-13
-4.29814e-13
-1.00047e-09
1.64224e-13
-4.43796e-13
-1.00052e-09
-4.58722e-13
-1.00057e-09
5.10516e-14
-5.5532e-13
-1.0003e-09
9.61254e-14
-5.6514e-13
-1.00032e-09
1.29934e-13
-5.79988e-13
-1.00035e-09
1.49514e-13
-5.99907e-13
-1.00039e-09
-6.20401e-13
-1.00044e-09
4.28931e-14
-6.36915e-13
-1.00015e-09
8.15063e-14
-6.48794e-13
-1.00016e-09
1.10307e-13
-6.65736e-13
-1.00019e-09
1.28931e-13
-6.90646e-13
-1.00022e-09
-7.1389e-13
-1.00026e-09
3.30201e-14
-9.99982e-10
6.46748e-14
-9.99992e-10
8.59472e-14
-1.00001e-09
1.05143e-13
-1.00004e-09
-1.00007e-09
4.05376e-14
-1.61158e-13
-1.00036e-09
7.62798e-14
-1.63487e-13
-1.00037e-09
1.03164e-13
-1.67092e-13
-1.0004e-09
1.18559e-13
-1.71767e-13
-1.00043e-09
-1.76978e-13
-1.00047e-09
3.8668e-14
-3.02966e-13
-1.00031e-09
7.27889e-14
-3.07439e-13
-1.00032e-09
9.86055e-14
-3.14221e-13
-1.00035e-09
1.1348e-13
-3.23166e-13
-1.00038e-09
-3.32991e-13
-1.00042e-09
3.50544e-14
-4.10455e-13
-1.00023e-09
6.61832e-14
-4.16637e-13
-1.00024e-09
8.98135e-14
-4.26091e-13
-1.00026e-09
1.03762e-13
-4.38667e-13
-1.00029e-09
-4.52168e-13
-1.00032e-09
3.00243e-14
-4.73368e-13
-1.00012e-09
5.6865e-14
-4.80803e-13
-1.00013e-09
7.73506e-14
-4.91867e-13
-1.00015e-09
9.02771e-14
-5.07221e-13
-1.00017e-09
-5.23025e-13
-1.0002e-09
2.39472e-14
-9.99992e-10
4.59356e-14
-9.99999e-10
6.21977e-14
-1.00001e-09
7.43781e-14
-1.00003e-09
-1.00005e-09
2.77633e-14
-1.18369e-13
-1.00027e-09
5.23497e-14
-1.19917e-13
-1.00028e-09
7.11504e-14
-1.22206e-13
-1.00029e-09
8.2229e-14
-1.25252e-13
-1.00032e-09
-1.28741e-13
-1.00034e-09
2.65436e-14
-2.23157e-13
-1.00023e-09
5.01481e-14
-2.26034e-13
-1.00024e-09
6.81948e-14
-2.30371e-13
-1.00026e-09
7.8847e-14
-2.36123e-13
-1.00028e-09
-2.42557e-13
-1.0003e-09
2.42672e-14
-3.03456e-13
-1.00017e-09
4.58886e-14
-3.07453e-13
-1.00018e-09
6.24712e-14
-3.13484e-13
-1.00019e-09
7.24473e-14
-3.21505e-13
-1.00021e-09
-3.30393e-13
-1.00024e-09
2.10856e-14
-3.51584e-13
-1.00009e-09
3.99529e-14
-3.56328e-13
-1.0001e-09
5.45105e-14
-3.63438e-13
-1.00011e-09
6.36011e-14
-3.73106e-13
-1.00013e-09
-3.83607e-13
-1.00015e-09
1.72884e-14
-9.99997e-10
3.29426e-14
-1e-09
4.49233e-14
-1.00001e-09
5.30948e-14
-1.00002e-09
-1.00004e-09
1.91533e-14
-8.71251e-14
-1.0002e-09
3.62269e-14
-8.81467e-14
-1.00021e-09
4.94251e-14
-8.96018e-14
-1.00022e-09
5.73744e-14
-9.15784e-14
-1.00023e-09
-9.3884e-14
-1.00025e-09
1.83675e-14
-1.64551e-13
-1.00017e-09
3.48097e-14
-1.66422e-13
-1.00018e-09
4.74741e-14
-1.69217e-13
-1.00019e-09
5.51056e-14
-1.72926e-13
-1.00021e-09
-1.77106e-13
-1.00022e-09
1.69252e-14
-2.24378e-13
-1.00013e-09
3.20616e-14
-2.26988e-13
-1.00013e-09
4.37876e-14
-2.30817e-13
-1.00014e-09
5.09464e-14
-2.35982e-13
-1.00016e-09
-2.41841e-13
-1.00017e-09
1.48951e-14
-2.60891e-13
-1.00007e-09
2.82933e-14
-2.6393e-13
-1.00007e-09
3.86545e-14
-2.68472e-13
-1.00008e-09
4.51076e-14
-2.74629e-13
-1.00009e-09
-2.81552e-13
-1.00011e-09
1.25283e-14
-1e-09
2.38192e-14
-1e-09
3.25373e-14
-1.00001e-09
3.81851e-14
-1.00002e-09
-1.00003e-09
1.32934e-14
-6.42272e-14
-1.00015e-09
2.52655e-14
-6.48705e-14
-1.00015e-09
3.45321e-14
-6.58058e-14
-1.00016e-09
4.02051e-14
-6.70675e-14
-1.00017e-09
-6.85401e-14
-1.00018e-09
1.28206e-14
-1.21397e-13
-1.00013e-09
2.43625e-14
-1.22629e-13
-1.00013e-09
3.33072e-14
-1.2442e-13
-1.00014e-09
3.87654e-14
-1.26827e-13
-1.00015e-09
-1.2952e-13
-1.00016e-09
1.18947e-14
-1.65904e-13
-1.0001e-09
2.26024e-14
-1.67574e-13
-1.0001e-09
3.09176e-14
-1.70027e-13
-1.00011e-09
3.60821e-14
-1.73364e-13
-1.00012e-09
-1.77228e-13
-1.00013e-09
1.06402e-14
-1.93396e-13
-1.00005e-09
2.01902e-14
-1.95353e-13
-1.00006e-09
2.75994e-14
-1.98275e-13
-1.00006e-09
3.22242e-14
-2.02214e-13
-1.00007e-09
-2.0677e-13
-1.00008e-09
9.16523e-15
-1e-09
1.73098e-14
-1e-09
2.36809e-14
-1.00001e-09
2.76626e-14
-1.00001e-09
-1.00002e-09
9.30781e-15
-4.73659e-14
-1.00011e-09
1.77552e-14
-4.77725e-14
-1.00011e-09
2.42823e-14
-4.83751e-14
-1.00012e-09
2.83158e-14
-4.91772e-14
-1.00013e-09
-5.00812e-14
-1.00013e-09
9.02559e-15
-8.9585e-14
-1.0001e-09
1.71794e-14
-9.03873e-14
-1.0001e-09
2.35087e-14
-9.15373e-14
-1.0001e-09
2.74412e-14
-9.31027e-14
-1.00011e-09
-9.48414e-14
-1.00012e-09
8.4425e-15
-1.22623e-13
-1.00007e-09
1.60501e-14
-1.23707e-13
-1.00007e-09
2.19525e-14
-1.25299e-13
-1.00008e-09
2.57134e-14
-1.27439e-13
-1.00009e-09
-1.29987e-13
-1.00009e-09
7.66118e-15
-1.43244e-13
-1.00004e-09
1.4485e-14
-1.44532e-13
-1.00004e-09
1.98243e-14
-1.46432e-13
-1.00005e-09
2.31727e-14
-1.48969e-13
-1.00005e-09
-1.51965e-13
-1.00006e-09
6.71898e-15
-1e-09
1.26073e-14
-1e-09
1.7292e-14
-1.00001e-09
2.01699e-14
-1.00001e-09
-1.00002e-09
6.57811e-15
-3.49186e-14
-1.00008e-09
1.25304e-14
-3.51847e-14
-1.00008e-09
1.71468e-14
-3.55707e-14
-1.00009e-09
2.00588e-14
-3.60911e-14
-1.00009e-09
-3.66386e-14
-1.0001e-09
6.40314e-15
-6.6105e-14
-1.00007e-09
1.21639e-14
-6.66325e-14
-1.00007e-09
1.66464e-14
-6.73857e-14
-1.00008e-09
1.95368e-14
-6.83942e-14
-1.00008e-09
-6.95443e-14
-1.00009e-09
6.03514e-15
-9.05903e-14
-1.00005e-09
1.14253e-14
-9.13358e-14
-1.00006e-09
1.56426e-14
-9.23633e-14
-1.00006e-09
1.83977e-14
-9.3732e-14
-1.00006e-09
-9.53971e-14
-1.00007e-09
5.50902e-15
-1.06025e-13
-1.00003e-09
1.04169e-14
-1.06882e-13
-1.00003e-09
1.42816e-14
-1.08115e-13
-1.00003e-09
1.67433e-14
-1.09758e-13
-1.00004e-09
-1.11734e-13
-1.00004e-09
4.90264e-15
-1e-09
9.19551e-15
-1e-09
1.26332e-14
-1e-09
1.47543e-14
-1.00001e-09
-1.00001e-09
4.68363e-15
-2.57177e-14
-1.00006e-09
8.85253e-15
-2.59025e-14
-1.00006e-09
1.21229e-14
-2.61633e-14
-1.00006e-09
1.42639e-14
-2.65015e-14
-1.00007e-09
-2.68629e-14
-1.00007e-09
4.56547e-15
-4.87703e-14
-1.00005e-09
8.60578e-15
-4.91382e-14
-1.00005e-09
1.17995e-14
-4.96263e-14
-1.00006e-09
1.3922e-14
-5.02745e-14
-1.00006e-09
-5.1062e-14
-1.00006e-09
4.31384e-15
-6.69178e-14
-1.00004e-09
8.12844e-15
-6.74291e-14
-1.00004e-09
1.11539e-14
-6.80878e-14
-1.00004e-09
1.31412e-14
-6.89783e-14
-1.00005e-09
-7.00598e-14
-1.00005e-09
3.96086e-15
-7.83918e-14
-1.00002e-09
7.48312e-15
-7.89703e-14
-1.00002e-09
1.02688e-14
-7.97732e-14
-1.00003e-09
1.20699e-14
-8.0854e-14
-1.00003e-09
-8.21776e-14
-1.00003e-09
3.56539e-15
-1e-09
6.68981e-15
-1e-09
9.17996e-15
-1e-09
1.0726e-14
-1.00001e-09
-1.00001e-09
3.35029e-15
-1.89227e-14
-1.00004e-09
6.2403e-15
-1.90728e-14
-1.00005e-09
8.56582e-15
-1.92553e-14
-1.00005e-09
1.01154e-14
-1.94732e-14
-1.00005e-09
-1.97428e-14
-1.00005e-09
3.24889e-15
-3.5996e-14
-1.00004e-09
6.06913e-15
-3.62499e-14
-1.00004e-09
8.35837e-15
-3.65489e-14
-1.00004e-09
9.8612e-15
-3.69633e-14
-1.00004e-09
-3.74961e-14
-1.00005e-09
3.07923e-15
-4.9435e-14
-1.00003e-09
5.77768e-15
-4.97634e-14
-1.00003e-09
7.94505e-15
-5.01848e-14
-1.00003e-09
9.33272e-15
-5.07683e-14
-1.00003e-09
-5.14624e-14
-1.00004e-09
2.86651e-15
-5.79024e-14
-1.00002e-09
5.36678e-15
-5.83206e-14
-1.00002e-09
7.3648e-15
-5.8843e-14
-1.00002e-09
8.6482e-15
-5.95573e-14
-1.00002e-09
-6.04238e-14
-1.00002e-09
2.58194e-15
-1e-09
4.8512e-15
-1e-09
6.64188e-15
-1e-09
7.7636e-15
-1e-09
-1.00001e-09
2.39208e-15
-1.39333e-14
-1.00003e-09
4.38832e-15
-1.40649e-14
-1.00003e-09
6.06403e-15
-1.41781e-14
-1.00004e-09
7.13996e-15
-1.4318e-14
-1.00004e-09
-1.4498e-14
-1.00004e-09
2.29759e-15
-2.65958e-14
-1.00003e-09
4.28475e-15
-2.67525e-14
-1.00003e-09
5.93141e-15
-2.69237e-14
-1.00003e-09
6.97334e-15
-2.71653e-14
-1.00003e-09
-2.74816e-14
-1.00004e-09
2.20255e-15
-3.65285e-14
-1.00002e-09
4.11869e-15
-3.67359e-14
-1.00002e-09
5.68954e-15
-3.69842e-14
-1.00002e-09
6.66178e-15
-3.73429e-14
-1.00003e-09
-3.77522e-14
-1.00003e-09
2.08111e-15
-4.28089e-14
-1.00001e-09
3.87925e-15
-4.31037e-14
-1.00001e-09
5.33237e-15
-4.3412e-14
-1.00001e-09
6.26315e-15
-4.38487e-14
-1.00002e-09
-4.43621e-14
-1.00002e-09
1.88358e-15
-1e-09
3.57275e-15
-1e-09
4.88558e-15
-1e-09
5.73579e-15
-1e-09
-1.00001e-09
1.70211e-15
-1.02915e-14
-1.00002e-09
3.11459e-15
-1.03874e-14
-1.00003e-09
4.33824e-15
-1.04447e-14
-1.00003e-09
5.08502e-15
-1.05222e-14
-1.00003e-09
-1.0609e-14
-1.00003e-09
1.6352e-15
-1.96737e-14
-1.00002e-09
3.06581e-15
-1.9767e-14
-1.00002e-09
4.26681e-15
-1.98528e-14
-1.00002e-09
5.0106e-15
-1.99742e-14
-1.00002e-09
-2.01251e-14
-1.00003e-09
1.58693e-15
-2.7025e-14
-1.00002e-09
2.98363e-15
-2.71571e-14
-1.00002e-09
4.14361e-15
-2.72872e-14
-1.00002e-09
4.86425e-15
-2.74836e-14
-1.00002e-09
-2.76907e-14
-1.00002e-09
1.51852e-15
-3.17431e-14
-1.00001e-09
2.86119e-15
-3.19199e-14
-1.00001e-09
3.94836e-15
-3.20709e-14
-1.00001e-09
4.6645e-15
-3.23041e-14
-1.00001e-09
-3.25654e-14
-1.00001e-09
1.41123e-15
-1e-09
2.70987e-15
-1e-09
3.70536e-15
-1e-09
4.36779e-15
-1e-09
-1e-09
1.22919e-15
-7.62348e-15
-1.00002e-09
2.26951e-15
-7.67859e-15
-1.00002e-09
3.1659e-15
-7.70151e-15
-1.00002e-09
3.71094e-15
-7.73336e-15
-1.00002e-09
-7.76874e-15
-1.00002e-09
1.1959e-15
-1.45743e-14
-1.00002e-09
2.25379e-15
-1.46341e-14
-1.00002e-09
3.13829e-15
-1.46746e-14
-1.00002e-09
3.68694e-15
-1.47357e-14
-1.00002e-09
-1.48016e-14
-1.00002e-09
1.16873e-15
-2.00415e-14
-1.00001e-09
2.21607e-15
-2.01309e-14
-1.00001e-09
3.07347e-15
-2.02057e-14
-1.00001e-09
3.62449e-15
-2.03036e-14
-1.00001e-09
-2.03978e-14
-1.00002e-09
1.12665e-15
-2.36025e-14
-1.00001e-09
2.14844e-15
-2.37075e-14
-1.00001e-09
2.97667e-15
-2.37776e-14
-1.00001e-09
3.53129e-15
-2.38907e-14
-1.00001e-09
-2.3951e-14
-1.00001e-09
1.07283e-15
-1e-09
2.07803e-15
-1e-09
2.85345e-15
-1e-09
3.39967e-15
-1e-09
-1e-09
9.1257e-16
-5.65497e-15
-1.00001e-09
1.69191e-15
-5.68822e-15
-1.00001e-09
2.33944e-15
-5.69645e-15
-1.00001e-09
2.74629e-15
-5.70845e-15
-1.00002e-09
-5.73227e-15
-1.00002e-09
8.95696e-16
-1.08151e-14
-1.00001e-09
1.68891e-15
-1.08568e-14
-1.00001e-09
2.32928e-15
-1.08886e-14
-1.00001e-09
2.72955e-15
-1.09231e-14
-1.00001e-09
-1.09638e-14
-1.00001e-09
8.79016e-16
-1.48989e-14
-1.00001e-09
1.6593e-15
-1.49698e-14
-1.00001e-09
2.29053e-15
-1.50208e-14
-1.00001e-09
2.69028e-15
-1.50721e-14
-1.00001e-09
-1.51092e-14
-1.00001e-09
8.44003e-16
-1.75678e-14
-1.00001e-09
1.61547e-15
-1.76439e-14
-1.00001e-09
2.24062e-15
-1.76912e-14
-1.00001e-09
2.64473e-15
-1.77428e-14
-1.00001e-09
-1.76421e-14
-1.00001e-09
8.05816e-16
-1e-09
1.56837e-15
-1e-09
2.17431e-15
-1e-09
2.63565e-15
-1e-09
-1e-09
6.70865e-16
-4.20645e-15
-1.00001e-09
1.25376e-15
-4.22673e-15
-1.00001e-09
1.70725e-15
-4.23634e-15
-1.00001e-09
2.00112e-15
-4.24022e-15
-1.00001e-09
-4.26438e-15
-1.00001e-09
6.64104e-16
-8.02832e-15
-1.00001e-09
1.24674e-15
-8.06455e-15
-1.00001e-09
1.70405e-15
-8.09613e-15
-1.00001e-09
1.97994e-15
-8.12183e-15
-1.00001e-09
-8.16451e-15
-1.00001e-09
6.48603e-16
-1.10776e-14
-1.00001e-09
1.21706e-15
-1.1131e-14
-1.00001e-09
1.6764e-15
-1.11732e-14
-1.00001e-09
1.93656e-15
-1.1222e-14
-1.00001e-09
-1.12465e-14
-1.00001e-09
6.22359e-16
-1.30356e-14
-1e-09
1.18024e-15
-1.30981e-14
-1e-09
1.62967e-15
-1.3162e-14
-1e-09
1.89677e-15
-1.3208e-14
-1.00001e-09
-1.30806e-14
-1.00001e-09
5.90534e-16
-1e-09
1.11779e-15
-1e-09
1.57186e-15
-1e-09
1.91929e-15
-1e-09
-1e-09
4.69453e-16
-3.13299e-15
-1.00001e-09
8.95034e-16
-3.14351e-15
-1.00001e-09
1.21289e-15
-3.1533e-15
-1.00001e-09
1.41264e-15
-3.15654e-15
-1.00001e-09
-3.18382e-15
-1.00001e-09
4.69953e-16
-5.94737e-15
-1.00001e-09
8.85428e-16
-5.97702e-15
-1.00001e-09
1.21102e-15
-6.00693e-15
-1.00001e-09
1.38819e-15
-6.04417e-15
-1.00001e-09
-6.09899e-15
-1.00001e-09
4.57548e-16
-8.19874e-15
-1.00001e-09
8.56981e-16
-8.23581e-15
-1.00001e-09
1.17335e-15
-8.29621e-15
-1.00001e-09
1.3312e-15
-8.36928e-15
-1.00001e-09
-8.42652e-15
-1.00001e-09
4.40243e-16
-9.59305e-15
-1e-09
7.99786e-16
-9.66357e-15
-1e-09
1.10194e-15
-9.76934e-15
-1e-09
1.26155e-15
-9.85826e-15
-1e-09
-9.84084e-15
-1e-09
3.94846e-16
-1e-09
6.95563e-16
-1e-09
1.00435e-15
-1e-09
1.21437e-15
-1e-09
-1e-09
3.15546e-16
-2.3228e-15
-1.00001e-09
6.09345e-16
-2.32677e-15
-1.00001e-09
8.348e-16
-2.33245e-15
-1.00001e-09
9.47528e-16
-2.34995e-15
-1.00001e-09
-2.37847e-15
-1.00001e-09
3.18439e-16
-4.39492e-15
-1.00001e-09
6.03691e-16
-4.41234e-15
-1.00001e-09
8.18984e-16
-4.45094e-15
-1.00001e-09
9.20873e-16
-4.50012e-15
-1.00001e-09
-4.5515e-15
-1.00001e-09
3.13853e-16
-6.0415e-15
-1e-09
5.66578e-16
-6.08472e-15
-1e-09
7.68784e-16
-6.16924e-15
-1e-09
8.69005e-16
-6.24944e-15
-1e-09
-6.31364e-15
-1.00001e-09
2.84997e-16
-7.04306e-15
-1e-09
4.84368e-16
-7.14139e-15
-1e-09
6.89101e-16
-7.26683e-15
-1e-09
7.97475e-16
-7.36748e-15
-1e-09
-7.39512e-15
-1e-09
2.06328e-16
-1e-09
3.59175e-16
-1e-09
5.79048e-16
-1e-09
7.24283e-16
-1e-09
-1e-09
2.15414e-16
-1.71072e-15
-1e-09
3.94432e-16
-1.712e-15
-1e-09
5.2748e-16
-1.7278e-15
-1e-09
5.44612e-16
-1.76181e-15
-1.00001e-09
-1.7766e-15
-1.00001e-09
2.18924e-16
-3.26189e-15
-1e-09
3.79662e-16
-3.2831e-15
-1e-09
4.94545e-16
-3.32801e-15
-1e-09
5.31475e-16
-3.36266e-15
-1e-09
-3.36974e-15
-1.00001e-09
2.06466e-16
-4.5034e-15
-1e-09
3.36416e-16
-4.56486e-15
-1e-09
4.58159e-16
-4.63919e-15
-1e-09
5.24182e-16
-4.67773e-15
-1e-09
-4.6551e-15
-1e-09
1.55277e-16
-5.29056e-15
-1e-09
2.63713e-16
-5.39561e-15
-1e-09
4.19789e-16
-5.47598e-15
-1e-09
5.37355e-16
-5.48776e-15
-1e-09
-5.40417e-15
-1e-09
6.53779e-17
-1e-09
1.83571e-16
-1e-09
3.98237e-16
-1e-09
5.87081e-16
-1e-09
-1e-09
1.59896e-16
-1.26235e-15
-1e-09
2.19679e-16
-1.27885e-15
-1e-09
2.61192e-16
-1.31328e-15
-1e-09
2.06646e-16
-1.34412e-15
-1e-09
-1.32429e-15
-1e-09
1.46719e-16
-2.48584e-15
-1e-09
1.87932e-16
-2.52138e-15
-1e-09
2.29399e-16
-2.54804e-15
-1e-09
2.22472e-16
-2.5434e-15
-1e-09
-2.47854e-15
-1e-09
1.17079e-16
-3.47957e-15
-1e-09
1.61921e-16
-3.54049e-15
-1e-09
2.32244e-16
-3.56871e-15
-1e-09
2.827e-16
-3.53636e-15
-1e-09
-3.40046e-15
-1e-09
6.36949e-17
-4.15244e-15
-1e-09
1.35461e-16
-4.22423e-15
-1e-09
2.64968e-16
-4.22092e-15
-1e-09
4.06269e-16
-4.1139e-15
-1e-09
-3.92814e-15
-1e-09
4.69419e-18
-1e-09
1.39544e-16
-1e-09
3.6338e-16
-1e-09
5.92077e-16
-1e-09
-1e-09
1.1325e-16
-9.66293e-16
-1e-09
6.4976e-17
-1.00954e-15
-1e-09
5.19145e-17
-1.0429e-15
-1e-09
-1.67441e-17
-1.05273e-15
-1e-09
-9.94996e-16
-1e-09
7.22804e-17
-1.99121e-15
-1e-09
3.25199e-17
-2.02518e-15
-1e-09
4.2222e-17
-2.01935e-15
-1e-09
3.83762e-17
-1.97129e-15
-1e-09
-1.85724e-15
-1e-09
4.30324e-17
-2.81054e-15
-1e-09
3.94201e-17
-2.84982e-15
-1e-09
8.77161e-17
-2.82579e-15
-1e-09
1.50837e-16
-2.7374e-15
-1e-09
-2.56925e-15
-1e-09
1.00781e-17
-3.37422e-15
-1e-09
6.61584e-17
-3.40092e-15
-1e-09
1.76603e-16
-3.33438e-15
-1e-09
3.10019e-16
-3.17798e-15
-1e-09
-3.01912e-15
-1e-09
-7.35679e-18
-1e-09
1.29144e-16
-1e-09
3.15014e-16
-1e-09
5.0388e-16
-1e-09
-1e-09
4.76866e-17
-8.02555e-16
-1e-09
-5.27418e-17
-8.53735e-16
-1e-09
-7.51276e-17
-8.72704e-16
-1e-09
-9.22769e-17
-8.57068e-16
-1e-09
-7.8387e-16
-1e-09
-1.17093e-18
-1.67151e-15
-1e-09
-7.08988e-17
-1.6922e-15
-1e-09
-5.91976e-17
-1.66228e-15
-1e-09
-1.79194e-17
-1.58905e-15
-1e-09
-1.47806e-15
-1e-09
-1.85827e-17
-2.34838e-15
-1e-09
-4.12586e-17
-2.36273e-15
-1e-09
1.02471e-17
-2.30402e-15
-1e-09
9.42418e-17
-2.19597e-15
-1e-09
-2.07253e-15
-1e-09
-2.81395e-17
-2.78951e-15
-1e-09
2.14831e-17
-2.78417e-15
-1e-09
1.19123e-16
-2.69823e-15
-1e-09
2.22066e-16
-2.55548e-15
-1e-09
-2.43778e-15
-1e-09
-1.66667e-17
-1e-09
1.00525e-16
-1e-09
2.33057e-16
-1e-09
3.89062e-16
-1e-09
-1e-09
-2.10243e-17
-7.17007e-16
-1e-09
-1.20087e-16
-7.59598e-16
-1e-09
-1.33643e-16
-7.67546e-16
-1e-09
-8.13523e-17
-7.34907e-16
-1e-09
-6.79849e-16
-1e-09
-6.22912e-17
-1.44268e-15
-1e-09
-1.28543e-16
-1.4546e-15
-1e-09
-1.01344e-16
-1.4149e-15
-1e-09
-2.73444e-17
-1.34478e-15
-1e-09
-1.28153e-15
-1e-09
-7.08683e-17
-2.00592e-15
-1e-09
-8.90696e-17
-1.99964e-15
-1e-09
-3.53842e-17
-1.93217e-15
-1e-09
4.3141e-17
-1.83709e-15
-1e-09
-1.77338e-15
-1e-09
-5.89768e-17
-2.34079e-15
-1e-09
-1.80492e-17
-2.31658e-15
-1e-09
5.87615e-17
-2.24307e-15
-1e-09
1.32206e-16
-2.13084e-15
-1e-09
-2.02182e-15
-1e-09
-2.975e-17
-1e-09
4.67244e-17
-1e-09
1.34634e-16
-1e-09
2.95449e-16
-1e-09
-1e-09
-6.91896e-17
-6.59498e-16
-1e-09
-1.49297e-16
-6.92479e-16
-1e-09
-1.52298e-16
-6.9078e-16
-1e-09
-7.7891e-17
-6.5648e-16
-1e-09
-6.37453e-16
-1e-09
-1.01265e-16
-1.26735e-15
-1e-09
-1.4885e-16
-1.27013e-15
-1e-09
-1.18145e-16
-1.2327e-15
-1e-09
-5.83054e-17
-1.18849e-15
-1e-09
-1.18263e-15
-1e-09
-9.96439e-17
-1.73431e-15
-1e-09
-1.11471e-16
-1.7132e-15
-1e-09
-7.61249e-17
-1.66251e-15
-1e-09
-3.80486e-17
-1.59984e-15
-1e-09
-1.61192e-15
-1e-09
-7.36746e-17
-1.9842e-15
-1e-09
-6.11528e-17
-1.95382e-15
-1e-09
-1.79035e-17
-1.92051e-15
-1e-09
1.69831e-17
-1.85828e-15
-1e-09
-1.76349e-15
-1e-09
-4.07091e-17
-1e-09
-3.56092e-17
-1e-09
-2.69653e-17
-1e-09
1.79341e-16
-1e-09
-1e-09
-9.1873e-17
-6.25412e-16
-1.46703e-16
-6.40559e-16
-1.33825e-16
-6.21859e-16
-8.39543e-17
-5.97594e-16
-6.02491e-16
-1.04855e-16
-1.15591e-15
-1.29495e-16
-1.14486e-15
-1.09512e-16
-1.12055e-15
-8.66662e-17
-1.10542e-15
-1.1403e-15
-8.91043e-17
-1.55235e-15
-1.05895e-16
-1.53223e-15
-9.52127e-17
-1.51195e-15
-9.97058e-17
-1.48157e-15
-1.56323e-15
-6.55752e-17
-1.75184e-15
-8.79601e-17
-1.74122e-15
-7.45811e-17
-1.75774e-15
-6.75189e-17
-1.73342e-15
-1.59302e-15
-5.41089e-17
-1.13118e-16
-1.89556e-16
1.41266e-16
)
;

boundaryField
{
    inlet
    {
        type            calculated;
        value           nonuniform List<scalar> 
25
(
-1e-09
-1e-09
-1e-09
-1e-09
-1e-09
-1e-09
-1e-09
-1e-09
-1e-09
-1e-09
-1e-09
-1e-09
-1e-09
-1e-09
-1e-09
-1e-09
-1e-09
-1e-09
-1e-09
-1e-09
-1e-09
-1e-09
-1e-09
-1e-09
-1e-09
)
;
    }
    outlet
    {
        type            calculated;
        value           nonuniform List<scalar> 
25
(
9.99998e-10
9.99998e-10
9.99998e-10
9.99999e-10
9.99999e-10
9.99998e-10
9.99998e-10
9.99999e-10
9.99999e-10
9.99999e-10
9.99998e-10
9.99999e-10
9.99999e-10
9.99999e-10
1e-09
9.99999e-10
9.99999e-10
9.99999e-10
9.99999e-10
1e-09
9.99999e-10
9.99999e-10
1e-09
1e-09
1e-09
)
;
    }
    repeat_boundary
    {
        type            calculated;
        value           uniform 0;
    }
    procBoundary0to1
    {
        type            processor;
        value           nonuniform List<scalar> 
450
(
-2.62066e-16
-2.56153e-16
-2.48531e-16
-2.51841e-16
-2.03937e-16
-6.95725e-16
-6.79397e-16
-6.68337e-16
-6.77499e-16
-5.94705e-16
-1.18888e-15
-1.16438e-15
-1.16432e-15
-1.22317e-15
-1.20921e-15
-1.76482e-15
-1.73812e-15
-1.74593e-15
-1.86886e-15
-2.07265e-15
-2.48718e-15
-2.46929e-15
-2.46858e-15
-2.61463e-15
-3.09593e-15
-3.4387e-15
-3.43612e-15
-3.43163e-15
-3.50466e-15
-3.89936e-15
-4.71655e-15
-4.72592e-15
-4.71775e-15
-4.73686e-15
-4.90491e-15
-6.44298e-15
-6.45609e-15
-6.4507e-15
-6.42296e-15
-6.34305e-15
-8.78906e-15
-8.80371e-15
-8.80373e-15
-8.75764e-15
-8.43267e-15
-1.19844e-14
-1.20037e-14
-1.2011e-14
-1.19667e-14
-1.16165e-14
-1.63294e-14
-1.63523e-14
-1.63533e-14
-1.63253e-14
-1.60785e-14
-2.22255e-14
-2.22516e-14
-2.22335e-14
-2.22132e-14
-2.21325e-14
-3.02221e-14
-3.02545e-14
-3.02158e-14
-3.01935e-14
-3.02082e-14
-4.10861e-14
-4.11264e-14
-4.10548e-14
-4.1005e-14
-4.1086e-14
-5.5891e-14
-5.59385e-14
-5.5807e-14
-5.568e-14
-5.57592e-14
-7.61034e-14
-7.61568e-14
-7.59418e-14
-7.57083e-14
-7.56748e-14
-1.03697e-13
-1.03741e-13
-1.0341e-13
-1.03029e-13
-1.02745e-13
-1.41338e-13
-1.41347e-13
-1.40835e-13
-1.40198e-13
-1.3949e-13
-1.92659e-13
-1.92613e-13
-1.91831e-13
-1.90795e-13
-1.8954e-13
-2.62647e-13
-2.62523e-13
-2.61338e-13
-2.59708e-13
-2.57772e-13
-3.58152e-13
-3.57889e-13
-3.56092e-13
-3.53553e-13
-3.50612e-13
-4.88559e-13
-4.88036e-13
-4.8531e-13
-4.81415e-13
-4.76939e-13
-6.66692e-13
-6.65738e-13
-6.61603e-13
-6.55725e-13
-6.48922e-13
-9.10066e-13
-9.0846e-13
-9.02206e-13
-8.93401e-13
-8.83003e-13
-1.24257e-12
-1.23997e-12
-1.2306e-12
-1.21747e-12
-1.20164e-12
-1.69671e-12
-1.69255e-12
-1.67874e-12
-1.65934e-12
-1.63577e-12
-2.31644e-12
-2.30989e-12
-2.29e-12
-2.26182e-12
-2.22784e-12
-3.16018e-12
-3.15018e-12
-3.12275e-12
-3.08274e-12
-3.03608e-12
-4.30316e-12
-4.28811e-12
-4.25441e-12
-4.19934e-12
-4.14228e-12
-5.83385e-12
-5.8094e-12
-5.78536e-12
-5.7105e-12
-5.6661e-12
-7.82473e-12
-7.77279e-12
-7.84055e-12
-7.72463e-12
-7.79356e-12
-1.0308e-11
-1.01874e-11
-1.05465e-11
-1.02975e-11
-1.08386e-11
-1.3272e-11
-1.30728e-11
-1.40555e-11
-1.3488e-11
-1.5353e-11
-1.6402e-11
-1.62968e-11
-1.87137e-11
-1.74054e-11
-2.24328e-11
-1.85576e-11
-1.9157e-11
-2.53723e-11
-2.15812e-11
-3.43869e-11
-1.80047e-11
-2.02446e-11
-3.18695e-11
-2.38018e-11
-5.34494e-11
-2.48159e-12
-2.73886e-11
-4.49966e-11
-4.12426e-11
-1.29497e-10
2.73129e-11
3.71585e-11
-2.68261e-11
3.93518e-11
-1.01924e-10
2.52961e-10
-1.03865e-10
-3.61317e-11
-8.35668e-11
-6.35085e-10
-1.3581e-10
4.73482e-10
-8.11546e-11
5.80111e-10
3.45194e-10
2.97056e-11
-8.10159e-11
-7.12624e-12
-2.53311e-11
-1.81014e-10
2.42044e-10
-1.02515e-10
-2.9935e-11
-9.14493e-11
-2.86494e-10
-6.04035e-10
-3.11263e-10
-6.6337e-12
-3.6947e-10
1.40566e-10
-5.30735e-10
-5.55387e-10
-5.65632e-10
-1.78322e-10
1.70165e-10
-2.21812e-10
1.76404e-10
-3.71374e-10
8.03717e-11
1.13365e-11
6.75882e-11
-1.88178e-10
-7.79355e-12
-5.78919e-11
7.85175e-10
1.94067e-10
-2.09391e-10
1.44393e-10
-4.75867e-10
1.54959e-10
-5.79812e-10
-2.00563e-11
1.96197e-10
-4.31868e-10
1.18959e-11
1.44473e-09
6.26891e-10
-5.40341e-11
9.8743e-11
-4.93704e-10
1.10483e-09
5.56628e-10
1.29273e-10
-1.83239e-10
-9.99745e-12
1.2864e-10
2.27062e-11
-2.3739e-10
-3.61625e-11
1.99932e-10
6.58385e-10
-7.11763e-11
-4.20335e-11
-3.95296e-11
-6.29566e-11
-6.30996e-10
-1.84062e-10
3.39352e-10
6.27334e-10
1.92235e-10
1.36542e-10
-2.38595e-10
-3.18787e-11
-6.61377e-11
-1.18605e-10
-2.0281e-11
-5.10146e-11
5.40542e-11
4.89067e-11
2.73639e-11
7.361e-12
-1.67186e-11
2.25604e-11
9.4215e-12
1.50383e-11
6.86312e-12
-1.21857e-12
1.51148e-11
5.4511e-12
1.30002e-11
5.9043e-12
2.83938e-12
9.67044e-12
3.38324e-12
8.98838e-12
4.57275e-12
3.44805e-12
6.14275e-12
2.47871e-12
5.68378e-12
3.35095e-12
2.93327e-12
3.8467e-12
1.94247e-12
3.35759e-12
2.37201e-12
2.20695e-12
2.40705e-12
1.51666e-12
1.85838e-12
1.64424e-12
1.56343e-12
1.53122e-12
1.12473e-12
1.03411e-12
1.12622e-12
1.0757e-12
9.9954e-13
7.88287e-13
6.15172e-13
7.6745e-13
7.32734e-13
6.67203e-13
5.40433e-13
3.98586e-13
5.24902e-13
5.01116e-13
4.54159e-13
3.75922e-13
2.75258e-13
3.61905e-13
3.4582e-13
3.13773e-13
2.63892e-13
1.96984e-13
2.50712e-13
2.39841e-13
2.18396e-13
1.8614e-13
1.43502e-13
1.74225e-13
1.66884e-13
1.52739e-13
1.31657e-13
1.04904e-13
1.21386e-13
1.16549e-13
1.06966e-13
9.32967e-14
7.63969e-14
8.47784e-14
8.16904e-14
7.51829e-14
6.62994e-14
5.54752e-14
5.94052e-14
5.73268e-14
5.30058e-14
4.72713e-14
4.02175e-14
4.1797e-14
4.03638e-14
3.75054e-14
3.38079e-14
2.91791e-14
2.94889e-14
2.85059e-14
2.66677e-14
2.42724e-14
2.13671e-14
2.08174e-14
2.01796e-14
1.90536e-14
1.74682e-14
1.5721e-14
1.47362e-14
1.43334e-14
1.36545e-14
1.25659e-14
1.14286e-14
1.04723e-14
1.02201e-14
9.77574e-15
9.01497e-15
8.21532e-15
7.44865e-15
7.29237e-15
6.95431e-15
6.4132e-15
5.86713e-15
5.29393e-15
5.19924e-15
4.93918e-15
4.55391e-15
4.19541e-15
3.76501e-15
3.71076e-15
3.55053e-15
3.30997e-15
3.082e-15
2.68158e-15
2.64948e-15
2.57349e-15
2.43577e-15
2.27906e-15
1.91262e-15
1.89191e-15
1.85891e-15
1.76763e-15
1.60189e-15
1.3566e-15
1.34294e-15
1.32722e-15
1.27642e-15
1.14435e-15
9.37637e-16
9.2226e-16
9.11426e-16
8.92882e-16
8.64708e-16
6.15808e-16
5.9675e-16
5.91266e-16
5.84549e-16
5.72554e-16
3.75736e-16
3.62926e-16
3.79559e-16
3.95099e-16
3.50191e-16
2.04756e-16
2.02704e-16
2.47656e-16
3.03042e-16
3.10658e-16
9.97796e-17
1.06047e-16
1.60502e-16
2.03926e-16
2.67753e-16
5.61081e-17
7.0267e-17
1.16981e-16
8.24989e-17
7.00554e-17
4.83496e-17
7.06529e-17
1.1155e-16
-4.41807e-17
-9.72997e-17
4.90823e-17
6.67038e-17
9.33326e-17
-1.5729e-16
-1.87319e-16
)
;
    }
    procBoundary0to2
    {
        type            processor;
        value           nonuniform List<scalar> 
450
(
-2.07086e-16
-1.99531e-16
-1.99291e-16
-2.12093e-16
-1.67814e-16
-5.42494e-16
-5.25634e-16
-5.34755e-16
-5.68993e-16
-4.96354e-16
-9.34968e-16
-9.17919e-16
-9.43662e-16
-1.03196e-15
-1.05942e-15
-1.4164e-15
-1.40442e-15
-1.4349e-15
-1.58197e-15
-1.8352e-15
-2.03739e-15
-2.03157e-15
-2.03666e-15
-2.18733e-15
-2.7212e-15
-2.84631e-15
-2.84359e-15
-2.82571e-15
-2.87245e-15
-3.27305e-15
-3.90192e-15
-3.89799e-15
-3.86276e-15
-3.83721e-15
-3.97089e-15
-5.30338e-15
-5.29741e-15
-5.25797e-15
-5.17582e-15
-5.05822e-15
-7.20543e-15
-7.20129e-15
-7.16648e-15
-7.07026e-15
-6.72418e-15
-9.8116e-15
-9.81586e-15
-9.7908e-15
-9.70703e-15
-9.36074e-15
-1.33776e-14
-1.33893e-14
-1.33647e-14
-1.33132e-14
-1.30641e-14
-1.82364e-14
-1.82514e-14
-1.82169e-14
-1.81966e-14
-1.81121e-14
-2.48365e-14
-2.48545e-14
-2.48136e-14
-2.48129e-14
-2.48371e-14
-3.38064e-14
-3.38293e-14
-3.3775e-14
-3.37569e-14
-3.38635e-14
-4.60395e-14
-4.60686e-14
-4.59697e-14
-4.58654e-14
-4.59603e-14
-6.27619e-14
-6.27923e-14
-6.26095e-14
-6.23726e-14
-6.23381e-14
-8.56105e-14
-8.56222e-14
-8.5303e-14
-8.48937e-14
-8.45851e-14
-1.16787e-13
-1.1675e-13
-1.16218e-13
-1.1554e-13
-1.14802e-13
-1.593e-13
-1.59176e-13
-1.5834e-13
-1.57254e-13
-1.55987e-13
-2.17288e-13
-2.17015e-13
-2.15748e-13
-2.14052e-13
-2.12121e-13
-2.96456e-13
-2.95937e-13
-2.9402e-13
-2.91383e-13
-2.88412e-13
-4.0466e-13
-4.03757e-13
-4.00815e-13
-3.96741e-13
-3.92118e-13
-5.52719e-13
-5.51203e-13
-5.46623e-13
-5.40359e-13
-5.33234e-13
-7.55517e-13
-7.52982e-13
-7.45834e-13
-7.36183e-13
-7.25225e-13
-1.03349e-12
-1.02923e-12
-1.01812e-12
-1.00324e-12
-9.86384e-13
-1.41471e-12
-1.40755e-12
-1.3903e-12
-1.36745e-12
-1.34171e-12
-1.93761e-12
-1.92559e-12
-1.89883e-12
-1.8639e-12
-1.82505e-12
-2.65355e-12
-2.63366e-12
-2.59255e-12
-2.53977e-12
-2.4815e-12
-3.62473e-12
-3.59404e-12
-3.53391e-12
-3.45715e-12
-3.37002e-12
-4.90521e-12
-4.8633e-12
-4.78872e-12
-4.69225e-12
-4.56167e-12
-6.5321e-12
-6.47155e-12
-6.39675e-12
-6.32096e-12
-6.11363e-12
-8.60594e-12
-8.5018e-12
-8.39485e-12
-8.45573e-12
-7.99768e-12
-1.12839e-11
-1.11657e-11
-1.08563e-11
-1.15126e-11
-1.00376e-11
-1.46085e-11
-1.47934e-11
-1.36297e-11
-1.64659e-11
-1.18266e-11
-1.83223e-11
-2.01717e-11
-1.59819e-11
-2.52992e-11
-1.235e-11
-2.09379e-11
-2.84977e-11
-1.65696e-11
-4.14069e-11
-9.65479e-12
-1.23779e-11
-3.37471e-11
-3.63506e-13
-8.01536e-11
-7.93797e-12
-2.13631e-11
-8.50015e-11
-1.57042e-11
-1.11822e-10
3.82737e-11
1.59309e-10
-5.1321e-11
1.96502e-10
-4.16073e-10
-5.17205e-11
-2.18098e-11
-3.94041e-10
-1.78494e-10
2.42685e-11
5.47202e-10
1.05954e-10
2.38188e-11
7.79264e-12
-4.66464e-11
-1.86961e-10
-2.20257e-10
2.17821e-10
-5.4863e-11
-1.11189e-10
-3.15237e-10
1.0102e-10
1.74254e-10
7.31304e-11
4.10432e-12
3.96767e-11
-1.83745e-10
1.76474e-10
2.43788e-10
-4.72033e-11
-2.49488e-11
-7.00972e-11
9.5136e-11
7.61839e-11
8.86075e-10
6.58555e-10
6.65499e-10
1.29629e-10
1.16156e-10
7.08675e-10
8.90843e-10
-8.02299e-10
-4.03074e-10
1.24199e-10
1.91193e-10
1.83325e-11
-5.53699e-10
-2.00241e-10
-1.51779e-10
1.7208e-10
-1.22858e-10
-1.84067e-10
8.73614e-11
-2.3555e-10
-3.80669e-10
-8.07963e-10
-2.94256e-10
-1.81825e-10
-9.66845e-11
-2.53466e-10
4.05891e-11
-7.4532e-13
6.54077e-11
6.09387e-11
3.52447e-10
4.05877e-10
1.31428e-10
6.45116e-11
-9.37973e-12
3.04862e-11
1.57833e-11
3.67634e-10
5.56592e-11
1.00755e-10
-5.44555e-11
-8.38091e-11
2.23886e-10
4.18252e-11
1.92011e-11
-1.93024e-10
-1.10771e-10
1.02734e-10
2.05791e-11
3.95498e-11
-6.51195e-11
-3.76661e-11
4.04566e-11
4.29205e-13
7.92896e-12
-4.37643e-11
-2.2734e-11
1.44256e-11
-3.60507e-12
-2.3186e-13
-2.54306e-11
-1.43604e-11
2.86615e-12
-4.54614e-12
-2.93977e-12
-1.61165e-11
-1.04964e-11
-1.34094e-12
-4.5099e-12
-3.85447e-12
-1.08547e-11
-8.14705e-12
-2.349e-12
-4.06947e-12
-3.91134e-12
-7.65304e-12
-6.39009e-12
-2.5701e-12
-3.48301e-12
-3.51077e-12
-5.58948e-12
-4.9975e-12
-2.39544e-12
-2.89619e-12
-2.96652e-12
-4.16989e-12
-3.91319e-12
-2.07838e-12
-2.36885e-12
-2.42807e-12
-3.15572e-12
-3.05425e-12
-1.73691e-12
-1.91157e-12
-1.96168e-12
-2.38665e-12
-2.35032e-12
-1.41747e-12
-1.51705e-12
-1.55753e-12
-1.7809e-12
-1.77495e-12
-1.1211e-12
-1.17215e-12
-1.2005e-12
-1.31343e-12
-1.3262e-12
-8.59696e-13
-8.85706e-13
-9.0715e-13
-9.65537e-13
-9.86038e-13
-6.49029e-13
-6.63345e-13
-6.79382e-13
-7.10662e-13
-7.30466e-13
-4.86663e-13
-4.95124e-13
-5.06303e-13
-5.24018e-13
-5.39508e-13
-3.63592e-13
-3.68755e-13
-3.76195e-13
-3.86761e-13
-3.97608e-13
-2.70952e-13
-2.74184e-13
-2.79008e-13
-2.85576e-13
-2.92766e-13
-2.01455e-13
-2.03589e-13
-2.06664e-13
-2.1089e-13
-2.15556e-13
-1.49531e-13
-1.50987e-13
-1.52934e-13
-1.55667e-13
-1.58586e-13
-1.10921e-13
-1.11883e-13
-1.13131e-13
-1.14873e-13
-1.16641e-13
-8.22667e-14
-8.28646e-14
-8.36773e-14
-8.47958e-14
-8.59292e-14
-6.09864e-14
-6.13513e-14
-6.18844e-14
-6.26116e-14
-6.33545e-14
-4.51871e-14
-4.54313e-14
-4.57973e-14
-4.62872e-14
-4.67564e-14
-3.34785e-14
-3.36607e-14
-3.39211e-14
-3.42597e-14
-3.46127e-14
-2.48151e-14
-2.49494e-14
-2.51184e-14
-2.53286e-14
-2.56407e-14
-1.84034e-14
-1.84983e-14
-1.85997e-14
-1.87259e-14
-1.90203e-14
-1.36525e-14
-1.37186e-14
-1.37841e-14
-1.38711e-14
-1.41314e-14
-1.01454e-14
-1.01882e-14
-1.02287e-14
-1.02735e-14
-1.04127e-14
-7.58134e-15
-7.60944e-15
-7.62944e-15
-7.63542e-15
-7.65357e-15
-5.72124e-15
-5.74349e-15
-5.74739e-15
-5.73976e-15
-5.74495e-15
-4.38027e-15
-4.39503e-15
-4.37441e-15
-4.35971e-15
-4.37604e-15
-3.42148e-15
-3.42805e-15
-3.38524e-15
-3.35517e-15
-3.32355e-15
-2.73362e-15
-2.73778e-15
-2.69785e-15
-2.69659e-15
-2.63992e-15
-2.23448e-15
-2.23752e-15
-2.2126e-15
-2.29992e-15
-2.39561e-15
-1.88326e-15
-1.87982e-15
-1.85965e-15
-2.09036e-15
-2.29428e-15
-1.70288e-15
-1.70253e-15
-1.69312e-15
-2.0493e-15
-2.1501e-15
)
;
    }
}


// ************************************************************************* //
