/*--------------------------------*- C++ -*----------------------------------*\
| =========                 |                                                 |
| \\      /  F ield         | OpenFOAM: The Open Source CFD Toolbox           |
|  \\    /   O peration     | Version:  5.x                                   |
|   \\  /    A nd           | Web:      www.OpenFOAM.org                      |
|    \\/     M anipulation  |                                                 |
\*---------------------------------------------------------------------------*/
FoamFile
{
    version     2.0;
    format      ascii;
    class       volVectorField;
    location    "0.005";
    object      Us;
}
// * * * * * * * * * * * * * * * * * * * * * * * * * * * * * * * * * * * * * //

dimensions      [0 1 -1 0 0 0 0];

internalField   nonuniform List<vector> 
180
(
(0 0 0)
(0 0 0)
(0 0 0)
(0 0 0)
(0 0 0)
(0 0 0)
(0 0 0)
(0 0 0)
(0 0 0)
(0 0 0)
(0 0 0)
(0 0 0)
(0 0 0)
(0 0 0)
(0 0 0)
(0 0 0)
(0 0 0)
(0 0 0)
(0 0 0)
(0 0 0)
(0 0 0)
(0 0 0)
(0 0 0)
(0 0 0)
(0 0 0)
(0 0 0)
(0 0 0)
(0 0 0)
(0 0 0)
(0 0 0)
(0 0 0)
(0 0 0)
(0 0 0)
(0 0 0)
(0 0 0)
(0 0 0)
(0 0 0)
(0 0 0)
(0 0 0)
(0 0 0)
(0 0 0)
(0 0 0)
(0 0 0)
(0 0 0)
(0 0 0)
(0 0 0)
(0 0 0)
(0 0 0)
(0 0 0)
(0 0 0)
(0 0 0)
(0 0 0)
(0 0 0)
(0 0 0)
(0 0 0)
(0 0 0)
(0 0 0)
(0 0 0)
(0 0 0)
(0 0 0)
(0 0 0)
(0 0 0)
(0 0 0)
(0 0 0)
(0 0 0)
(0 0 0)
(0 0 0)
(0 0 0)
(0 0 0)
(0 0 0)
(0 0 0)
(0 0 0)
(0 0 0)
(0 0 0)
(0 0 0)
(0 0 0)
(0 0 0)
(0 0 0)
(0 0 0)
(0 0 0)
(-4.27915e-05 1.80827e-05 4.75027e-06)
(-3.32099e-05 2.08288e-05 2.14584e-06)
(-3.47253e-05 1.76825e-05 1.85827e-06)
(-3.75718e-05 1.48465e-05 -2.47028e-06)
(-3.28035e-05 1.34146e-05 -7.88707e-06)
(-3.60401e-05 9.64338e-06 -1.83491e-06)
(-3.73735e-05 2.42337e-05 -5.64909e-06)
(-1.98204e-05 3.92917e-05 -1.21708e-05)
(-3.60298e-05 2.62277e-05 -1.48126e-05)
(-3.42807e-05 2.14556e-05 -2.62412e-05)
(-1.58365e-05 7.11687e-06 -3.90847e-05)
(-4.46471e-07 3.44452e-06 -3.51333e-05)
(1.16983e-06 1.62701e-05 -5.03242e-05)
(-9.00929e-06 2.13272e-05 -5.20024e-05)
(1.16241e-06 2.04944e-05 -7.29113e-05)
(3.64196e-07 1.25113e-05 -8.444e-05)
(1.07491e-05 7.38659e-06 -0.000111072)
(1.2047e-05 9.39835e-06 -0.00012518)
(8.41629e-06 -2.74233e-06 -0.000119222)
(3.79413e-06 7.52737e-06 -0.000126242)
(-1.8726e-06 1.79905e-05 -0.000151991)
(1.07638e-05 2.50318e-05 -0.000195898)
(1.92764e-05 1.47129e-05 -0.000199047)
(2.94768e-05 -8.58987e-06 -0.000219043)
(6.41819e-06 -2.30749e-05 -0.000195137)
(-8.71227e-07 -3.21636e-05 -0.000189358)
(0 0 0)
(0 0 0)
(0 0 0)
(0 0 0)
(0 0 0)
(0 0 0)
(0 0 0)
(0 0 0)
(0 0 0)
(0 0 0)
(0 0 0)
(0 0 0)
(0 0 0)
(0 0 0)
(0 0 0)
(0 0 0)
(0 0 0)
(0 0 0)
(0 0 0)
(0 0 0)
(0 0 0)
(0 0 0)
(0 0 0)
(0 0 0)
(0 0 0)
(0 0 0)
(0 0 0)
(0 0 0)
(0 0 0)
(0 0 0)
(0 0 0)
(0 0 0)
(0 0 0)
(0 0 0)
(0 0 0)
(0 0 0)
(0 0 0)
(0 0 0)
(0 0 0)
(0 0 0)
(0 0 0)
(0 0 0)
(0 0 0)
(0 0 0)
(0 0 0)
(0 0 0)
(0 0 0)
(0 0 0)
(0 0 0)
(0 0 0)
(0 0 0)
(0 0 0)
(0 0 0)
(0 0 0)
(0 0 0)
(0 0 0)
(0 0 0)
(0 0 0)
(0 0 0)
(0 0 0)
(0 0 0)
(0 0 0)
(0 0 0)
(0 0 0)
(0 0 0)
(0 0 0)
(0 0 0)
(0 0 0)
(0 0 0)
(0 0 0)
(0 0 0)
(0 0 0)
(0 0 0)
(0 0 0)
)
;

boundaryField
{
    inlet
    {
        type            fixedValue;
        value           uniform (0 0 0);
    }
    outlet
    {
        type            fixedValue;
        value           uniform (0 0 0);
    }
    repeat_boundary
    {
        type            fixedValue;
        value           uniform (0 0 0);
    }
    procBoundary1to0
    {
        type            processor;
        value           nonuniform List<vector> 
180
(
(0 0 0)
(0 0 0)
(0 0 0)
(0 0 0)
(0 0 0)
(0 0 0)
(0 0 0)
(0 0 0)
(0 0 0)
(0 0 0)
(0 0 0)
(0 0 0)
(0 0 0)
(0 0 0)
(0 0 0)
(0 0 0)
(0 0 0)
(0 0 0)
(0 0 0)
(0 0 0)
(0 0 0)
(0 0 0)
(0 0 0)
(0 0 0)
(0 0 0)
(0 0 0)
(0 0 0)
(0 0 0)
(0 0 0)
(0 0 0)
(0 0 0)
(0 0 0)
(0 0 0)
(0 0 0)
(0 0 0)
(0 0 0)
(0 0 0)
(0 0 0)
(0 0 0)
(0 0 0)
(0 0 0)
(0 0 0)
(0 0 0)
(0 0 0)
(0 0 0)
(0 0 0)
(0 0 0)
(0 0 0)
(0 0 0)
(0 0 0)
(0 0 0)
(0 0 0)
(0 0 0)
(0 0 0)
(0 0 0)
(0 0 0)
(0 0 0)
(0 0 0)
(0 0 0)
(0 0 0)
(0 0 0)
(0 0 0)
(0 0 0)
(0 0 0)
(0 0 0)
(0 0 0)
(0 0 0)
(0 0 0)
(0 0 0)
(0 0 0)
(0 0 0)
(0 0 0)
(0 0 0)
(0 0 0)
(0 0 0)
(0 0 0)
(0 0 0)
(0 0 0)
(0 0 0)
(0 0 0)
(9.73155e-06 8.87819e-07 -9.31638e-06)
(1.27525e-05 2.54638e-06 -9.57242e-06)
(1.26867e-05 2.02724e-06 -8.6975e-06)
(5.16882e-06 2.19455e-06 -1.72473e-05)
(-5.94462e-06 -1.97054e-06 -2.81076e-05)
(-5.94667e-06 -3.61489e-06 -2.64796e-05)
(-4.76053e-06 -1.18943e-06 -3.36749e-05)
(-4.06503e-06 2.10877e-05 -4.34788e-05)
(-1.54275e-05 -6.28202e-07 -3.58264e-05)
(1.32273e-05 4.09034e-06 -5.1531e-05)
(3.60286e-05 7.68808e-06 -6.67166e-05)
(2.39507e-05 -4.60589e-06 -5.25034e-05)
(3.17226e-05 -1.43796e-06 -7.69039e-05)
(2.22759e-05 -1.18489e-06 -9.94177e-05)
(2.25085e-05 5.8547e-06 -9.49545e-05)
(1.18987e-05 1.3547e-05 -0.000105005)
(2.22864e-06 9.49242e-06 -0.000104086)
(-1.98459e-06 3.01987e-06 -0.000116028)
(-5.95768e-06 -6.8927e-06 -0.000142744)
(-4.32472e-08 -4.64958e-06 -0.000147128)
(9.39867e-06 -2.07999e-05 -0.000145278)
(1.84015e-05 -2.25271e-05 -0.000125912)
(3.07658e-05 -5.46641e-05 -0.000165328)
(2.90594e-05 -6.16391e-05 -0.000170446)
(8.31403e-07 -6.32471e-05 -0.000175824)
(0 0 0)
(0 0 0)
(0 0 0)
(0 0 0)
(0 0 0)
(0 0 0)
(0 0 0)
(0 0 0)
(0 0 0)
(0 0 0)
(0 0 0)
(0 0 0)
(0 0 0)
(0 0 0)
(0 0 0)
(0 0 0)
(0 0 0)
(0 0 0)
(0 0 0)
(0 0 0)
(0 0 0)
(0 0 0)
(0 0 0)
(0 0 0)
(0 0 0)
(0 0 0)
(0 0 0)
(0 0 0)
(0 0 0)
(0 0 0)
(0 0 0)
(0 0 0)
(0 0 0)
(0 0 0)
(0 0 0)
(0 0 0)
(0 0 0)
(0 0 0)
(0 0 0)
(0 0 0)
(0 0 0)
(0 0 0)
(0 0 0)
(0 0 0)
(0 0 0)
(0 0 0)
(0 0 0)
(0 0 0)
(0 0 0)
(0 0 0)
(0 0 0)
(0 0 0)
(0 0 0)
(0 0 0)
(0 0 0)
(0 0 0)
(0 0 0)
(0 0 0)
(0 0 0)
(0 0 0)
(0 0 0)
(0 0 0)
(0 0 0)
(0 0 0)
(0 0 0)
(0 0 0)
(0 0 0)
(0 0 0)
(0 0 0)
(0 0 0)
(0 0 0)
(0 0 0)
(0 0 0)
(0 0 0)
(0 0 0)
)
;
    }
    procBoundary1to3
    {
        type            processor;
        value           nonuniform List<vector> 
180
(
(0 0 0)
(0 0 0)
(0 0 0)
(0 0 0)
(0 0 0)
(0 0 0)
(0 0 0)
(0 0 0)
(0 0 0)
(0 0 0)
(0 0 0)
(0 0 0)
(0 0 0)
(0 0 0)
(0 0 0)
(0 0 0)
(0 0 0)
(0 0 0)
(0 0 0)
(0 0 0)
(0 0 0)
(0 0 0)
(0 0 0)
(0 0 0)
(0 0 0)
(0 0 0)
(0 0 0)
(0 0 0)
(0 0 0)
(0 0 0)
(0 0 0)
(0 0 0)
(0 0 0)
(0 0 0)
(0 0 0)
(0 0 0)
(0 0 0)
(0 0 0)
(0 0 0)
(0 0 0)
(0 0 0)
(0 0 0)
(0 0 0)
(0 0 0)
(0 0 0)
(0 0 0)
(0 0 0)
(0 0 0)
(0 0 0)
(0 0 0)
(0 0 0)
(0 0 0)
(0 0 0)
(0 0 0)
(0 0 0)
(0 0 0)
(0 0 0)
(0 0 0)
(0 0 0)
(0 0 0)
(0 0 0)
(0 0 0)
(0 0 0)
(0 0 0)
(0 0 0)
(0 0 0)
(0 0 0)
(0 0 0)
(0 0 0)
(0 0 0)
(0 0 0)
(0 0 0)
(0 0 0)
(0 0 0)
(0 0 0)
(0 0 0)
(0 0 0)
(0 0 0)
(0 0 0)
(0 0 0)
(9.46715e-06 4.97577e-06 -1.13732e-05)
(4.26423e-06 6.19634e-06 -1.22097e-05)
(6.35901e-06 6.86387e-06 -1.08568e-05)
(1.44957e-07 3.52098e-05 -9.17753e-06)
(-6.81356e-06 6.11961e-05 -8.54034e-06)
(-2.20592e-05 6.08825e-05 -1.00541e-05)
(-1.94734e-05 7.09075e-05 -1.0689e-05)
(-1.3477e-05 5.27929e-05 -1.57272e-05)
(-2.55054e-05 4.98999e-05 -2.63837e-05)
(-8.96226e-06 4.7714e-05 -3.29714e-05)
(-8.901e-06 2.24689e-05 -3.68287e-05)
(5.29491e-06 5.31899e-06 -4.36979e-05)
(-3.37554e-06 1.33045e-05 -3.68644e-05)
(1.54325e-06 1.84058e-05 -5.87101e-05)
(-1.0866e-05 3.6625e-05 -5.50515e-05)
(-1.76437e-07 3.34766e-05 -7.72549e-05)
(-6.92028e-06 1.25372e-05 -7.9568e-05)
(-1.0254e-05 1.20057e-06 -9.61788e-05)
(-1.55796e-06 1.95589e-06 -9.73406e-05)
(-1.21276e-05 1.84202e-07 -0.000118605)
(-4.82372e-06 6.48865e-06 -0.000111881)
(-6.16849e-06 2.18117e-05 -0.000109622)
(1.82907e-05 -1.75091e-05 -0.000135311)
(2.04892e-05 -2.33126e-05 -0.000139072)
(2.04892e-05 -2.33126e-05 -0.000139072)
(0 0 0)
(0 0 0)
(0 0 0)
(0 0 0)
(0 0 0)
(0 0 0)
(0 0 0)
(0 0 0)
(0 0 0)
(0 0 0)
(0 0 0)
(0 0 0)
(0 0 0)
(0 0 0)
(0 0 0)
(0 0 0)
(0 0 0)
(0 0 0)
(0 0 0)
(0 0 0)
(0 0 0)
(0 0 0)
(0 0 0)
(0 0 0)
(0 0 0)
(0 0 0)
(0 0 0)
(0 0 0)
(0 0 0)
(0 0 0)
(0 0 0)
(0 0 0)
(0 0 0)
(0 0 0)
(0 0 0)
(0 0 0)
(0 0 0)
(0 0 0)
(0 0 0)
(0 0 0)
(0 0 0)
(0 0 0)
(0 0 0)
(0 0 0)
(0 0 0)
(0 0 0)
(0 0 0)
(0 0 0)
(0 0 0)
(0 0 0)
(0 0 0)
(0 0 0)
(0 0 0)
(0 0 0)
(0 0 0)
(0 0 0)
(0 0 0)
(0 0 0)
(0 0 0)
(0 0 0)
(0 0 0)
(0 0 0)
(0 0 0)
(0 0 0)
(0 0 0)
(0 0 0)
(0 0 0)
(0 0 0)
(0 0 0)
(0 0 0)
(0 0 0)
(0 0 0)
(0 0 0)
(0 0 0)
(0 0 0)
)
;
    }
}


// ************************************************************************* //
