/*--------------------------------*- C++ -*----------------------------------*\
| =========                 |                                                 |
| \\      /  F ield         | OpenFOAM: The Open Source CFD Toolbox           |
|  \\    /   O peration     | Version:  5.x                                   |
|   \\  /    A nd           | Web:      www.OpenFOAM.org                      |
|    \\/     M anipulation  |                                                 |
\*---------------------------------------------------------------------------*/
FoamFile
{
    version     2.0;
    format      ascii;
    class       volVectorField;
    location    "0.04";
    object      Us;
}
// * * * * * * * * * * * * * * * * * * * * * * * * * * * * * * * * * * * * * //

dimensions      [0 1 -1 0 0 0 0];

internalField   nonuniform List<vector> 
2250
(
(0 0 0)
(0 0 0)
(0 0 0)
(0 0 0)
(0 0 0)
(0 0 0)
(0 0 0)
(0 0 0)
(0 0 0)
(0 0 0)
(0 0 0)
(0 0 0)
(0 0 0)
(0 0 0)
(0 0 0)
(0 0 0)
(0 0 0)
(0 0 0)
(0 0 0)
(0 0 0)
(0 0 0)
(0 0 0)
(0 0 0)
(0 0 0)
(0 0 0)
(0 0 0)
(0 0 0)
(0 0 0)
(0 0 0)
(0 0 0)
(0 0 0)
(0 0 0)
(0 0 0)
(0 0 0)
(0 0 0)
(0 0 0)
(0 0 0)
(0 0 0)
(0 0 0)
(0 0 0)
(0 0 0)
(0 0 0)
(0 0 0)
(0 0 0)
(0 0 0)
(0 0 0)
(0 0 0)
(0 0 0)
(0 0 0)
(0 0 0)
(0 0 0)
(0 0 0)
(0 0 0)
(0 0 0)
(0 0 0)
(0 0 0)
(0 0 0)
(0 0 0)
(0 0 0)
(0 0 0)
(0 0 0)
(0 0 0)
(0 0 0)
(0 0 0)
(0 0 0)
(0 0 0)
(0 0 0)
(0 0 0)
(0 0 0)
(0 0 0)
(0 0 0)
(0 0 0)
(0 0 0)
(0 0 0)
(0 0 0)
(0 0 0)
(0 0 0)
(0 0 0)
(0 0 0)
(0 0 0)
(0 0 0)
(0 0 0)
(0 0 0)
(0 0 0)
(0 0 0)
(0 0 0)
(0 0 0)
(0 0 0)
(0 0 0)
(0 0 0)
(0 0 0)
(0 0 0)
(0 0 0)
(0 0 0)
(0 0 0)
(0 0 0)
(0 0 0)
(0 0 0)
(0 0 0)
(0 0 0)
(0 0 0)
(0 0 0)
(0 0 0)
(0 0 0)
(0 0 0)
(0 0 0)
(0 0 0)
(0 0 0)
(0 0 0)
(0 0 0)
(0 0 0)
(0 0 0)
(0 0 0)
(0 0 0)
(0 0 0)
(0 0 0)
(0 0 0)
(0 0 0)
(0 0 0)
(0 0 0)
(0 0 0)
(0 0 0)
(0 0 0)
(0 0 0)
(0 0 0)
(0 0 0)
(0 0 0)
(0 0 0)
(0 0 0)
(0 0 0)
(0 0 0)
(0 0 0)
(0 0 0)
(0 0 0)
(0 0 0)
(0 0 0)
(0 0 0)
(0 0 0)
(0 0 0)
(0 0 0)
(0 0 0)
(0 0 0)
(0 0 0)
(0 0 0)
(0 0 0)
(0 0 0)
(0 0 0)
(0 0 0)
(0 0 0)
(0 0 0)
(0 0 0)
(0 0 0)
(0 0 0)
(0 0 0)
(0 0 0)
(0 0 0)
(0 0 0)
(0 0 0)
(0 0 0)
(0 0 0)
(0 0 0)
(0 0 0)
(0 0 0)
(0 0 0)
(0 0 0)
(0 0 0)
(0 0 0)
(0 0 0)
(0 0 0)
(0 0 0)
(0 0 0)
(0 0 0)
(0 0 0)
(0 0 0)
(0 0 0)
(0 0 0)
(0 0 0)
(0 0 0)
(0 0 0)
(0 0 0)
(0 0 0)
(0 0 0)
(0 0 0)
(0 0 0)
(0 0 0)
(0 0 0)
(0 0 0)
(0 0 0)
(0 0 0)
(0 0 0)
(0 0 0)
(0 0 0)
(0 0 0)
(0 0 0)
(0 0 0)
(0 0 0)
(0 0 0)
(0 0 0)
(0 0 0)
(0 0 0)
(0 0 0)
(0 0 0)
(0 0 0)
(0 0 0)
(0 0 0)
(0 0 0)
(0 0 0)
(0 0 0)
(0 0 0)
(0 0 0)
(0 0 0)
(0 0 0)
(0 0 0)
(0 0 0)
(0 0 0)
(0 0 0)
(0 0 0)
(0 0 0)
(0 0 0)
(0 0 0)
(0 0 0)
(0 0 0)
(0 0 0)
(0 0 0)
(0 0 0)
(0 0 0)
(0 0 0)
(0 0 0)
(0 0 0)
(0 0 0)
(0 0 0)
(0 0 0)
(0 0 0)
(0 0 0)
(0 0 0)
(0 0 0)
(0 0 0)
(0 0 0)
(0 0 0)
(0 0 0)
(0 0 0)
(0 0 0)
(0 0 0)
(0 0 0)
(0 0 0)
(0 0 0)
(0 0 0)
(0 0 0)
(0 0 0)
(0 0 0)
(0 0 0)
(0 0 0)
(0 0 0)
(0 0 0)
(0 0 0)
(0 0 0)
(0 0 0)
(0 0 0)
(0 0 0)
(0 0 0)
(0 0 0)
(0 0 0)
(0 0 0)
(0 0 0)
(0 0 0)
(0 0 0)
(0 0 0)
(0 0 0)
(0 0 0)
(0 0 0)
(0 0 0)
(0 0 0)
(0 0 0)
(0 0 0)
(0 0 0)
(0 0 0)
(0 0 0)
(0 0 0)
(0 0 0)
(0 0 0)
(0 0 0)
(0 0 0)
(0 0 0)
(0 0 0)
(0 0 0)
(0 0 0)
(0 0 0)
(0 0 0)
(0 0 0)
(0 0 0)
(0 0 0)
(0 0 0)
(0 0 0)
(0 0 0)
(0 0 0)
(0 0 0)
(0 0 0)
(0 0 0)
(0 0 0)
(0 0 0)
(0 0 0)
(0 0 0)
(0 0 0)
(0 0 0)
(0 0 0)
(0 0 0)
(0 0 0)
(0 0 0)
(0 0 0)
(0 0 0)
(0 0 0)
(0 0 0)
(0 0 0)
(0 0 0)
(0 0 0)
(0 0 0)
(0 0 0)
(0 0 0)
(0 0 0)
(0 0 0)
(0 0 0)
(0 0 0)
(0 0 0)
(0 0 0)
(0 0 0)
(0 0 0)
(0 0 0)
(0 0 0)
(0 0 0)
(0 0 0)
(0 0 0)
(0 0 0)
(0 0 0)
(0 0 0)
(0 0 0)
(0 0 0)
(0 0 0)
(0 0 0)
(0 0 0)
(0 0 0)
(0 0 0)
(0 0 0)
(0 0 0)
(0 0 0)
(0 0 0)
(0 0 0)
(0 0 0)
(0 0 0)
(0 0 0)
(0 0 0)
(0 0 0)
(0 0 0)
(0 0 0)
(0 0 0)
(0 0 0)
(0 0 0)
(0 0 0)
(0 0 0)
(0 0 0)
(0 0 0)
(0 0 0)
(0 0 0)
(0 0 0)
(0 0 0)
(0 0 0)
(0 0 0)
(0 0 0)
(0 0 0)
(0 0 0)
(0 0 0)
(0 0 0)
(0 0 0)
(0 0 0)
(0 0 0)
(0 0 0)
(0 0 0)
(0 0 0)
(0 0 0)
(0 0 0)
(0 0 0)
(0 0 0)
(0 0 0)
(0 0 0)
(0 0 0)
(0 0 0)
(0 0 0)
(0 0 0)
(0 0 0)
(0 0 0)
(0 0 0)
(0 0 0)
(0 0 0)
(0 0 0)
(0 0 0)
(0 0 0)
(0 0 0)
(0 0 0)
(0 0 0)
(0 0 0)
(0 0 0)
(0 0 0)
(0 0 0)
(0 0 0)
(0 0 0)
(0 0 0)
(0 0 0)
(0 0 0)
(0 0 0)
(0 0 0)
(0 0 0)
(0 0 0)
(0 0 0)
(0 0 0)
(0 0 0)
(0 0 0)
(0 0 0)
(0 0 0)
(0 0 0)
(0 0 0)
(0 0 0)
(0 0 0)
(0 0 0)
(0 0 0)
(0 0 0)
(0 0 0)
(0 0 0)
(0 0 0)
(0 0 0)
(0 0 0)
(0 0 0)
(0 0 0)
(0 0 0)
(0 0 0)
(0 0 0)
(0 0 0)
(0 0 0)
(0 0 0)
(0 0 0)
(0 0 0)
(0 0 0)
(0 0 0)
(0 0 0)
(0 0 0)
(0 0 0)
(0 0 0)
(0 0 0)
(0 0 0)
(0 0 0)
(0 0 0)
(0 0 0)
(0 0 0)
(0 0 0)
(0 0 0)
(0 0 0)
(0 0 0)
(0 0 0)
(0 0 0)
(0 0 0)
(0 0 0)
(0 0 0)
(0 0 0)
(0 0 0)
(0 0 0)
(0 0 0)
(0 0 0)
(0 0 0)
(0 0 0)
(0 0 0)
(0 0 0)
(0 0 0)
(0 0 0)
(0 0 0)
(0 0 0)
(0 0 0)
(0 0 0)
(0 0 0)
(0 0 0)
(0 0 0)
(0 0 0)
(0 0 0)
(0 0 0)
(0 0 0)
(0 0 0)
(0 0 0)
(0 0 0)
(0 0 0)
(0 0 0)
(0 0 0)
(0 0 0)
(0 0 0)
(0 0 0)
(0 0 0)
(0 0 0)
(0 0 0)
(0 0 0)
(0 0 0)
(0 0 0)
(0 0 0)
(0 0 0)
(0 0 0)
(0 0 0)
(0 0 0)
(0 0 0)
(0 0 0)
(0 0 0)
(0 0 0)
(0 0 0)
(0 0 0)
(0 0 0)
(0 0 0)
(0 0 0)
(0 0 0)
(0 0 0)
(0 0 0)
(0 0 0)
(0 0 0)
(0 0 0)
(0 0 0)
(0 0 0)
(0 0 0)
(0 0 0)
(0 0 0)
(0 0 0)
(0 0 0)
(0 0 0)
(0 0 0)
(0 0 0)
(0 0 0)
(0 0 0)
(0 0 0)
(0 0 0)
(0 0 0)
(0 0 0)
(0 0 0)
(0 0 0)
(0 0 0)
(0 0 0)
(0 0 0)
(0 0 0)
(0 0 0)
(0 0 0)
(0 0 0)
(0 0 0)
(0 0 0)
(0 0 0)
(0 0 0)
(0 0 0)
(0 0 0)
(0 0 0)
(0 0 0)
(0 0 0)
(0 0 0)
(0 0 0)
(0 0 0)
(0 0 0)
(0 0 0)
(0 0 0)
(0 0 0)
(0 0 0)
(0 0 0)
(0 0 0)
(0 0 0)
(0 0 0)
(0 0 0)
(0 0 0)
(0 0 0)
(0 0 0)
(0 0 0)
(0 0 0)
(0 0 0)
(0 0 0)
(0 0 0)
(0 0 0)
(0 0 0)
(0 0 0)
(0 0 0)
(0 0 0)
(0 0 0)
(0 0 0)
(0 0 0)
(0 0 0)
(0 0 0)
(0 0 0)
(0 0 0)
(0 0 0)
(0 0 0)
(0 0 0)
(0 0 0)
(0 0 0)
(0 0 0)
(0 0 0)
(0 0 0)
(0 0 0)
(0 0 0)
(0 0 0)
(0 0 0)
(0 0 0)
(0 0 0)
(0 0 0)
(0 0 0)
(0 0 0)
(0 0 0)
(0 0 0)
(0 0 0)
(0 0 0)
(0 0 0)
(0 0 0)
(0 0 0)
(0 0 0)
(0 0 0)
(0 0 0)
(0 0 0)
(0 0 0)
(0 0 0)
(0 0 0)
(0 0 0)
(0 0 0)
(0 0 0)
(0 0 0)
(0 0 0)
(0 0 0)
(0 0 0)
(0 0 0)
(0 0 0)
(0 0 0)
(0 0 0)
(0 0 0)
(0 0 0)
(0 0 0)
(0 0 0)
(0 0 0)
(0 0 0)
(0 0 0)
(0 0 0)
(0 0 0)
(0 0 0)
(0 0 0)
(0 0 0)
(0 0 0)
(0 0 0)
(0 0 0)
(0 0 0)
(0 0 0)
(0 0 0)
(0 0 0)
(0 0 0)
(0 0 0)
(0 0 0)
(0 0 0)
(0 0 0)
(0 0 0)
(0 0 0)
(0 0 0)
(0 0 0)
(0 0 0)
(0 0 0)
(0 0 0)
(0 0 0)
(0 0 0)
(0 0 0)
(0 0 0)
(0 0 0)
(0 0 0)
(0 0 0)
(0 0 0)
(0 0 0)
(0 0 0)
(0 0 0)
(0 0 0)
(0 0 0)
(0 0 0)
(0 0 0)
(0 0 0)
(0 0 0)
(0 0 0)
(0 0 0)
(0 0 0)
(0 0 0)
(0 0 0)
(0 0 0)
(0 0 0)
(0 0 0)
(0 0 0)
(0 0 0)
(0 0 0)
(0 0 0)
(0 0 0)
(0 0 0)
(0 0 0)
(0 0 0)
(0 0 0)
(0 0 0)
(0 0 0)
(0 0 0)
(0 0 0)
(0 0 0)
(0 0 0)
(0 0 0)
(0 0 0)
(0 0 0)
(0 0 0)
(0 0 0)
(0 0 0)
(0 0 0)
(0 0 0)
(0 0 0)
(0 0 0)
(0 0 0)
(0 0 0)
(0 0 0)
(0 0 0)
(0 0 0)
(0 0 0)
(0 0 0)
(0 0 0)
(0 0 0)
(0 0 0)
(0 0 0)
(0 0 0)
(0 0 0)
(0 0 0)
(0 0 0)
(0 0 0)
(0 0 0)
(0 0 0)
(0 0 0)
(0 0 0)
(0 0 0)
(0 0 0)
(0 0 0)
(0 0 0)
(0 0 0)
(0 0 0)
(0 0 0)
(0 0 0)
(0 0 0)
(0 0 0)
(0 0 0)
(0 0 0)
(0 0 0)
(0 0 0)
(0 0 0)
(0 0 0)
(0 0 0)
(0 0 0)
(0 0 0)
(0 0 0)
(0 0 0)
(0 0 0)
(0 0 0)
(0 0 0)
(0 0 0)
(0 0 0)
(0 0 0)
(0 0 0)
(0 0 0)
(0 0 0)
(0 0 0)
(0 0 0)
(0 0 0)
(0 0 0)
(0 0 0)
(0 0 0)
(0 0 0)
(0 0 0)
(0 0 0)
(0 0 0)
(0 0 0)
(0 0 0)
(0 0 0)
(0 0 0)
(0 0 0)
(0 0 0)
(0 0 0)
(0 0 0)
(0 0 0)
(0 0 0)
(0 0 0)
(0 0 0)
(0 0 0)
(0 0 0)
(0 0 0)
(0 0 0)
(0 0 0)
(0 0 0)
(0 0 0)
(0 0 0)
(0 0 0)
(0 0 0)
(0 0 0)
(0 0 0)
(0 0 0)
(0 0 0)
(0 0 0)
(0 0 0)
(0 0 0)
(0 0 0)
(0 0 0)
(0 0 0)
(0 0 0)
(0 0 0)
(0 0 0)
(0 0 0)
(0 0 0)
(0 0 0)
(0 0 0)
(0 0 0)
(0 0 0)
(0 0 0)
(0 0 0)
(0 0 0)
(0 0 0)
(0 0 0)
(0 0 0)
(0 0 0)
(0 0 0)
(0 0 0)
(0 0 0)
(0 0 0)
(0 0 0)
(0 0 0)
(0 0 0)
(0 0 0)
(0 0 0)
(0 0 0)
(0 0 0)
(0 0 0)
(0 0 0)
(0 0 0)
(0 0 0)
(0 0 0)
(0 0 0)
(0 0 0)
(0 0 0)
(0 0 0)
(0 0 0)
(0 0 0)
(0 0 0)
(0 0 0)
(0 0 0)
(0 0 0)
(0 0 0)
(0 0 0)
(0 0 0)
(0 0 0)
(0 0 0)
(0 0 0)
(0 0 0)
(0 0 0)
(0 0 0)
(0 0 0)
(0 0 0)
(0 0 0)
(0 0 0)
(0 0 0)
(0 0 0)
(0 0 0)
(0 0 0)
(0 0 0)
(0 0 0)
(0 0 0)
(0 0 0)
(0 0 0)
(0 0 0)
(0 0 0)
(0 0 0)
(0 0 0)
(0 0 0)
(0 0 0)
(0 0 0)
(0 0 0)
(0 0 0)
(0 0 0)
(0 0 0)
(0 0 0)
(0 0 0)
(0 0 0)
(0 0 0)
(0 0 0)
(0 0 0)
(0 0 0)
(0 0 0)
(0 0 0)
(0 0 0)
(0 0 0)
(0 0 0)
(0 0 0)
(0 0 0)
(0 0 0)
(0 0 0)
(0 0 0)
(0 0 0)
(0 0 0)
(0 0 0)
(0 0 0)
(0 0 0)
(0 0 0)
(0 0 0)
(0 0 0)
(0 0 0)
(0 0 0)
(0 0 0)
(0 0 0)
(0 0 0)
(0 0 0)
(0 0 0)
(0 0 0)
(0 0 0)
(0 0 0)
(0 0 0)
(0 0 0)
(0 0 0)
(0 0 0)
(0 0 0)
(0 0 0)
(0 0 0)
(0 0 0)
(0 0 0)
(0 0 0)
(0 0 0)
(0 0 0)
(0 0 0)
(0 0 0)
(0 0 0)
(0 0 0)
(0 0 0)
(0 0 0)
(0 0 0)
(0 0 0)
(0 0 0)
(0 0 0)
(0 0 0)
(0 0 0)
(0 0 0)
(0 0 0)
(0 0 0)
(0 0 0)
(0 0 0)
(0 0 0)
(0 0 0)
(0 0 0)
(0 0 0)
(0 0 0)
(0 0 0)
(0 0 0)
(0 0 0)
(0 0 0)
(0 0 0)
(0 0 0)
(0 0 0)
(0 0 0)
(0 0 0)
(0 0 0)
(0 0 0)
(0 0 0)
(0 0 0)
(0 0 0)
(0 0 0)
(0 0 0)
(0 0 0)
(0 0 0)
(0 0 0)
(0 0 0)
(0 0 0)
(0 0 0)
(0 0 0)
(0 0 0)
(0 0 0)
(0 0 0)
(0 0 0)
(0 0 0)
(0 0 0)
(0 0 0)
(0 0 0)
(0 0 0)
(0 0 0)
(0 0 0)
(0 0 0)
(0 0 0)
(0 0 0)
(0 0 0)
(0 0 0)
(0 0 0)
(0 0 0)
(0 0 0)
(0 0 0)
(0 0 0)
(0 0 0)
(0 0 0)
(0 0 0)
(0 0 0)
(0 0 0)
(0 0 0)
(0 0 0)
(0 0 0)
(0 0 0)
(0 0 0)
(0 0 0)
(0 0 0)
(0 0 0)
(3.46024e-06 -4.64275e-06 -1.52342e-05)
(3.86459e-06 -5.92802e-06 -1.6559e-05)
(5.5788e-06 3.92033e-06 -2.00767e-05)
(3.77867e-06 3.587e-06 -2.22714e-05)
(2.41454e-06 2.38469e-06 -2.05774e-05)
(1.89757e-06 3.99915e-06 -1.15971e-05)
(2.4957e-06 -3.586e-06 -1.53452e-05)
(3.12636e-06 -1.83089e-06 -1.74438e-05)
(2.47481e-06 -9.22064e-07 -2.14909e-05)
(1.42134e-06 1.78641e-08 -1.70021e-05)
(1.75368e-06 -1.49932e-06 -1.66282e-05)
(2.42193e-06 -1.70093e-06 -1.72018e-05)
(2.50319e-06 -2.38926e-06 -1.7975e-05)
(1.09258e-06 -1.20757e-06 -1.71883e-05)
(8.56969e-07 -6.86272e-07 -1.85075e-05)
(9.10799e-07 2.57595e-06 -1.6687e-05)
(3.27201e-07 -3.38266e-07 -2.16429e-05)
(1.53703e-06 -1.35413e-06 -1.79872e-05)
(2.11947e-07 -1.22336e-06 -2.02862e-05)
(3.10932e-07 -1.47424e-06 -1.7894e-05)
(-3.5904e-07 -1.97016e-06 -1.69998e-05)
(-1.00931e-06 8.97811e-09 -1.43601e-05)
(-4.87422e-07 -1.30087e-06 -2.25159e-05)
(-8.99777e-07 -2.19999e-06 -1.81046e-05)
(-8.89972e-07 -4.95371e-06 -1.9669e-05)
(4.96208e-06 -4.71107e-06 -3.51708e-05)
(7.51937e-06 1.61393e-06 -3.88745e-05)
(7.60496e-06 2.09338e-06 -4.07263e-05)
(6.01804e-06 4.06603e-06 -3.56975e-05)
(2.95964e-06 5.18072e-06 -3.45331e-05)
(1.02179e-06 3.73929e-06 -3.70815e-05)
(5.21381e-06 1.03295e-07 -4.26804e-05)
(5.4787e-06 1.9312e-06 -3.89803e-05)
(3.87294e-06 -1.81915e-07 -3.5256e-05)
(2.34802e-06 5.27917e-07 -4.00567e-05)
(1.48714e-06 3.60716e-06 -2.88649e-05)
(5.22978e-06 -2.62189e-06 -4.47522e-05)
(7.53575e-06 -2.30749e-06 -3.83069e-05)
(5.7264e-06 -8.50798e-07 -3.90378e-05)
(2.27006e-06 -3.6322e-07 -3.6609e-05)
(5.38122e-08 2.40638e-06 -3.79043e-05)
(2.33836e-06 -6.04077e-06 -3.95712e-05)
(1.81093e-06 -1.28499e-06 -3.92996e-05)
(1.47471e-06 -6.29305e-07 -3.89078e-05)
(1.70103e-06 -2.36474e-06 -3.34435e-05)
(-2.48335e-06 1.81729e-06 -3.24649e-05)
(-1.93977e-06 -3.85762e-06 -3.78576e-05)
(-1.9971e-06 5.58319e-07 -4.14728e-05)
(-5.87128e-07 -4.42812e-06 -3.218e-05)
(-1.75297e-06 -4.91619e-06 -3.75858e-05)
(4.16895e-06 6.85421e-06 -6.53076e-05)
(1.30206e-05 4.42304e-06 -6.11732e-05)
(1.09445e-05 5.96912e-08 -6.08871e-05)
(7.4255e-06 -5.59434e-06 -4.95185e-05)
(5.61347e-06 -3.32123e-06 -4.57787e-05)
(-2.28078e-07 1.06311e-05 -6.29109e-05)
(3.01878e-06 4.10893e-06 -6.12397e-05)
(5.92021e-06 4.48358e-06 -5.20198e-05)
(6.51643e-06 4.78118e-07 -5.40121e-05)
(6.78875e-06 -6.94523e-07 -5.03002e-05)
(5.50385e-06 3.82016e-06 -6.133e-05)
(2.43053e-06 -1.03979e-06 -6.45121e-05)
(4.62613e-06 2.49237e-06 -6.21638e-05)
(1.8714e-06 7.24029e-07 -5.73276e-05)
(3.81201e-07 -2.40156e-07 -5.4427e-05)
(6.89616e-06 1.03598e-06 -7.15412e-05)
(-4.66854e-07 -1.3818e-06 -6.57954e-05)
(-7.96121e-07 2.26797e-06 -6.12521e-05)
(-1.34102e-06 -8.29512e-07 -6.04768e-05)
(-1.44649e-06 -2.79384e-06 -5.43877e-05)
(6.90666e-07 1.35014e-06 -7.42078e-05)
(-2.27059e-06 5.60717e-07 -6.44271e-05)
(-2.33589e-06 1.10178e-06 -5.92316e-05)
(2.74025e-07 -4.06947e-06 -6.12824e-05)
(-6.65101e-07 -2.98887e-06 -5.2507e-05)
(4.44292e-06 -1.53964e-06 -9.38391e-05)
(1.02188e-05 -1.92937e-08 -8.38991e-05)
(1.13596e-05 -5.69149e-07 -8.62916e-05)
(1.17934e-05 -3.36348e-06 -8.29387e-05)
(1.2541e-05 -4.2763e-07 -8.58606e-05)
(-2.17089e-06 4.93393e-06 -9.5064e-05)
(3.72046e-06 2.16747e-06 -8.74468e-05)
(7.66332e-06 1.55983e-06 -7.74098e-05)
(1.24139e-05 -1.60556e-06 -7.9645e-05)
(1.40604e-05 -3.70514e-07 -8.48038e-05)
(1.30125e-07 6.67361e-06 -8.27162e-05)
(1.30045e-06 1.84287e-06 -8.98626e-05)
(3.16641e-06 -7.63797e-07 -8.14393e-05)
(2.25108e-06 8.50603e-07 -7.80425e-05)
(2.5423e-06 5.56921e-06 -8.03866e-05)
(2.66355e-06 4.72687e-06 -8.69557e-05)
(-3.76269e-07 3.46517e-06 -8.43712e-05)
(-1.05208e-06 1.66232e-06 -8.38465e-05)
(-8.20893e-07 1.28436e-06 -8.36076e-05)
(-2.77958e-06 -5.02591e-08 -8.52192e-05)
(-2.58328e-06 -1.94047e-07 -9.39726e-05)
(-3.48655e-06 1.83614e-06 -8.60286e-05)
(-1.78674e-06 1.14156e-06 -8.21927e-05)
(-2.58658e-07 9.3083e-07 -8.39694e-05)
(-2.10723e-06 9.86594e-07 -9.17637e-05)
(2.66554e-06 -1.86827e-06 -0.000118408)
(-1.51774e-06 4.09975e-06 -9.93501e-05)
(1.41495e-05 -1.52999e-07 -0.000104652)
(1.30571e-05 8.57283e-07 -0.000107574)
(1.25935e-05 -1.73269e-06 -0.000107645)
(-4.37468e-07 -7.47987e-07 -0.000116811)
(7.59105e-06 2.56226e-06 -0.000107646)
(1.28481e-05 -1.8938e-06 -0.000111224)
(9.70932e-06 -9.65167e-07 -0.000104858)
(4.98892e-06 3.99427e-06 -0.000110415)
(5.96281e-06 3.36415e-07 -0.000113045)
(8.48987e-06 3.50204e-06 -0.000109565)
(6.80065e-06 -4.59955e-06 -0.000105544)
(1.55757e-06 -3.48484e-07 -0.000102414)
(1.09632e-06 4.72287e-06 -9.71782e-05)
(4.03867e-06 4.80366e-06 -0.000114092)
(3.49047e-06 5.26419e-06 -0.000104477)
(2.53227e-06 2.21066e-06 -0.000102195)
(-5.64004e-07 -2.93067e-07 -0.000100384)
(-3.66644e-07 -2.31202e-07 -9.97813e-05)
(-6.64618e-07 5.48926e-06 -0.00010868)
(1.90597e-06 4.51864e-06 -0.000104857)
(1.97495e-06 2.40262e-06 -0.000102043)
(6.29843e-07 2.38613e-06 -0.0001101)
(-2.21968e-06 1.74621e-06 -0.000104425)
(5.04061e-06 3.68846e-07 -0.000127822)
(9.38785e-06 -1.83538e-06 -0.000134755)
(1.2706e-05 -7.60593e-07 -0.00012394)
(1.09801e-05 -5.94375e-07 -0.000120412)
(1.11331e-05 3.30973e-07 -0.000118358)
(5.00359e-06 -1.17188e-06 -0.000130153)
(7.14507e-06 -1.18133e-06 -0.000131374)
(9.5857e-06 -2.96177e-06 -0.00012391)
(9.49568e-06 -1.76264e-06 -0.000119533)
(9.71102e-06 -1.1226e-06 -0.000121761)
(6.23453e-06 -3.16832e-06 -0.000129351)
(7.21562e-06 -1.62253e-06 -0.000125734)
(5.50447e-06 -2.71021e-06 -0.000119603)
(4.45731e-06 -4.25524e-06 -0.000119336)
(4.77722e-06 -2.57249e-06 -0.00012171)
(3.82786e-06 2.62838e-06 -0.000133226)
(5.18594e-06 1.01045e-06 -0.000120323)
(9.54188e-07 -2.39989e-06 -0.000117155)
(-8.36447e-07 -2.74346e-06 -0.000114889)
(1.18664e-06 -1.14838e-06 -0.000118725)
(-1.42303e-06 4.71131e-06 -0.000127389)
(3.52464e-06 8.95665e-07 -0.000125282)
(2.07615e-06 -9.66844e-07 -0.000119334)
(-1.56383e-06 -9.00529e-07 -0.000123516)
(-2.71024e-06 3.23751e-06 -0.000123036)
(1.00678e-05 -1.70074e-06 -0.000137246)
(8.33032e-06 -6.12652e-07 -0.000138428)
(8.91639e-06 -1.38962e-06 -0.000134056)
(9.48667e-06 -6.15102e-07 -0.000131798)
(1.14518e-05 -1.80088e-08 -0.000131145)
(5.97668e-06 -3.09777e-07 -0.000137906)
(7.22821e-06 -3.97657e-06 -0.000138067)
(8.80161e-06 -3.05252e-06 -0.000134044)
(7.38673e-06 -2.49382e-06 -0.000129357)
(1.16404e-05 -3.83174e-06 -0.00013128)
(5.56268e-06 -1.91494e-06 -0.000138822)
(6.07995e-06 -4.27651e-06 -0.000136578)
(7.20689e-06 -4.30181e-06 -0.000132309)
(3.54213e-06 -2.55525e-06 -0.000128982)
(8.5388e-06 -5.79128e-06 -0.000132415)
(2.85541e-06 -6.395e-07 -0.000144323)
(4.7664e-06 -2.42905e-06 -0.000137837)
(2.57585e-06 -2.95131e-06 -0.000134131)
(5.9314e-07 -2.09729e-06 -0.000134285)
(-2.09354e-06 -2.98784e-08 -0.0001341)
(3.63041e-07 -3.9031e-07 -0.000142635)
(2.14519e-06 1.78427e-07 -0.000135877)
(7.15746e-07 -2.50069e-06 -0.000135784)
(3.69834e-07 -1.49585e-06 -0.000134406)
(-1.11716e-06 1.50319e-06 -0.000135978)
(7.86978e-06 -2.1028e-06 -0.000143679)
(7.31536e-06 -8.85432e-07 -0.000145411)
(5.755e-06 -2.29996e-06 -0.00014325)
(7.03093e-06 8.46587e-07 -0.000136931)
(1.01861e-05 -3.51469e-06 -0.000136327)
(6.63587e-06 -1.20312e-06 -0.000147408)
(6.78689e-06 -1.61855e-06 -0.000144204)
(7.34857e-06 -2.47134e-06 -0.000139712)
(3.92895e-06 7.59544e-08 -0.00013704)
(1.01812e-05 -4.65147e-06 -0.000137668)
(4.97181e-06 -2.08332e-06 -0.000149484)
(6.75578e-06 -2.00307e-06 -0.000144828)
(6.99886e-06 -2.20105e-06 -0.000142015)
(4.33785e-06 -1.42113e-06 -0.000138261)
(7.6991e-06 -4.02025e-06 -0.000138227)
(2.44341e-06 -2.65715e-06 -0.000149459)
(3.30739e-06 -1.8627e-06 -0.000145415)
(3.76588e-06 8.16564e-07 -0.000143862)
(2.85881e-06 -2.26912e-06 -0.000142429)
(4.25706e-06 -3.8481e-06 -0.00014792)
(2.62327e-07 -3.41262e-06 -0.000151117)
(9.78865e-07 -3.8867e-07 -0.000145868)
(2.09548e-06 2.43975e-07 -0.000144816)
(2.54533e-06 -3.17558e-06 -0.000146691)
(9.56967e-07 -4.02191e-06 -0.000151034)
(6.33006e-06 -4.47633e-06 -0.000151177)
(4.95456e-06 5.3741e-07 -0.000148097)
(3.46517e-06 2.66777e-08 -0.000146557)
(5.79949e-06 3.041e-06 -0.000141585)
(9.79753e-06 -2.85516e-06 -0.000136571)
(4.71244e-06 2.13843e-06 -0.000148201)
(5.01651e-06 7.26289e-07 -0.000147)
(6.99186e-07 -1.23663e-05 -0.000141105)
(5.04208e-06 -5.30467e-06 -0.00013981)
(7.28393e-06 3.77767e-07 -0.000135635)
(6.29494e-06 8.68357e-07 -0.000153079)
(6.89728e-06 5.34024e-07 -0.000149853)
(7.14487e-06 -1.36069e-06 -0.000143641)
(1.12326e-05 5.53244e-07 -0.000143294)
(1.12182e-05 8.89376e-07 -0.000143678)
(2.60655e-06 -2.35535e-06 -0.000154069)
(4.18162e-06 3.57079e-07 -0.000152614)
(5.73109e-06 6.00673e-07 -0.000149013)
(7.26719e-06 -1.04237e-06 -0.000149096)
(1.22937e-05 -1.50117e-06 -0.000151772)
(5.14794e-08 -4.47367e-06 -0.000155333)
(3.487e-06 1.69823e-06 -0.000151099)
(2.40577e-06 -1.73001e-06 -0.000152954)
(1.76407e-06 -3.88365e-06 -0.000154706)
(4.21587e-06 -2.61247e-06 -0.000152458)
(7.37942e-06 -1.4449e-06 -0.000153519)
(6.71308e-06 1.85953e-05 -0.000156191)
(7.36458e-06 2.18717e-06 -0.000152863)
(7.12033e-06 3.75841e-06 -0.000141662)
(2.6279e-06 1.03857e-06 -0.000132209)
(4.53342e-06 6.36e-06 -0.00014914)
(1.24838e-05 9.41839e-06 -0.000148958)
(4.33266e-06 1.73996e-06 -0.000138765)
(7.04571e-06 3.24045e-06 -0.000137109)
(4.17241e-06 1.60773e-06 -0.000132423)
(2.25288e-06 3.85086e-06 -0.000154988)
(8.83003e-06 4.00068e-06 -0.000151598)
(8.93639e-06 3.02595e-06 -0.000146448)
(1.14012e-05 1.02518e-05 -0.000150782)
(6.36951e-06 1.95613e-06 -0.000139297)
(2.88294e-06 -1.54262e-06 -0.000154978)
(3.44613e-06 3.14628e-06 -0.000154232)
(2.74463e-06 3.47425e-06 -0.000149311)
(7.81648e-06 3.72155e-06 -0.000150084)
(3.53527e-06 9.80921e-08 -0.000148791)
(-1.30598e-06 -8.05936e-06 -0.000153547)
(9.57746e-07 -5.42232e-07 -0.000150694)
(2.32293e-07 1.13657e-06 -0.000152262)
(-1.11008e-06 2.89148e-07 -0.00015127)
(-1.6057e-06 3.22524e-06 -0.000153429)
(1.16561e-05 2.91506e-05 -0.00013338)
(-2.38195e-06 8.8118e-06 -0.000159192)
(8.67067e-06 -2.90824e-06 -0.000144702)
(3.62282e-06 9.05392e-06 -0.000136601)
(-4.54487e-06 -7.73002e-06 -0.000123644)
(1.53455e-05 1.4418e-05 -0.000146341)
(2.2529e-05 9.4982e-06 -0.00014508)
(7.46241e-06 -1.53455e-06 -0.000140156)
(-8.99027e-06 -9.77006e-07 -0.000119677)
(-5.80664e-06 3.26044e-06 -0.000119638)
(2.61898e-06 9.33496e-06 -0.0001545)
(7.76543e-06 7.52628e-06 -0.000151842)
(1.91365e-07 1.51006e-05 -0.000160183)
(-3.87552e-06 1.09242e-05 -0.000153211)
(-9.36055e-07 3.62239e-06 -0.000137505)
(2.17438e-06 -4.46631e-06 -0.000151216)
(5.7247e-06 6.74498e-06 -0.000151012)
(2.38732e-06 1.09099e-05 -0.00014759)
(2.62386e-06 7.19717e-06 -0.000143767)
(2.79151e-06 1.61638e-06 -0.000142761)
(-2.13964e-06 -1.36771e-05 -0.000148041)
(-3.51025e-06 4.145e-06 -0.00014978)
(1.04887e-06 6.34622e-06 -0.000153978)
(2.0458e-06 5.76523e-06 -0.000150253)
(4.54829e-06 7.02267e-06 -0.000153522)
(1.08387e-05 1.7404e-05 -0.000117095)
(-1.19117e-06 -4.49711e-06 -0.000157302)
(-8.41434e-06 1.40349e-06 -0.00014841)
(-1.75625e-05 2.15902e-05 -0.000132253)
(-2.23572e-06 9.82722e-07 -0.000117922)
(2.77775e-05 2.58971e-05 -0.000157303)
(-1.56897e-05 -1.15331e-05 -0.000160382)
(-2.036e-05 -4.77863e-06 -0.000151688)
(-6.70458e-05 3.15543e-05 -0.000140173)
(-1.06337e-05 1.17299e-05 -0.000120038)
(7.85763e-07 9.89068e-06 -0.00015497)
(9.71508e-07 -2.99568e-06 -0.000152248)
(1.04925e-05 -3.1351e-06 -0.000147431)
(-8.58704e-06 1.03916e-05 -0.000142487)
(-1.55489e-05 3.05151e-05 -0.000133888)
(8.62926e-06 8.2149e-07 -0.000148556)
(8.14157e-06 4.63408e-06 -0.000148053)
(4.50663e-06 1.51754e-05 -0.000143278)
(2.65313e-06 9.48097e-06 -0.000140464)
(3.9239e-06 8.62959e-07 -0.000140777)
(4.2412e-07 -2.34541e-05 -0.000134072)
(8.44479e-06 -4.48509e-06 -0.000144915)
(3.70029e-06 1.82101e-05 -0.000150537)
(5.19309e-06 1.58242e-05 -0.000152962)
(7.8895e-06 2.49528e-05 -0.000154556)
(0 0 0)
(0 0 0)
(0 0 0)
(0 0 0)
(0 0 0)
(0 0 0)
(-5.95939e-05 -3.73629e-05 -0.000174673)
(-5.95939e-05 -3.73629e-05 -0.000174673)
(0 0 0)
(0 0 0)
(0 0 0)
(0 0 0)
(1.84386e-05 -1.20934e-05 -0.000146591)
(0 0 0)
(0 0 0)
(0 0 0)
(0 0 0)
(0 0 0)
(0 0 0)
(0 0 0)
(0 0 0)
(1.02118e-05 -5.56416e-06 -0.000144934)
(3.14182e-06 2.15185e-05 -0.00014856)
(0 0 0)
(0 0 0)
(0 0 0)
(0 0 0)
(0 0 0)
(0 0 0)
(0 0 0)
(0 0 0)
(0 0 0)
(0 0 0)
(0 0 0)
(0 0 0)
(0 0 0)
(0 0 0)
(0 0 0)
(0 0 0)
(0 0 0)
(0 0 0)
(0 0 0)
(0 0 0)
(0 0 0)
(0 0 0)
(0 0 0)
(0 0 0)
(0 0 0)
(0 0 0)
(0 0 0)
(0 0 0)
(0 0 0)
(0 0 0)
(0 0 0)
(0 0 0)
(0 0 0)
(0 0 0)
(0 0 0)
(0 0 0)
(0 0 0)
(0 0 0)
(0 0 0)
(0 0 0)
(0 0 0)
(0 0 0)
(0 0 0)
(0 0 0)
(0 0 0)
(0 0 0)
(0 0 0)
(0 0 0)
(0 0 0)
(0 0 0)
(0 0 0)
(0 0 0)
(0 0 0)
(0 0 0)
(0 0 0)
(0 0 0)
(0 0 0)
(0 0 0)
(0 0 0)
(0 0 0)
(0 0 0)
(0 0 0)
(0 0 0)
(0 0 0)
(0 0 0)
(0 0 0)
(0 0 0)
(0 0 0)
(0 0 0)
(0 0 0)
(0 0 0)
(0 0 0)
(0 0 0)
(0 0 0)
(0 0 0)
(0 0 0)
(0 0 0)
(0 0 0)
(0 0 0)
(0 0 0)
(0 0 0)
(0 0 0)
(0 0 0)
(0 0 0)
(0 0 0)
(0 0 0)
(0 0 0)
(0 0 0)
(0 0 0)
(0 0 0)
(0 0 0)
(0 0 0)
(0 0 0)
(0 0 0)
(0 0 0)
(0 0 0)
(0 0 0)
(0 0 0)
(0 0 0)
(0 0 0)
(0 0 0)
(0 0 0)
(0 0 0)
(0 0 0)
(0 0 0)
(0 0 0)
(0 0 0)
(0 0 0)
(0 0 0)
(0 0 0)
(0 0 0)
(0 0 0)
(0 0 0)
(0 0 0)
(0 0 0)
(0 0 0)
(0 0 0)
(0 0 0)
(0 0 0)
(0 0 0)
(0 0 0)
(0 0 0)
(0 0 0)
(0 0 0)
(0 0 0)
(0 0 0)
(0 0 0)
(0 0 0)
(0 0 0)
(0 0 0)
(0 0 0)
(0 0 0)
(0 0 0)
(0 0 0)
(0 0 0)
(0 0 0)
(0 0 0)
(0 0 0)
(0 0 0)
(0 0 0)
(0 0 0)
(0 0 0)
(0 0 0)
(0 0 0)
(0 0 0)
(0 0 0)
(0 0 0)
(0 0 0)
(0 0 0)
(0 0 0)
(0 0 0)
(0 0 0)
(0 0 0)
(0 0 0)
(0 0 0)
(0 0 0)
(0 0 0)
(0 0 0)
(0 0 0)
(0 0 0)
(0 0 0)
(0 0 0)
(0 0 0)
(0 0 0)
(0 0 0)
(0 0 0)
(0 0 0)
(0 0 0)
(0 0 0)
(0 0 0)
(0 0 0)
(0 0 0)
(0 0 0)
(0 0 0)
(0 0 0)
(0 0 0)
(0 0 0)
(0 0 0)
(0 0 0)
(0 0 0)
(0 0 0)
(0 0 0)
(0 0 0)
(0 0 0)
(0 0 0)
(0 0 0)
(0 0 0)
(0 0 0)
(0 0 0)
(0 0 0)
(0 0 0)
(0 0 0)
(0 0 0)
(0 0 0)
(0 0 0)
(0 0 0)
(0 0 0)
(0 0 0)
(0 0 0)
(0 0 0)
(0 0 0)
(0 0 0)
(0 0 0)
(0 0 0)
(0 0 0)
(0 0 0)
(0 0 0)
(0 0 0)
(0 0 0)
(0 0 0)
(0 0 0)
(0 0 0)
(0 0 0)
(0 0 0)
(0 0 0)
(0 0 0)
(0 0 0)
(0 0 0)
(0 0 0)
(0 0 0)
(0 0 0)
(0 0 0)
(0 0 0)
(0 0 0)
(0 0 0)
(0 0 0)
(0 0 0)
(0 0 0)
(0 0 0)
(0 0 0)
(0 0 0)
(0 0 0)
(0 0 0)
(0 0 0)
(0 0 0)
(0 0 0)
(0 0 0)
(0 0 0)
(0 0 0)
(0 0 0)
(0 0 0)
(0 0 0)
(0 0 0)
(0 0 0)
(0 0 0)
(0 0 0)
(0 0 0)
(0 0 0)
(0 0 0)
(0 0 0)
(0 0 0)
(0 0 0)
(0 0 0)
(0 0 0)
(0 0 0)
(0 0 0)
(0 0 0)
(0 0 0)
(0 0 0)
(0 0 0)
(0 0 0)
(0 0 0)
(0 0 0)
(0 0 0)
(0 0 0)
(0 0 0)
(0 0 0)
(0 0 0)
(0 0 0)
(0 0 0)
(0 0 0)
(0 0 0)
(0 0 0)
(0 0 0)
(0 0 0)
(0 0 0)
(0 0 0)
(0 0 0)
(0 0 0)
(0 0 0)
(0 0 0)
(0 0 0)
(0 0 0)
(0 0 0)
(0 0 0)
(0 0 0)
(0 0 0)
(0 0 0)
(0 0 0)
(0 0 0)
(0 0 0)
(0 0 0)
(0 0 0)
(0 0 0)
(0 0 0)
(0 0 0)
(0 0 0)
(0 0 0)
(0 0 0)
(0 0 0)
(0 0 0)
(0 0 0)
(0 0 0)
(0 0 0)
(0 0 0)
(0 0 0)
(0 0 0)
(0 0 0)
(0 0 0)
(0 0 0)
(0 0 0)
(0 0 0)
(0 0 0)
(0 0 0)
(0 0 0)
(0 0 0)
(0 0 0)
(0 0 0)
(0 0 0)
(0 0 0)
(0 0 0)
(0 0 0)
(0 0 0)
(0 0 0)
(0 0 0)
(0 0 0)
(0 0 0)
(0 0 0)
(0 0 0)
(0 0 0)
(0 0 0)
(0 0 0)
(0 0 0)
(0 0 0)
(0 0 0)
(0 0 0)
(0 0 0)
(0 0 0)
(0 0 0)
(0 0 0)
(0 0 0)
(0 0 0)
(0 0 0)
(0 0 0)
(0 0 0)
(0 0 0)
(0 0 0)
(0 0 0)
(0 0 0)
(0 0 0)
(0 0 0)
(0 0 0)
(0 0 0)
(0 0 0)
(0 0 0)
(0 0 0)
(0 0 0)
(0 0 0)
(0 0 0)
(0 0 0)
(0 0 0)
(0 0 0)
(0 0 0)
(0 0 0)
(0 0 0)
(0 0 0)
(0 0 0)
(0 0 0)
(0 0 0)
(0 0 0)
(0 0 0)
(0 0 0)
(0 0 0)
(0 0 0)
(0 0 0)
(0 0 0)
(0 0 0)
(0 0 0)
(0 0 0)
(0 0 0)
(0 0 0)
(0 0 0)
(0 0 0)
(0 0 0)
(0 0 0)
(0 0 0)
(0 0 0)
(0 0 0)
(0 0 0)
(0 0 0)
(0 0 0)
(0 0 0)
(0 0 0)
(0 0 0)
(0 0 0)
(0 0 0)
(0 0 0)
(0 0 0)
(0 0 0)
(0 0 0)
(0 0 0)
(0 0 0)
(0 0 0)
(0 0 0)
(0 0 0)
(0 0 0)
(0 0 0)
(0 0 0)
(0 0 0)
(0 0 0)
(0 0 0)
(0 0 0)
(0 0 0)
(0 0 0)
(0 0 0)
(0 0 0)
(0 0 0)
(0 0 0)
(0 0 0)
(0 0 0)
(0 0 0)
(0 0 0)
(0 0 0)
(0 0 0)
(0 0 0)
(0 0 0)
(0 0 0)
(0 0 0)
(0 0 0)
(0 0 0)
(0 0 0)
(0 0 0)
(0 0 0)
(0 0 0)
(0 0 0)
(0 0 0)
(0 0 0)
(0 0 0)
(0 0 0)
(0 0 0)
(0 0 0)
(0 0 0)
(0 0 0)
(0 0 0)
(0 0 0)
(0 0 0)
(0 0 0)
(0 0 0)
(0 0 0)
(0 0 0)
(0 0 0)
(0 0 0)
(0 0 0)
(0 0 0)
(0 0 0)
(0 0 0)
(0 0 0)
(0 0 0)
(0 0 0)
(0 0 0)
(0 0 0)
(0 0 0)
(0 0 0)
(0 0 0)
(0 0 0)
(0 0 0)
(0 0 0)
(0 0 0)
(0 0 0)
(0 0 0)
(0 0 0)
(0 0 0)
(0 0 0)
(0 0 0)
(0 0 0)
(0 0 0)
(0 0 0)
(0 0 0)
(0 0 0)
(0 0 0)
(0 0 0)
(0 0 0)
(0 0 0)
(0 0 0)
(0 0 0)
(0 0 0)
(0 0 0)
(0 0 0)
(0 0 0)
(0 0 0)
(0 0 0)
(0 0 0)
(0 0 0)
(0 0 0)
(0 0 0)
(0 0 0)
(0 0 0)
(0 0 0)
(0 0 0)
(0 0 0)
(0 0 0)
(0 0 0)
(0 0 0)
(0 0 0)
(0 0 0)
(0 0 0)
(0 0 0)
(0 0 0)
(0 0 0)
(0 0 0)
(0 0 0)
(0 0 0)
(0 0 0)
(0 0 0)
(0 0 0)
(0 0 0)
(0 0 0)
(0 0 0)
(0 0 0)
(0 0 0)
(0 0 0)
(0 0 0)
(0 0 0)
(0 0 0)
(0 0 0)
(0 0 0)
(0 0 0)
(0 0 0)
(0 0 0)
(0 0 0)
(0 0 0)
(0 0 0)
(0 0 0)
(0 0 0)
(0 0 0)
(0 0 0)
(0 0 0)
(0 0 0)
(0 0 0)
(0 0 0)
(0 0 0)
(0 0 0)
(0 0 0)
(0 0 0)
(0 0 0)
(0 0 0)
(0 0 0)
(0 0 0)
(0 0 0)
(0 0 0)
(0 0 0)
(0 0 0)
(0 0 0)
(0 0 0)
(0 0 0)
(0 0 0)
(0 0 0)
(0 0 0)
(0 0 0)
(0 0 0)
(0 0 0)
(0 0 0)
(0 0 0)
(0 0 0)
(0 0 0)
(0 0 0)
(0 0 0)
(0 0 0)
(0 0 0)
(0 0 0)
(0 0 0)
(0 0 0)
(0 0 0)
(0 0 0)
(0 0 0)
(0 0 0)
(0 0 0)
(0 0 0)
(0 0 0)
(0 0 0)
(0 0 0)
(0 0 0)
(0 0 0)
(0 0 0)
(0 0 0)
(0 0 0)
(0 0 0)
(0 0 0)
(0 0 0)
(0 0 0)
(0 0 0)
(0 0 0)
(0 0 0)
(0 0 0)
(0 0 0)
(0 0 0)
(0 0 0)
(0 0 0)
(0 0 0)
(0 0 0)
(0 0 0)
(0 0 0)
(0 0 0)
(0 0 0)
(0 0 0)
(0 0 0)
(0 0 0)
(0 0 0)
(0 0 0)
(0 0 0)
(0 0 0)
(0 0 0)
(0 0 0)
(0 0 0)
(0 0 0)
(0 0 0)
(0 0 0)
(0 0 0)
(0 0 0)
(0 0 0)
(0 0 0)
(0 0 0)
(0 0 0)
(0 0 0)
(0 0 0)
(0 0 0)
(0 0 0)
(0 0 0)
(0 0 0)
(0 0 0)
(0 0 0)
(0 0 0)
(0 0 0)
(0 0 0)
(0 0 0)
(0 0 0)
(0 0 0)
(0 0 0)
(0 0 0)
(0 0 0)
(0 0 0)
(0 0 0)
(0 0 0)
(0 0 0)
(0 0 0)
(0 0 0)
(0 0 0)
(0 0 0)
(0 0 0)
(0 0 0)
(0 0 0)
(0 0 0)
(0 0 0)
(0 0 0)
(0 0 0)
(0 0 0)
(0 0 0)
(0 0 0)
(0 0 0)
(0 0 0)
(0 0 0)
(0 0 0)
(0 0 0)
(0 0 0)
(0 0 0)
(0 0 0)
(0 0 0)
(0 0 0)
(0 0 0)
(0 0 0)
(0 0 0)
(0 0 0)
(0 0 0)
(0 0 0)
(0 0 0)
(0 0 0)
(0 0 0)
(0 0 0)
(0 0 0)
(0 0 0)
(0 0 0)
(0 0 0)
(0 0 0)
(0 0 0)
(0 0 0)
(0 0 0)
(0 0 0)
(0 0 0)
(0 0 0)
(0 0 0)
(0 0 0)
(0 0 0)
(0 0 0)
(0 0 0)
(0 0 0)
(0 0 0)
(0 0 0)
(0 0 0)
(0 0 0)
(0 0 0)
(0 0 0)
(0 0 0)
(0 0 0)
(0 0 0)
(0 0 0)
(0 0 0)
(0 0 0)
(0 0 0)
(0 0 0)
(0 0 0)
(0 0 0)
(0 0 0)
(0 0 0)
(0 0 0)
(0 0 0)
(0 0 0)
(0 0 0)
(0 0 0)
(0 0 0)
(0 0 0)
(0 0 0)
(0 0 0)
(0 0 0)
(0 0 0)
(0 0 0)
(0 0 0)
(0 0 0)
(0 0 0)
(0 0 0)
(0 0 0)
(0 0 0)
(0 0 0)
(0 0 0)
(0 0 0)
(0 0 0)
(0 0 0)
(0 0 0)
(0 0 0)
(0 0 0)
(0 0 0)
(0 0 0)
(0 0 0)
(0 0 0)
(0 0 0)
(0 0 0)
(0 0 0)
(0 0 0)
(0 0 0)
(0 0 0)
(0 0 0)
(0 0 0)
(0 0 0)
(0 0 0)
(0 0 0)
(0 0 0)
(0 0 0)
(0 0 0)
(0 0 0)
(0 0 0)
(0 0 0)
(0 0 0)
(0 0 0)
(0 0 0)
(0 0 0)
(0 0 0)
(0 0 0)
(0 0 0)
(0 0 0)
(0 0 0)
(0 0 0)
(0 0 0)
(0 0 0)
(0 0 0)
(0 0 0)
(0 0 0)
(0 0 0)
(0 0 0)
(0 0 0)
(0 0 0)
(0 0 0)
(0 0 0)
(0 0 0)
(0 0 0)
(0 0 0)
(0 0 0)
(0 0 0)
(0 0 0)
(0 0 0)
(0 0 0)
(0 0 0)
(0 0 0)
(0 0 0)
(0 0 0)
(0 0 0)
(0 0 0)
(0 0 0)
(0 0 0)
(0 0 0)
(0 0 0)
(0 0 0)
(0 0 0)
(0 0 0)
(0 0 0)
(0 0 0)
(0 0 0)
(0 0 0)
(0 0 0)
(0 0 0)
(0 0 0)
(0 0 0)
(0 0 0)
(0 0 0)
(0 0 0)
(0 0 0)
(0 0 0)
(0 0 0)
(0 0 0)
(0 0 0)
(0 0 0)
(0 0 0)
(0 0 0)
(0 0 0)
(0 0 0)
(0 0 0)
(0 0 0)
(0 0 0)
(0 0 0)
(0 0 0)
(0 0 0)
(0 0 0)
(0 0 0)
(0 0 0)
(0 0 0)
(0 0 0)
(0 0 0)
(0 0 0)
(0 0 0)
(0 0 0)
(0 0 0)
(0 0 0)
(0 0 0)
(0 0 0)
(0 0 0)
(0 0 0)
(0 0 0)
(0 0 0)
(0 0 0)
(0 0 0)
(0 0 0)
(0 0 0)
(0 0 0)
(0 0 0)
(0 0 0)
(0 0 0)
(0 0 0)
(0 0 0)
(0 0 0)
(0 0 0)
(0 0 0)
(0 0 0)
(0 0 0)
(0 0 0)
(0 0 0)
(0 0 0)
(0 0 0)
(0 0 0)
(0 0 0)
(0 0 0)
(0 0 0)
(0 0 0)
(0 0 0)
(0 0 0)
(0 0 0)
(0 0 0)
(0 0 0)
(0 0 0)
(0 0 0)
(0 0 0)
(0 0 0)
(0 0 0)
(0 0 0)
(0 0 0)
(0 0 0)
(0 0 0)
(0 0 0)
(0 0 0)
(0 0 0)
(0 0 0)
(0 0 0)
(0 0 0)
(0 0 0)
(0 0 0)
(0 0 0)
(0 0 0)
(0 0 0)
(0 0 0)
(0 0 0)
(0 0 0)
(0 0 0)
(0 0 0)
(0 0 0)
(0 0 0)
(0 0 0)
(0 0 0)
(0 0 0)
(0 0 0)
(0 0 0)
(0 0 0)
(0 0 0)
(0 0 0)
(0 0 0)
(0 0 0)
(0 0 0)
(0 0 0)
(0 0 0)
(0 0 0)
(0 0 0)
(0 0 0)
(0 0 0)
(0 0 0)
(0 0 0)
(0 0 0)
(0 0 0)
(0 0 0)
(0 0 0)
(0 0 0)
(0 0 0)
)
;

boundaryField
{
    inlet
    {
        type            fixedValue;
        value           uniform (0 0 0);
    }
    outlet
    {
        type            fixedValue;
        value           uniform (0 0 0);
    }
    repeat_boundary
    {
        type            fixedValue;
        value           uniform (0 0 0);
    }
    procBoundary1to0
    {
        type            processor;
        value           nonuniform List<vector> 
450
(
(0 0 0)
(0 0 0)
(0 0 0)
(0 0 0)
(0 0 0)
(0 0 0)
(0 0 0)
(0 0 0)
(0 0 0)
(0 0 0)
(0 0 0)
(0 0 0)
(0 0 0)
(0 0 0)
(0 0 0)
(0 0 0)
(0 0 0)
(0 0 0)
(0 0 0)
(0 0 0)
(0 0 0)
(0 0 0)
(0 0 0)
(0 0 0)
(0 0 0)
(0 0 0)
(0 0 0)
(0 0 0)
(0 0 0)
(0 0 0)
(0 0 0)
(0 0 0)
(0 0 0)
(0 0 0)
(0 0 0)
(0 0 0)
(0 0 0)
(0 0 0)
(0 0 0)
(0 0 0)
(0 0 0)
(0 0 0)
(0 0 0)
(0 0 0)
(0 0 0)
(0 0 0)
(0 0 0)
(0 0 0)
(0 0 0)
(0 0 0)
(0 0 0)
(0 0 0)
(0 0 0)
(0 0 0)
(0 0 0)
(0 0 0)
(0 0 0)
(0 0 0)
(0 0 0)
(0 0 0)
(0 0 0)
(0 0 0)
(0 0 0)
(0 0 0)
(0 0 0)
(0 0 0)
(0 0 0)
(0 0 0)
(0 0 0)
(0 0 0)
(0 0 0)
(0 0 0)
(0 0 0)
(0 0 0)
(0 0 0)
(0 0 0)
(0 0 0)
(0 0 0)
(0 0 0)
(0 0 0)
(0 0 0)
(0 0 0)
(0 0 0)
(0 0 0)
(0 0 0)
(0 0 0)
(0 0 0)
(0 0 0)
(0 0 0)
(0 0 0)
(0 0 0)
(0 0 0)
(0 0 0)
(0 0 0)
(0 0 0)
(0 0 0)
(0 0 0)
(0 0 0)
(0 0 0)
(0 0 0)
(0 0 0)
(0 0 0)
(0 0 0)
(0 0 0)
(0 0 0)
(0 0 0)
(0 0 0)
(0 0 0)
(0 0 0)
(0 0 0)
(0 0 0)
(0 0 0)
(0 0 0)
(0 0 0)
(0 0 0)
(0 0 0)
(0 0 0)
(0 0 0)
(0 0 0)
(0 0 0)
(0 0 0)
(0 0 0)
(0 0 0)
(0 0 0)
(0 0 0)
(0 0 0)
(0 0 0)
(0 0 0)
(0 0 0)
(0 0 0)
(0 0 0)
(0 0 0)
(0 0 0)
(0 0 0)
(0 0 0)
(0 0 0)
(0 0 0)
(0 0 0)
(0 0 0)
(0 0 0)
(0 0 0)
(0 0 0)
(0 0 0)
(0 0 0)
(0 0 0)
(0 0 0)
(0 0 0)
(0 0 0)
(0 0 0)
(0 0 0)
(0 0 0)
(0 0 0)
(0 0 0)
(0 0 0)
(0 0 0)
(0 0 0)
(0 0 0)
(0 0 0)
(0 0 0)
(0 0 0)
(0 0 0)
(0 0 0)
(0 0 0)
(0 0 0)
(0 0 0)
(0 0 0)
(0 0 0)
(0 0 0)
(0 0 0)
(0 0 0)
(0 0 0)
(0 0 0)
(0 0 0)
(0 0 0)
(0 0 0)
(0 0 0)
(0 0 0)
(0 0 0)
(0 0 0)
(0 0 0)
(0 0 0)
(0 0 0)
(0 0 0)
(0 0 0)
(0 0 0)
(0 0 0)
(0 0 0)
(0 0 0)
(0 0 0)
(0 0 0)
(0 0 0)
(0 0 0)
(0 0 0)
(0 0 0)
(0 0 0)
(0 0 0)
(0 0 0)
(0 0 0)
(0 0 0)
(0 0 0)
(6.56301e-06 -1.09762e-06 -1.61256e-05)
(3.53033e-07 4.04202e-06 -1.50262e-05)
(-1.39665e-06 3.57607e-06 -1.64651e-05)
(-4.81364e-07 -2.83602e-06 -1.58387e-05)
(-7.12822e-07 1.77536e-06 -2.89266e-05)
(2.72323e-06 6.67178e-06 -4.67684e-05)
(6.26459e-07 1.14459e-05 -4.17153e-05)
(4.47815e-07 9.56644e-06 -4.03053e-05)
(-1.34147e-06 -2.41894e-07 -4.31961e-05)
(-2.16747e-06 2.28463e-06 -4.29154e-05)
(2.69772e-06 5.57633e-06 -6.23136e-05)
(1.01297e-06 9.79074e-06 -6.90869e-05)
(5.04982e-06 6.13884e-06 -6.70336e-05)
(-2.96684e-06 2.05597e-06 -6.4277e-05)
(-3.19333e-06 -7.56813e-07 -6.74212e-05)
(5.36426e-06 9.56795e-06 -8.9628e-05)
(2.22565e-06 5.91516e-06 -9.57454e-05)
(2.85223e-06 6.19793e-06 -9.06222e-05)
(-5.66418e-06 6.25858e-06 -9.54735e-05)
(-4.14748e-06 1.41879e-06 -8.93227e-05)
(8.84158e-06 3.62228e-06 -0.000110878)
(1.36124e-06 2.16321e-06 -0.000115732)
(4.05923e-06 9.50358e-07 -0.000113859)
(4.13232e-06 -1.31716e-06 -0.000124203)
(-4.40411e-06 4.34634e-06 -0.000111434)
(6.7607e-06 -1.7697e-06 -0.000127973)
(5.56876e-06 6.06897e-07 -0.000123205)
(2.34639e-06 2.26475e-06 -0.000131754)
(2.75123e-06 -8.74773e-08 -0.000134584)
(2.25514e-06 -2.36929e-06 -0.000128705)
(7.80222e-06 -1.60226e-06 -0.000134383)
(7.03508e-06 -1.64541e-06 -0.000137064)
(5.36108e-06 -1.34183e-06 -0.000140018)
(2.39447e-06 -2.60469e-06 -0.000143295)
(1.98515e-06 -2.80507e-06 -0.000142159)
(6.42409e-06 -1.78694e-06 -0.000142629)
(5.19806e-06 -2.12844e-06 -0.000143954)
(4.37679e-06 -1.88489e-06 -0.000148101)
(1.11907e-06 -2.8501e-06 -0.000149588)
(-1.3892e-07 -4.88468e-06 -0.000153054)
(4.69517e-06 -1.42552e-06 -0.000144087)
(4.89319e-06 -3.69752e-07 -0.0001491)
(1.67971e-06 -1.25964e-06 -0.000151812)
(-7.48468e-07 -2.76542e-06 -0.000155381)
(-2.11004e-06 -3.61122e-06 -0.000157993)
(1.25582e-05 3.47708e-07 -0.000144604)
(7.11931e-07 2.54464e-06 -0.000147917)
(3.24426e-06 4.9256e-06 -0.000154421)
(2.93954e-07 9.57323e-07 -0.000158391)
(-1.56344e-06 -6.38806e-06 -0.000161323)
(1.49329e-05 -9.62852e-07 -0.000144729)
(3.62228e-06 -1.55018e-06 -0.000149506)
(-3.39625e-06 1.26293e-06 -0.000164099)
(-1.00217e-05 1.01412e-06 -0.000163987)
(-8.38969e-06 -9.17597e-06 -0.000158929)
(1.17229e-05 -1.84695e-06 -0.000139202)
(-5.81517e-06 -1.66706e-06 -0.000159432)
(-1.91564e-05 -1.9033e-06 -0.000169901)
(-2.66088e-05 -1.12874e-05 -0.000155465)
(-2.04925e-05 -1.38599e-05 -0.000154246)
(0 0 0)
(0 0 0)
(-1.77591e-05 -5.5065e-05 -0.000188364)
(0 0 0)
(0 0 0)
(0 0 0)
(0 0 0)
(0 0 0)
(0 0 0)
(0 0 0)
(0 0 0)
(0 0 0)
(0 0 0)
(0 0 0)
(0 0 0)
(0 0 0)
(0 0 0)
(0 0 0)
(0 0 0)
(0 0 0)
(0 0 0)
(0 0 0)
(0 0 0)
(0 0 0)
(0 0 0)
(0 0 0)
(0 0 0)
(0 0 0)
(0 0 0)
(0 0 0)
(0 0 0)
(0 0 0)
(0 0 0)
(0 0 0)
(0 0 0)
(0 0 0)
(0 0 0)
(0 0 0)
(0 0 0)
(0 0 0)
(0 0 0)
(0 0 0)
(0 0 0)
(0 0 0)
(0 0 0)
(0 0 0)
(0 0 0)
(0 0 0)
(0 0 0)
(0 0 0)
(0 0 0)
(0 0 0)
(0 0 0)
(0 0 0)
(0 0 0)
(0 0 0)
(0 0 0)
(0 0 0)
(0 0 0)
(0 0 0)
(0 0 0)
(0 0 0)
(0 0 0)
(0 0 0)
(0 0 0)
(0 0 0)
(0 0 0)
(0 0 0)
(0 0 0)
(0 0 0)
(0 0 0)
(0 0 0)
(0 0 0)
(0 0 0)
(0 0 0)
(0 0 0)
(0 0 0)
(0 0 0)
(0 0 0)
(0 0 0)
(0 0 0)
(0 0 0)
(0 0 0)
(0 0 0)
(0 0 0)
(0 0 0)
(0 0 0)
(0 0 0)
(0 0 0)
(0 0 0)
(0 0 0)
(0 0 0)
(0 0 0)
(0 0 0)
(0 0 0)
(0 0 0)
(0 0 0)
(0 0 0)
(0 0 0)
(0 0 0)
(0 0 0)
(0 0 0)
(0 0 0)
(0 0 0)
(0 0 0)
(0 0 0)
(0 0 0)
(0 0 0)
(0 0 0)
(0 0 0)
(0 0 0)
(0 0 0)
(0 0 0)
(0 0 0)
(0 0 0)
(0 0 0)
(0 0 0)
(0 0 0)
(0 0 0)
(0 0 0)
(0 0 0)
(0 0 0)
(0 0 0)
(0 0 0)
(0 0 0)
(0 0 0)
(0 0 0)
(0 0 0)
(0 0 0)
(0 0 0)
(0 0 0)
(0 0 0)
(0 0 0)
(0 0 0)
(0 0 0)
(0 0 0)
(0 0 0)
(0 0 0)
(0 0 0)
(0 0 0)
(0 0 0)
(0 0 0)
(0 0 0)
(0 0 0)
(0 0 0)
(0 0 0)
(0 0 0)
(0 0 0)
(0 0 0)
(0 0 0)
(0 0 0)
(0 0 0)
(0 0 0)
(0 0 0)
(0 0 0)
(0 0 0)
(0 0 0)
(0 0 0)
(0 0 0)
(0 0 0)
(0 0 0)
(0 0 0)
(0 0 0)
(0 0 0)
(0 0 0)
(0 0 0)
(0 0 0)
(0 0 0)
(0 0 0)
(0 0 0)
(0 0 0)
(0 0 0)
(0 0 0)
(0 0 0)
(0 0 0)
(0 0 0)
(0 0 0)
(0 0 0)
(0 0 0)
(0 0 0)
(0 0 0)
(0 0 0)
(0 0 0)
(0 0 0)
(0 0 0)
(0 0 0)
(0 0 0)
(0 0 0)
(0 0 0)
(0 0 0)
)
;
    }
    procBoundary1to3
    {
        type            processor;
        value           nonuniform List<vector> 
450
(
(0 0 0)
(0 0 0)
(0 0 0)
(0 0 0)
(0 0 0)
(0 0 0)
(0 0 0)
(0 0 0)
(0 0 0)
(0 0 0)
(0 0 0)
(0 0 0)
(0 0 0)
(0 0 0)
(0 0 0)
(0 0 0)
(0 0 0)
(0 0 0)
(0 0 0)
(0 0 0)
(0 0 0)
(0 0 0)
(0 0 0)
(0 0 0)
(0 0 0)
(0 0 0)
(0 0 0)
(0 0 0)
(0 0 0)
(0 0 0)
(0 0 0)
(0 0 0)
(0 0 0)
(0 0 0)
(0 0 0)
(0 0 0)
(0 0 0)
(0 0 0)
(0 0 0)
(0 0 0)
(0 0 0)
(0 0 0)
(0 0 0)
(0 0 0)
(0 0 0)
(0 0 0)
(0 0 0)
(0 0 0)
(0 0 0)
(0 0 0)
(0 0 0)
(0 0 0)
(0 0 0)
(0 0 0)
(0 0 0)
(0 0 0)
(0 0 0)
(0 0 0)
(0 0 0)
(0 0 0)
(0 0 0)
(0 0 0)
(0 0 0)
(0 0 0)
(0 0 0)
(0 0 0)
(0 0 0)
(0 0 0)
(0 0 0)
(0 0 0)
(0 0 0)
(0 0 0)
(0 0 0)
(0 0 0)
(0 0 0)
(0 0 0)
(0 0 0)
(0 0 0)
(0 0 0)
(0 0 0)
(0 0 0)
(0 0 0)
(0 0 0)
(0 0 0)
(0 0 0)
(0 0 0)
(0 0 0)
(0 0 0)
(0 0 0)
(0 0 0)
(0 0 0)
(0 0 0)
(0 0 0)
(0 0 0)
(0 0 0)
(0 0 0)
(0 0 0)
(0 0 0)
(0 0 0)
(0 0 0)
(0 0 0)
(0 0 0)
(0 0 0)
(0 0 0)
(0 0 0)
(0 0 0)
(0 0 0)
(0 0 0)
(0 0 0)
(0 0 0)
(0 0 0)
(0 0 0)
(0 0 0)
(0 0 0)
(0 0 0)
(0 0 0)
(0 0 0)
(0 0 0)
(0 0 0)
(0 0 0)
(0 0 0)
(0 0 0)
(0 0 0)
(0 0 0)
(0 0 0)
(0 0 0)
(0 0 0)
(0 0 0)
(0 0 0)
(0 0 0)
(0 0 0)
(0 0 0)
(0 0 0)
(0 0 0)
(0 0 0)
(0 0 0)
(0 0 0)
(0 0 0)
(0 0 0)
(0 0 0)
(0 0 0)
(0 0 0)
(0 0 0)
(0 0 0)
(0 0 0)
(0 0 0)
(0 0 0)
(0 0 0)
(0 0 0)
(0 0 0)
(0 0 0)
(0 0 0)
(0 0 0)
(0 0 0)
(0 0 0)
(0 0 0)
(0 0 0)
(0 0 0)
(0 0 0)
(0 0 0)
(0 0 0)
(0 0 0)
(0 0 0)
(0 0 0)
(0 0 0)
(0 0 0)
(0 0 0)
(0 0 0)
(0 0 0)
(0 0 0)
(0 0 0)
(0 0 0)
(0 0 0)
(0 0 0)
(0 0 0)
(0 0 0)
(0 0 0)
(0 0 0)
(0 0 0)
(0 0 0)
(0 0 0)
(0 0 0)
(0 0 0)
(0 0 0)
(0 0 0)
(0 0 0)
(0 0 0)
(0 0 0)
(0 0 0)
(0 0 0)
(0 0 0)
(0 0 0)
(0 0 0)
(0 0 0)
(0 0 0)
(0 0 0)
(0 0 0)
(0 0 0)
(0 0 0)
(0 0 0)
(-5.65778e-06 -1.41195e-06 -1.55498e-05)
(-5.60251e-06 -2.24825e-06 -1.57277e-05)
(3.95344e-08 8.76536e-07 -1.31157e-05)
(-2.52887e-06 -5.23311e-06 -2.0504e-05)
(-6.1773e-06 -1.02259e-05 -8.48521e-06)
(-5.18102e-07 3.68223e-06 -5.03281e-05)
(-1.72994e-06 1.51034e-06 -4.80057e-05)
(4.18529e-06 3.17929e-06 -3.59771e-05)
(-2.28576e-06 -6.77995e-06 -4.1557e-05)
(-7.42267e-07 -7.69433e-06 -4.90856e-05)
(1.9724e-06 4.07382e-06 -6.72525e-05)
(5.61013e-06 4.56722e-06 -6.71201e-05)
(1.00811e-06 7.20433e-07 -6.38675e-05)
(-2.52077e-06 -3.95786e-06 -5.84454e-05)
(-2.65807e-06 -1.24719e-06 -6.79803e-05)
(1.00803e-06 2.75564e-06 -9.62614e-05)
(6.35528e-06 6.09991e-06 -8.48678e-05)
(1.14407e-06 2.33212e-07 -9.03576e-05)
(9.42468e-07 5.01072e-07 -8.88798e-05)
(-3.05079e-06 1.23983e-06 -8.88271e-05)
(-3.76958e-06 1.46751e-06 -0.000118461)
(6.382e-06 3.95816e-07 -0.000107592)
(4.44869e-06 1.90934e-06 -0.000105551)
(2.17338e-06 3.47296e-06 -0.00010648)
(-2.24313e-06 3.28255e-06 -0.000109975)
(1.42264e-06 2.34971e-06 -0.000131488)
(2.44281e-06 3.88408e-06 -0.00012592)
(7.48604e-07 1.4004e-06 -0.000121828)
(-4.7997e-07 1.68643e-06 -0.000120846)
(-1.0985e-06 2.4544e-06 -0.000122345)
(1.77245e-06 8.24752e-08 -0.000141184)
(1.96175e-06 1.40187e-06 -0.000135185)
(-9.48708e-07 5.67314e-07 -0.000137048)
(-1.37782e-06 -1.32881e-07 -0.000140284)
(-7.12124e-07 2.03943e-07 -0.000140615)
(-3.94143e-07 -2.45127e-06 -0.00014864)
(7.3004e-07 3.00968e-08 -0.000143814)
(8.73659e-07 2.67303e-07 -0.000148595)
(-1.38355e-06 1.60889e-06 -0.000149037)
(-4.18908e-06 3.73991e-06 -0.000151598)
(-1.91726e-06 -5.38757e-06 -0.000152668)
(2.21092e-06 2.4727e-06 -0.000149887)
(-1.6097e-06 6.22811e-07 -0.0001531)
(2.54381e-07 -2.10042e-06 -0.000158595)
(-2.44551e-06 1.8059e-06 -0.000159194)
(-1.25821e-07 -7.26008e-06 -0.000155527)
(-2.45385e-06 1.58174e-06 -0.000150381)
(-2.08828e-06 2.30657e-06 -0.0001534)
(2.85345e-06 -4.37516e-06 -0.000161335)
(-1.55155e-06 2.55684e-06 -0.000162866)
(-1.85229e-05 5.96828e-06 -0.000157925)
(-9.88577e-06 5.00027e-06 -0.000150003)
(5.58364e-06 1.89503e-06 -0.000154385)
(5.07479e-06 -8.79233e-06 -0.000164081)
(2.41555e-06 -2.19243e-06 -0.000164884)
(-8.62149e-06 -2.60891e-05 -0.000163152)
(1.15504e-05 3.25973e-07 -0.000142799)
(2.73191e-06 -6.52403e-06 -0.000158737)
(5.40171e-06 -1.35491e-05 -0.000168252)
(5.84822e-05 2.27247e-06 -0.000150593)
(2.04803e-05 -6.68661e-07 -0.00014773)
(3.25799e-05 1.73627e-06 -0.000140176)
(0 0 0)
(0 0 0)
(0 0 0)
(0 0 0)
(0 0 0)
(0 0 0)
(0 0 0)
(0 0 0)
(0 0 0)
(0 0 0)
(0 0 0)
(0 0 0)
(0 0 0)
(0 0 0)
(0 0 0)
(0 0 0)
(0 0 0)
(0 0 0)
(0 0 0)
(0 0 0)
(0 0 0)
(0 0 0)
(0 0 0)
(0 0 0)
(0 0 0)
(0 0 0)
(0 0 0)
(0 0 0)
(0 0 0)
(0 0 0)
(0 0 0)
(0 0 0)
(0 0 0)
(0 0 0)
(0 0 0)
(0 0 0)
(0 0 0)
(0 0 0)
(0 0 0)
(0 0 0)
(0 0 0)
(0 0 0)
(0 0 0)
(0 0 0)
(0 0 0)
(0 0 0)
(0 0 0)
(0 0 0)
(0 0 0)
(0 0 0)
(0 0 0)
(0 0 0)
(0 0 0)
(0 0 0)
(0 0 0)
(0 0 0)
(0 0 0)
(0 0 0)
(0 0 0)
(0 0 0)
(0 0 0)
(0 0 0)
(0 0 0)
(0 0 0)
(0 0 0)
(0 0 0)
(0 0 0)
(0 0 0)
(0 0 0)
(0 0 0)
(0 0 0)
(0 0 0)
(0 0 0)
(0 0 0)
(0 0 0)
(0 0 0)
(0 0 0)
(0 0 0)
(0 0 0)
(0 0 0)
(0 0 0)
(0 0 0)
(0 0 0)
(0 0 0)
(0 0 0)
(0 0 0)
(0 0 0)
(0 0 0)
(0 0 0)
(0 0 0)
(0 0 0)
(0 0 0)
(0 0 0)
(0 0 0)
(0 0 0)
(0 0 0)
(0 0 0)
(0 0 0)
(0 0 0)
(0 0 0)
(0 0 0)
(0 0 0)
(0 0 0)
(0 0 0)
(0 0 0)
(0 0 0)
(0 0 0)
(0 0 0)
(0 0 0)
(0 0 0)
(0 0 0)
(0 0 0)
(0 0 0)
(0 0 0)
(0 0 0)
(0 0 0)
(0 0 0)
(0 0 0)
(0 0 0)
(0 0 0)
(0 0 0)
(0 0 0)
(0 0 0)
(0 0 0)
(0 0 0)
(0 0 0)
(0 0 0)
(0 0 0)
(0 0 0)
(0 0 0)
(0 0 0)
(0 0 0)
(0 0 0)
(0 0 0)
(0 0 0)
(0 0 0)
(0 0 0)
(0 0 0)
(0 0 0)
(0 0 0)
(0 0 0)
(0 0 0)
(0 0 0)
(0 0 0)
(0 0 0)
(0 0 0)
(0 0 0)
(0 0 0)
(0 0 0)
(0 0 0)
(0 0 0)
(0 0 0)
(0 0 0)
(0 0 0)
(0 0 0)
(0 0 0)
(0 0 0)
(0 0 0)
(0 0 0)
(0 0 0)
(0 0 0)
(0 0 0)
(0 0 0)
(0 0 0)
(0 0 0)
(0 0 0)
(0 0 0)
(0 0 0)
(0 0 0)
(0 0 0)
(0 0 0)
(0 0 0)
(0 0 0)
(0 0 0)
(0 0 0)
(0 0 0)
(0 0 0)
(0 0 0)
(0 0 0)
(0 0 0)
(0 0 0)
(0 0 0)
(0 0 0)
(0 0 0)
(0 0 0)
(0 0 0)
(0 0 0)
(0 0 0)
)
;
    }
}


// ************************************************************************* //
