/*--------------------------------*- C++ -*----------------------------------*\
| =========                 |                                                 |
| \\      /  F ield         | OpenFOAM: The Open Source CFD Toolbox           |
|  \\    /   O peration     | Version:  5.x                                   |
|   \\  /    A nd           | Web:      www.OpenFOAM.org                      |
|    \\/     M anipulation  |                                                 |
\*---------------------------------------------------------------------------*/
FoamFile
{
    version     2.0;
    format      ascii;
    class       labelList;
    location    "constant/polyMesh";
    object      pointProcAddressing;
}
// * * * * * * * * * * * * * * * * * * * * * * * * * * * * * * * * * * * * * //


3276
(
5
6
7
8
9
10
16
17
18
19
20
21
27
28
29
30
31
32
38
39
40
41
42
43
49
50
51
52
53
54
60
61
62
63
64
65
126
127
128
129
130
131
137
138
139
140
141
142
148
149
150
151
152
153
159
160
161
162
163
164
170
171
172
173
174
175
181
182
183
184
185
186
247
248
249
250
251
252
258
259
260
261
262
263
269
270
271
272
273
274
280
281
282
283
284
285
291
292
293
294
295
296
302
303
304
305
306
307
368
369
370
371
372
373
379
380
381
382
383
384
390
391
392
393
394
395
401
402
403
404
405
406
412
413
414
415
416
417
423
424
425
426
427
428
489
490
491
492
493
494
500
501
502
503
504
505
511
512
513
514
515
516
522
523
524
525
526
527
533
534
535
536
537
538
544
545
546
547
548
549
610
611
612
613
614
615
621
622
623
624
625
626
632
633
634
635
636
637
643
644
645
646
647
648
654
655
656
657
658
659
665
666
667
668
669
670
731
732
733
734
735
736
742
743
744
745
746
747
753
754
755
756
757
758
764
765
766
767
768
769
775
776
777
778
779
780
786
787
788
789
790
791
852
853
854
855
856
857
863
864
865
866
867
868
874
875
876
877
878
879
885
886
887
888
889
890
896
897
898
899
900
901
907
908
909
910
911
912
973
974
975
976
977
978
984
985
986
987
988
989
995
996
997
998
999
1000
1006
1007
1008
1009
1010
1011
1017
1018
1019
1020
1021
1022
1028
1029
1030
1031
1032
1033
1094
1095
1096
1097
1098
1099
1105
1106
1107
1108
1109
1110
1116
1117
1118
1119
1120
1121
1127
1128
1129
1130
1131
1132
1138
1139
1140
1141
1142
1143
1149
1150
1151
1152
1153
1154
1215
1216
1217
1218
1219
1220
1226
1227
1228
1229
1230
1231
1237
1238
1239
1240
1241
1242
1248
1249
1250
1251
1252
1253
1259
1260
1261
1262
1263
1264
1270
1271
1272
1273
1274
1275
1336
1337
1338
1339
1340
1341
1347
1348
1349
1350
1351
1352
1358
1359
1360
1361
1362
1363
1369
1370
1371
1372
1373
1374
1380
1381
1382
1383
1384
1385
1391
1392
1393
1394
1395
1396
1457
1458
1459
1460
1461
1462
1468
1469
1470
1471
1472
1473
1479
1480
1481
1482
1483
1484
1490
1491
1492
1493
1494
1495
1501
1502
1503
1504
1505
1506
1512
1513
1514
1515
1516
1517
1578
1579
1580
1581
1582
1583
1589
1590
1591
1592
1593
1594
1600
1601
1602
1603
1604
1605
1611
1612
1613
1614
1615
1616
1622
1623
1624
1625
1626
1627
1633
1634
1635
1636
1637
1638
1699
1700
1701
1702
1703
1704
1710
1711
1712
1713
1714
1715
1721
1722
1723
1724
1725
1726
1732
1733
1734
1735
1736
1737
1743
1744
1745
1746
1747
1748
1754
1755
1756
1757
1758
1759
1820
1821
1822
1823
1824
1825
1831
1832
1833
1834
1835
1836
1842
1843
1844
1845
1846
1847
1853
1854
1855
1856
1857
1858
1864
1865
1866
1867
1868
1869
1875
1876
1877
1878
1879
1880
1941
1942
1943
1944
1945
1946
1952
1953
1954
1955
1956
1957
1963
1964
1965
1966
1967
1968
1974
1975
1976
1977
1978
1979
1985
1986
1987
1988
1989
1990
1996
1997
1998
1999
2000
2001
2062
2063
2064
2065
2066
2067
2073
2074
2075
2076
2077
2078
2084
2085
2086
2087
2088
2089
2095
2096
2097
2098
2099
2100
2106
2107
2108
2109
2110
2111
2117
2118
2119
2120
2121
2122
2183
2184
2185
2186
2187
2188
2194
2195
2196
2197
2198
2199
2205
2206
2207
2208
2209
2210
2216
2217
2218
2219
2220
2221
2227
2228
2229
2230
2231
2232
2238
2239
2240
2241
2242
2243
2304
2305
2306
2307
2308
2309
2315
2316
2317
2318
2319
2320
2326
2327
2328
2329
2330
2331
2337
2338
2339
2340
2341
2342
2348
2349
2350
2351
2352
2353
2359
2360
2361
2362
2363
2364
2425
2426
2427
2428
2429
2430
2436
2437
2438
2439
2440
2441
2447
2448
2449
2450
2451
2452
2458
2459
2460
2461
2462
2463
2469
2470
2471
2472
2473
2474
2480
2481
2482
2483
2484
2485
2546
2547
2548
2549
2550
2551
2557
2558
2559
2560
2561
2562
2568
2569
2570
2571
2572
2573
2579
2580
2581
2582
2583
2584
2590
2591
2592
2593
2594
2595
2601
2602
2603
2604
2605
2606
2667
2668
2669
2670
2671
2672
2678
2679
2680
2681
2682
2683
2689
2690
2691
2692
2693
2694
2700
2701
2702
2703
2704
2705
2711
2712
2713
2714
2715
2716
2722
2723
2724
2725
2726
2727
2788
2789
2790
2791
2792
2793
2799
2800
2801
2802
2803
2804
2810
2811
2812
2813
2814
2815
2821
2822
2823
2824
2825
2826
2832
2833
2834
2835
2836
2837
2843
2844
2845
2846
2847
2848
2909
2910
2911
2912
2913
2914
2920
2921
2922
2923
2924
2925
2931
2932
2933
2934
2935
2936
2942
2943
2944
2945
2946
2947
2953
2954
2955
2956
2957
2958
2964
2965
2966
2967
2968
2969
3030
3031
3032
3033
3034
3035
3041
3042
3043
3044
3045
3046
3052
3053
3054
3055
3056
3057
3063
3064
3065
3066
3067
3068
3074
3075
3076
3077
3078
3079
3085
3086
3087
3088
3089
3090
3151
3152
3153
3154
3155
3156
3162
3163
3164
3165
3166
3167
3173
3174
3175
3176
3177
3178
3184
3185
3186
3187
3188
3189
3195
3196
3197
3198
3199
3200
3206
3207
3208
3209
3210
3211
3272
3273
3274
3275
3276
3277
3283
3284
3285
3286
3287
3288
3294
3295
3296
3297
3298
3299
3305
3306
3307
3308
3309
3310
3316
3317
3318
3319
3320
3321
3327
3328
3329
3330
3331
3332
3393
3394
3395
3396
3397
3398
3404
3405
3406
3407
3408
3409
3415
3416
3417
3418
3419
3420
3426
3427
3428
3429
3430
3431
3437
3438
3439
3440
3441
3442
3448
3449
3450
3451
3452
3453
3514
3515
3516
3517
3518
3519
3525
3526
3527
3528
3529
3530
3536
3537
3538
3539
3540
3541
3547
3548
3549
3550
3551
3552
3558
3559
3560
3561
3562
3563
3569
3570
3571
3572
3573
3574
3635
3636
3637
3638
3639
3640
3646
3647
3648
3649
3650
3651
3657
3658
3659
3660
3661
3662
3668
3669
3670
3671
3672
3673
3679
3680
3681
3682
3683
3684
3690
3691
3692
3693
3694
3695
3756
3757
3758
3759
3760
3761
3767
3768
3769
3770
3771
3772
3778
3779
3780
3781
3782
3783
3789
3790
3791
3792
3793
3794
3800
3801
3802
3803
3804
3805
3811
3812
3813
3814
3815
3816
3877
3878
3879
3880
3881
3882
3888
3889
3890
3891
3892
3893
3899
3900
3901
3902
3903
3904
3910
3911
3912
3913
3914
3915
3921
3922
3923
3924
3925
3926
3932
3933
3934
3935
3936
3937
3998
3999
4000
4001
4002
4003
4009
4010
4011
4012
4013
4014
4020
4021
4022
4023
4024
4025
4031
4032
4033
4034
4035
4036
4042
4043
4044
4045
4046
4047
4053
4054
4055
4056
4057
4058
4119
4120
4121
4122
4123
4124
4130
4131
4132
4133
4134
4135
4141
4142
4143
4144
4145
4146
4152
4153
4154
4155
4156
4157
4163
4164
4165
4166
4167
4168
4174
4175
4176
4177
4178
4179
4240
4241
4242
4243
4244
4245
4251
4252
4253
4254
4255
4256
4262
4263
4264
4265
4266
4267
4273
4274
4275
4276
4277
4278
4284
4285
4286
4287
4288
4289
4295
4296
4297
4298
4299
4300
4361
4362
4363
4364
4365
4366
4372
4373
4374
4375
4376
4377
4383
4384
4385
4386
4387
4388
4394
4395
4396
4397
4398
4399
4405
4406
4407
4408
4409
4410
4416
4417
4418
4419
4420
4421
4482
4483
4484
4485
4486
4487
4493
4494
4495
4496
4497
4498
4504
4505
4506
4507
4508
4509
4515
4516
4517
4518
4519
4520
4526
4527
4528
4529
4530
4531
4537
4538
4539
4540
4541
4542
4603
4604
4605
4606
4607
4608
4614
4615
4616
4617
4618
4619
4625
4626
4627
4628
4629
4630
4636
4637
4638
4639
4640
4641
4647
4648
4649
4650
4651
4652
4658
4659
4660
4661
4662
4663
4724
4725
4726
4727
4728
4729
4735
4736
4737
4738
4739
4740
4746
4747
4748
4749
4750
4751
4757
4758
4759
4760
4761
4762
4768
4769
4770
4771
4772
4773
4779
4780
4781
4782
4783
4784
4845
4846
4847
4848
4849
4850
4856
4857
4858
4859
4860
4861
4867
4868
4869
4870
4871
4872
4878
4879
4880
4881
4882
4883
4889
4890
4891
4892
4893
4894
4900
4901
4902
4903
4904
4905
4966
4967
4968
4969
4970
4971
4977
4978
4979
4980
4981
4982
4988
4989
4990
4991
4992
4993
4999
5000
5001
5002
5003
5004
5010
5011
5012
5013
5014
5015
5021
5022
5023
5024
5025
5026
5087
5088
5089
5090
5091
5092
5098
5099
5100
5101
5102
5103
5109
5110
5111
5112
5113
5114
5120
5121
5122
5123
5124
5125
5131
5132
5133
5134
5135
5136
5142
5143
5144
5145
5146
5147
5208
5209
5210
5211
5212
5213
5219
5220
5221
5222
5223
5224
5230
5231
5232
5233
5234
5235
5241
5242
5243
5244
5245
5246
5252
5253
5254
5255
5256
5257
5263
5264
5265
5266
5267
5268
5329
5330
5331
5332
5333
5334
5340
5341
5342
5343
5344
5345
5351
5352
5353
5354
5355
5356
5362
5363
5364
5365
5366
5367
5373
5374
5375
5376
5377
5378
5384
5385
5386
5387
5388
5389
5450
5451
5452
5453
5454
5455
5461
5462
5463
5464
5465
5466
5472
5473
5474
5475
5476
5477
5483
5484
5485
5486
5487
5488
5494
5495
5496
5497
5498
5499
5505
5506
5507
5508
5509
5510
5571
5572
5573
5574
5575
5576
5582
5583
5584
5585
5586
5587
5593
5594
5595
5596
5597
5598
5604
5605
5606
5607
5608
5609
5615
5616
5617
5618
5619
5620
5626
5627
5628
5629
5630
5631
5692
5693
5694
5695
5696
5697
5703
5704
5705
5706
5707
5708
5714
5715
5716
5717
5718
5719
5725
5726
5727
5728
5729
5730
5736
5737
5738
5739
5740
5741
5747
5748
5749
5750
5751
5752
5813
5814
5815
5816
5817
5818
5824
5825
5826
5827
5828
5829
5835
5836
5837
5838
5839
5840
5846
5847
5848
5849
5850
5851
5857
5858
5859
5860
5861
5862
5868
5869
5870
5871
5872
5873
5934
5935
5936
5937
5938
5939
5945
5946
5947
5948
5949
5950
5956
5957
5958
5959
5960
5961
5967
5968
5969
5970
5971
5972
5978
5979
5980
5981
5982
5983
5989
5990
5991
5992
5993
5994
6055
6056
6057
6058
6059
6060
6066
6067
6068
6069
6070
6071
6077
6078
6079
6080
6081
6082
6088
6089
6090
6091
6092
6093
6099
6100
6101
6102
6103
6104
6110
6111
6112
6113
6114
6115
6176
6177
6178
6179
6180
6181
6187
6188
6189
6190
6191
6192
6198
6199
6200
6201
6202
6203
6209
6210
6211
6212
6213
6214
6220
6221
6222
6223
6224
6225
6231
6232
6233
6234
6235
6236
6297
6298
6299
6300
6301
6302
6308
6309
6310
6311
6312
6313
6319
6320
6321
6322
6323
6324
6330
6331
6332
6333
6334
6335
6341
6342
6343
6344
6345
6346
6352
6353
6354
6355
6356
6357
6418
6419
6420
6421
6422
6423
6429
6430
6431
6432
6433
6434
6440
6441
6442
6443
6444
6445
6451
6452
6453
6454
6455
6456
6462
6463
6464
6465
6466
6467
6473
6474
6475
6476
6477
6478
6539
6540
6541
6542
6543
6544
6550
6551
6552
6553
6554
6555
6561
6562
6563
6564
6565
6566
6572
6573
6574
6575
6576
6577
6583
6584
6585
6586
6587
6588
6594
6595
6596
6597
6598
6599
6660
6661
6662
6663
6664
6665
6671
6672
6673
6674
6675
6676
6682
6683
6684
6685
6686
6687
6693
6694
6695
6696
6697
6698
6704
6705
6706
6707
6708
6709
6715
6716
6717
6718
6719
6720
6781
6782
6783
6784
6785
6786
6792
6793
6794
6795
6796
6797
6803
6804
6805
6806
6807
6808
6814
6815
6816
6817
6818
6819
6825
6826
6827
6828
6829
6830
6836
6837
6838
6839
6840
6841
6902
6903
6904
6905
6906
6907
6913
6914
6915
6916
6917
6918
6924
6925
6926
6927
6928
6929
6935
6936
6937
6938
6939
6940
6946
6947
6948
6949
6950
6951
6957
6958
6959
6960
6961
6962
7023
7024
7025
7026
7027
7028
7034
7035
7036
7037
7038
7039
7045
7046
7047
7048
7049
7050
7056
7057
7058
7059
7060
7061
7067
7068
7069
7070
7071
7072
7078
7079
7080
7081
7082
7083
7144
7145
7146
7147
7148
7149
7155
7156
7157
7158
7159
7160
7166
7167
7168
7169
7170
7171
7177
7178
7179
7180
7181
7182
7188
7189
7190
7191
7192
7193
7199
7200
7201
7202
7203
7204
7265
7266
7267
7268
7269
7270
7276
7277
7278
7279
7280
7281
7287
7288
7289
7290
7291
7292
7298
7299
7300
7301
7302
7303
7309
7310
7311
7312
7313
7314
7320
7321
7322
7323
7324
7325
7386
7387
7388
7389
7390
7391
7397
7398
7399
7400
7401
7402
7408
7409
7410
7411
7412
7413
7419
7420
7421
7422
7423
7424
7430
7431
7432
7433
7434
7435
7441
7442
7443
7444
7445
7446
7507
7508
7509
7510
7511
7512
7518
7519
7520
7521
7522
7523
7529
7530
7531
7532
7533
7534
7540
7541
7542
7543
7544
7545
7551
7552
7553
7554
7555
7556
7562
7563
7564
7565
7566
7567
7628
7629
7630
7631
7632
7633
7639
7640
7641
7642
7643
7644
7650
7651
7652
7653
7654
7655
7661
7662
7663
7664
7665
7666
7672
7673
7674
7675
7676
7677
7683
7684
7685
7686
7687
7688
7749
7750
7751
7752
7753
7754
7760
7761
7762
7763
7764
7765
7771
7772
7773
7774
7775
7776
7782
7783
7784
7785
7786
7787
7793
7794
7795
7796
7797
7798
7804
7805
7806
7807
7808
7809
7870
7871
7872
7873
7874
7875
7881
7882
7883
7884
7885
7886
7892
7893
7894
7895
7896
7897
7903
7904
7905
7906
7907
7908
7914
7915
7916
7917
7918
7919
7925
7926
7927
7928
7929
7930
7991
7992
7993
7994
7995
7996
8002
8003
8004
8005
8006
8007
8013
8014
8015
8016
8017
8018
8024
8025
8026
8027
8028
8029
8035
8036
8037
8038
8039
8040
8046
8047
8048
8049
8050
8051
8112
8113
8114
8115
8116
8117
8123
8124
8125
8126
8127
8128
8134
8135
8136
8137
8138
8139
8145
8146
8147
8148
8149
8150
8156
8157
8158
8159
8160
8161
8167
8168
8169
8170
8171
8172
8233
8234
8235
8236
8237
8238
8244
8245
8246
8247
8248
8249
8255
8256
8257
8258
8259
8260
8266
8267
8268
8269
8270
8271
8277
8278
8279
8280
8281
8282
8288
8289
8290
8291
8292
8293
8354
8355
8356
8357
8358
8359
8365
8366
8367
8368
8369
8370
8376
8377
8378
8379
8380
8381
8387
8388
8389
8390
8391
8392
8398
8399
8400
8401
8402
8403
8409
8410
8411
8412
8413
8414
8475
8476
8477
8478
8479
8480
8486
8487
8488
8489
8490
8491
8497
8498
8499
8500
8501
8502
8508
8509
8510
8511
8512
8513
8519
8520
8521
8522
8523
8524
8530
8531
8532
8533
8534
8535
8596
8597
8598
8599
8600
8601
8607
8608
8609
8610
8611
8612
8618
8619
8620
8621
8622
8623
8629
8630
8631
8632
8633
8634
8640
8641
8642
8643
8644
8645
8651
8652
8653
8654
8655
8656
8717
8718
8719
8720
8721
8722
8728
8729
8730
8731
8732
8733
8739
8740
8741
8742
8743
8744
8750
8751
8752
8753
8754
8755
8761
8762
8763
8764
8765
8766
8772
8773
8774
8775
8776
8777
8838
8839
8840
8841
8842
8843
8849
8850
8851
8852
8853
8854
8860
8861
8862
8863
8864
8865
8871
8872
8873
8874
8875
8876
8882
8883
8884
8885
8886
8887
8893
8894
8895
8896
8897
8898
8959
8960
8961
8962
8963
8964
8970
8971
8972
8973
8974
8975
8981
8982
8983
8984
8985
8986
8992
8993
8994
8995
8996
8997
9003
9004
9005
9006
9007
9008
9014
9015
9016
9017
9018
9019
9080
9081
9082
9083
9084
9085
9091
9092
9093
9094
9095
9096
9102
9103
9104
9105
9106
9107
9113
9114
9115
9116
9117
9118
9124
9125
9126
9127
9128
9129
9135
9136
9137
9138
9139
9140
9201
9202
9203
9204
9205
9206
9212
9213
9214
9215
9216
9217
9223
9224
9225
9226
9227
9228
9234
9235
9236
9237
9238
9239
9245
9246
9247
9248
9249
9250
9256
9257
9258
9259
9260
9261
9322
9323
9324
9325
9326
9327
9333
9334
9335
9336
9337
9338
9344
9345
9346
9347
9348
9349
9355
9356
9357
9358
9359
9360
9366
9367
9368
9369
9370
9371
9377
9378
9379
9380
9381
9382
9443
9444
9445
9446
9447
9448
9454
9455
9456
9457
9458
9459
9465
9466
9467
9468
9469
9470
9476
9477
9478
9479
9480
9481
9487
9488
9489
9490
9491
9492
9498
9499
9500
9501
9502
9503
9564
9565
9566
9567
9568
9569
9575
9576
9577
9578
9579
9580
9586
9587
9588
9589
9590
9591
9597
9598
9599
9600
9601
9602
9608
9609
9610
9611
9612
9613
9619
9620
9621
9622
9623
9624
9685
9686
9687
9688
9689
9690
9696
9697
9698
9699
9700
9701
9707
9708
9709
9710
9711
9712
9718
9719
9720
9721
9722
9723
9729
9730
9731
9732
9733
9734
9740
9741
9742
9743
9744
9745
9806
9807
9808
9809
9810
9811
9817
9818
9819
9820
9821
9822
9828
9829
9830
9831
9832
9833
9839
9840
9841
9842
9843
9844
9850
9851
9852
9853
9854
9855
9861
9862
9863
9864
9865
9866
9927
9928
9929
9930
9931
9932
9938
9939
9940
9941
9942
9943
9949
9950
9951
9952
9953
9954
9960
9961
9962
9963
9964
9965
9971
9972
9973
9974
9975
9976
9982
9983
9984
9985
9986
9987
10048
10049
10050
10051
10052
10053
10059
10060
10061
10062
10063
10064
10070
10071
10072
10073
10074
10075
10081
10082
10083
10084
10085
10086
10092
10093
10094
10095
10096
10097
10103
10104
10105
10106
10107
10108
10169
10170
10171
10172
10173
10174
10180
10181
10182
10183
10184
10185
10191
10192
10193
10194
10195
10196
10202
10203
10204
10205
10206
10207
10213
10214
10215
10216
10217
10218
10224
10225
10226
10227
10228
10229
10290
10291
10292
10293
10294
10295
10301
10302
10303
10304
10305
10306
10312
10313
10314
10315
10316
10317
10323
10324
10325
10326
10327
10328
10334
10335
10336
10337
10338
10339
10345
10346
10347
10348
10349
10350
10411
10412
10413
10414
10415
10416
10422
10423
10424
10425
10426
10427
10433
10434
10435
10436
10437
10438
10444
10445
10446
10447
10448
10449
10455
10456
10457
10458
10459
10460
10466
10467
10468
10469
10470
10471
10532
10533
10534
10535
10536
10537
10543
10544
10545
10546
10547
10548
10554
10555
10556
10557
10558
10559
10565
10566
10567
10568
10569
10570
10576
10577
10578
10579
10580
10581
10587
10588
10589
10590
10591
10592
10653
10654
10655
10656
10657
10658
10664
10665
10666
10667
10668
10669
10675
10676
10677
10678
10679
10680
10686
10687
10688
10689
10690
10691
10697
10698
10699
10700
10701
10702
10708
10709
10710
10711
10712
10713
10774
10775
10776
10777
10778
10779
10785
10786
10787
10788
10789
10790
10796
10797
10798
10799
10800
10801
10807
10808
10809
10810
10811
10812
10818
10819
10820
10821
10822
10823
10829
10830
10831
10832
10833
10834
10895
10896
10897
10898
10899
10900
10906
10907
10908
10909
10910
10911
10917
10918
10919
10920
10921
10922
10928
10929
10930
10931
10932
10933
10939
10940
10941
10942
10943
10944
10950
10951
10952
10953
10954
10955
)


// ************************************************************************* //
