/*--------------------------------*- C++ -*----------------------------------*\
| =========                 |                                                 |
| \\      /  F ield         | OpenFOAM: The Open Source CFD Toolbox           |
|  \\    /   O peration     | Version:  5.x                                   |
|   \\  /    A nd           | Web:      www.OpenFOAM.org                      |
|    \\/     M anipulation  |                                                 |
\*---------------------------------------------------------------------------*/
FoamFile
{
    version     2.0;
    format      ascii;
    class       surfaceScalarField;
    location    "0.06";
    object      phi;
}
// * * * * * * * * * * * * * * * * * * * * * * * * * * * * * * * * * * * * * //

dimensions      [0 3 -1 0 0 0 0];

internalField   nonuniform List<scalar> 
5825
(
-2.1551e-16
-1.89962e-16
-1e-09
-1.48881e-16
-1.63008e-16
-1e-09
-8.42358e-17
-1.61377e-16
-1e-09
-4.04803e-17
-1.77882e-16
-1e-09
-1.90574e-16
-1e-09
-1.86472e-16
-1.38734e-16
-1e-09
-1.44038e-16
-1.29387e-16
-1e-09
-9.98656e-17
-1.34282e-16
-1e-09
-5.29116e-17
-1.42422e-16
-1e-09
-1.46498e-16
-1e-09
-1.79811e-16
-8.73798e-17
-1e-09
-1.48947e-16
-8.89405e-17
-1e-09
-1.0849e-16
-9.22915e-17
-1e-09
-5.76747e-17
-9.65396e-17
-1e-09
-1.00581e-16
-1e-09
-1.81903e-16
-4.08646e-17
-1e-09
-1.51953e-16
-4.28194e-17
-1e-09
-1.12788e-16
-4.50036e-17
-1e-09
-6.18858e-17
-4.90586e-17
-1e-09
-5.46399e-17
-1e-09
-1.83601e-16
-1e-09
-1.53511e-16
-1e-09
-1.16607e-16
-1e-09
-6.73998e-17
-1e-09
-1e-09
-5.26149e-16
-4.48166e-16
-1e-09
-3.92815e-16
-4.35241e-16
-1e-09
-2.56448e-16
-4.58177e-16
-1e-09
-1.42424e-16
-5.00234e-16
-1e-09
-5.23218e-16
-1e-09
-5.03883e-16
-3.5512e-16
-1e-09
-4.06051e-16
-3.56335e-16
-1e-09
-2.92866e-16
-3.74719e-16
-1e-09
-1.60955e-16
-3.93734e-16
-1e-09
-4.05309e-16
-1e-09
-5.09013e-16
-2.36523e-16
-1e-09
-4.24787e-16
-2.45406e-16
-1e-09
-3.13797e-16
-2.57736e-16
-1e-09
-1.7442e-16
-2.72893e-16
-1e-09
-2.87934e-16
-1e-09
-5.21418e-16
-1.1303e-16
-1e-09
-4.35853e-16
-1.21536e-16
-1e-09
-3.29109e-16
-1.34538e-16
-1e-09
-1.8947e-16
-1.50402e-16
-1e-09
-1.6466e-16
-1e-09
-5.30692e-16
-1e-09
-4.47381e-16
-1e-09
-3.44637e-16
-1e-09
-2.03339e-16
-1e-09
-1e-09
-7.9603e-16
-6.76683e-16
-1e-09
-6.92276e-16
-7.55676e-16
-1e-09
-5.09024e-16
-8.1746e-16
-1e-09
-2.87901e-16
-8.59956e-16
-1e-09
-8.74765e-16
-1e-09
-8.71191e-16
-6.0767e-16
-1e-09
-7.36285e-16
-6.32297e-16
-1e-09
-5.43702e-16
-6.64369e-16
-1e-09
-2.9873e-16
-6.89574e-16
-1e-09
-7.09099e-16
-1e-09
-9.09601e-16
-4.22838e-16
-1e-09
-7.68633e-16
-4.37978e-16
-1e-09
-5.71386e-16
-4.61576e-16
-1e-09
-3.20159e-16
-4.9002e-16
-1e-09
-5.13622e-16
-1e-09
-9.28818e-16
-2.05388e-16
-1e-09
-7.90376e-16
-2.2483e-16
-1e-09
-6.0008e-16
-2.52093e-16
-1e-09
-3.43861e-16
-2.76859e-16
-1e-09
-2.88293e-16
-1e-09
-9.48446e-16
-1e-09
-8.15711e-16
-1e-09
-6.24061e-16
-1e-09
-3.54891e-16
-1e-09
-1e-09
-1.26808e-15
-1.09964e-15
-1e-09
-1.12396e-15
-1.20433e-15
-1e-09
-8.42976e-16
-1.2695e-15
-1e-09
-4.60897e-16
-1.29152e-15
-1e-09
-1.2946e-15
-1e-09
-1.372e-15
-9.68999e-16
-1e-09
-1.1667e-15
-9.93883e-16
-1e-09
-8.61051e-16
-1.02982e-15
-1e-09
-4.65119e-16
-1.05961e-15
-1e-09
-1.08124e-15
-1e-09
-1.41301e-15
-6.68844e-16
-1e-09
-1.20304e-15
-6.88258e-16
-1e-09
-8.92956e-16
-7.23679e-16
-1e-09
-4.8914e-16
-7.60747e-16
-1e-09
-7.81407e-16
-1e-09
-1.43391e-15
-3.26862e-16
-1e-09
-1.23697e-15
-3.61114e-16
-1e-09
-9.30245e-16
-3.95722e-16
-1e-09
-5.11109e-16
-4.17227e-16
-1e-09
-4.15803e-16
-1e-09
-1.46515e-15
-1e-09
-1.26888e-15
-1e-09
-9.49619e-16
-1e-09
-5.09358e-16
-1e-09
-1e-09
-1.94081e-15
-1.71079e-15
-1e-09
-1.68625e-15
-1.78717e-15
-1e-09
-1.24733e-15
-1.83162e-15
-1e-09
-6.67764e-16
-1.83978e-15
-1e-09
-1.835e-15
-1e-09
-2.01869e-15
-1.4405e-15
-1e-09
-1.71138e-15
-1.45723e-15
-1e-09
-1.25504e-15
-1.49557e-15
-1e-09
-6.69062e-16
-1.52895e-15
-1e-09
-1.54408e-15
-1e-09
-2.04817e-15
-9.8756e-16
-1e-09
-1.74967e-15
-1.01884e-15
-1e-09
-1.29004e-15
-1.06306e-15
-1e-09
-6.88185e-16
-1.099e-15
-1e-09
-1.1091e-15
-1e-09
-2.07855e-15
-4.9947e-16
-1e-09
-1.79236e-15
-5.43102e-16
-1e-09
-1.32595e-15
-5.72463e-16
-1e-09
-7.01098e-16
-5.82253e-16
-1e-09
-5.73254e-16
-1e-09
-2.11581e-15
-1e-09
-1.8173e-15
-1e-09
-1.33218e-15
-1e-09
-6.91599e-16
-1e-09
-1e-09
-2.69922e-15
-2.36911e-15
-1e-09
-2.35788e-15
-2.46459e-15
-1e-09
-1.73527e-15
-2.51623e-15
-1e-09
-9.24831e-16
-2.53373e-15
-1e-09
-2.52902e-15
-1e-09
-2.7963e-15
-1.99852e-15
-1e-09
-2.39321e-15
-2.03919e-15
-1e-09
-1.75228e-15
-2.09073e-15
-1e-09
-9.2886e-16
-2.12811e-15
-1e-09
-2.13743e-15
-1e-09
-2.85327e-15
-1.41355e-15
-1e-09
-2.44462e-15
-1.46111e-15
-1e-09
-1.79175e-15
-1.50755e-15
-1e-09
-9.44356e-16
-1.53717e-15
-1.00001e-09
-1.54066e-15
-1.00001e-09
-2.90208e-15
-7.50356e-16
-1e-09
-2.48897e-15
-7.8644e-16
-1e-09
-1.82131e-15
-8.05066e-16
-1.00001e-09
-9.51759e-16
-8.06953e-16
-1.00001e-09
-8.02788e-16
-1.00001e-09
-2.92878e-15
-1e-09
-2.50048e-15
-1e-09
-1.81857e-15
-1.00001e-09
-9.47142e-16
-1.00001e-09
-1.00001e-09
-3.72736e-15
-3.22194e-15
-1e-09
-3.24245e-15
-3.32919e-15
-1e-09
-2.37274e-15
-3.40402e-15
-1e-09
-1.25584e-15
-3.44337e-15
-1e-09
-3.4531e-15
-1.00001e-09
-3.83796e-15
-2.74479e-15
-1e-09
-3.29905e-15
-2.81764e-15
-1e-09
-2.41005e-15
-2.87957e-15
-1.00001e-09
-1.27563e-15
-2.92132e-15
-1.00001e-09
-2.93176e-15
-1.00001e-09
-3.92948e-15
-2.01221e-15
-1e-09
-3.36126e-15
-2.0599e-15
-1.00001e-09
-2.45469e-15
-2.10179e-15
-1.00001e-09
-1.29426e-15
-2.12738e-15
-1.00001e-09
-2.13035e-15
-1.00001e-09
-3.97948e-15
-1.08924e-15
-1e-09
-3.40014e-15
-1.10717e-15
-1.00001e-09
-2.47994e-15
-1.12097e-15
-1.00001e-09
-1.30201e-15
-1.12331e-15
-1.00001e-09
-1.12618e-15
-1.00001e-09
-3.98724e-15
-1e-09
-3.40379e-15
-1.00001e-09
-2.47671e-15
-1.00001e-09
-1.30452e-15
-1.00001e-09
-1.00001e-09
-5.26208e-15
-4.52429e-15
-1e-09
-4.50701e-15
-4.58082e-15
-1e-09
-3.26239e-15
-4.6363e-15
-1.00001e-09
-1.71138e-15
-4.68309e-15
-1.00001e-09
-4.70529e-15
-1.00001e-09
-5.33091e-15
-3.85076e-15
-1e-09
-4.54918e-15
-3.90785e-15
-1.00001e-09
-3.30714e-15
-3.95787e-15
-1.00001e-09
-1.74606e-15
-3.99774e-15
-1.00001e-09
-4.00825e-15
-1.00001e-09
-5.4001e-15
-2.84156e-15
-1e-09
-4.59971e-15
-2.86761e-15
-1.00001e-09
-3.34957e-15
-2.90153e-15
-1.00001e-09
-1.76665e-15
-2.92446e-15
-1.00001e-09
-2.92361e-15
-1.00001e-09
-5.4279e-15
-1.51872e-15
-1.00001e-09
-4.63022e-15
-1.52795e-15
-1.00001e-09
-3.37204e-15
-1.5428e-15
-1.00001e-09
-1.77208e-15
-1.54532e-15
-1.00001e-09
-1.54275e-15
-1.00001e-09
-5.42512e-15
-1.00001e-09
-4.63248e-15
-1.00001e-09
-3.36741e-15
-1.00001e-09
-1.76897e-15
-1.00001e-09
-1.00001e-09
-7.36591e-15
-6.37148e-15
-1e-09
-6.24088e-15
-6.34282e-15
-1.00001e-09
-4.49274e-15
-6.35353e-15
-1.00001e-09
-2.34685e-15
-6.38405e-15
-1.00001e-09
-6.39652e-15
-1.00001e-09
-7.34899e-15
-5.39473e-15
-1e-09
-6.24024e-15
-5.40481e-15
-1.00001e-09
-4.52324e-15
-5.43256e-15
-1.00001e-09
-2.37579e-15
-5.45976e-15
-1.00001e-09
-5.45995e-15
-1.00001e-09
-7.37045e-15
-3.93468e-15
-1.00001e-09
-6.26821e-15
-3.94662e-15
-1.00001e-09
-4.55258e-15
-3.97423e-15
-1.00001e-09
-2.38907e-15
-3.98843e-15
-1.00001e-09
-3.97317e-15
-1.00001e-09
-7.38303e-15
-2.06969e-15
-1.00001e-09
-6.29262e-15
-2.08489e-15
-1.00001e-09
-4.56658e-15
-2.09715e-15
-1.00001e-09
-2.38259e-15
-2.09044e-15
-1.00001e-09
-2.07315e-15
-1.00002e-09
-7.38182e-15
-1.00001e-09
-6.28937e-15
-1.00001e-09
-4.54991e-15
-1.00001e-09
-2.36456e-15
-1.00002e-09
-1.00002e-09
-1.00118e-14
-8.75255e-15
-1e-09
-8.49927e-15
-8.70506e-15
-1.00001e-09
-6.14582e-15
-8.70251e-15
-1.00001e-09
-3.21286e-15
-8.71118e-15
-1.00001e-09
-8.69777e-15
-1.00001e-09
-9.97138e-15
-7.41423e-15
-1.00001e-09
-8.48442e-15
-7.41619e-15
-1.00001e-09
-6.15536e-15
-7.43502e-15
-1.00001e-09
-3.22114e-15
-7.44146e-15
-1.00002e-09
-7.41939e-15
-1.00002e-09
-9.98579e-15
-5.36959e-15
-1.00001e-09
-8.50306e-15
-5.39648e-15
-1.00001e-09
-6.16432e-15
-5.41721e-15
-1.00002e-09
-3.21718e-15
-5.41159e-15
-1.00002e-09
-5.37712e-15
-1.00002e-09
-1.00123e-14
-2.81764e-15
-1.00001e-09
-8.5209e-15
-2.83878e-15
-1.00001e-09
-6.15884e-15
-2.83729e-15
-1.00002e-09
-3.19518e-15
-2.8163e-15
-1.00002e-09
-2.79362e-15
-1.00002e-09
-1.00102e-14
-1.00001e-09
-8.49897e-15
-1.00002e-09
-6.12371e-15
-1.00002e-09
-3.17156e-15
-1.00002e-09
-1.00002e-09
-1.35147e-14
-1.19419e-14
-1e-09
-1.15198e-14
-1.19133e-14
-1.00001e-09
-8.37685e-15
-1.19149e-14
-1.00001e-09
-4.39387e-15
-1.18957e-14
-1.00002e-09
-1.1848e-14
-1.00002e-09
-1.3489e-14
-1.01364e-14
-1.00001e-09
-1.15026e-14
-1.01459e-14
-1.00001e-09
-8.35806e-15
-1.01542e-14
-1.00002e-09
-4.37495e-15
-1.01293e-14
-1.00002e-09
-1.00776e-14
-1.00002e-09
-1.35169e-14
-7.34001e-15
-1.00001e-09
-1.15105e-14
-7.37396e-15
-1.00002e-09
-8.33707e-15
-7.37339e-15
-1.00002e-09
-4.34823e-15
-7.34124e-15
-1.00002e-09
-7.29782e-15
-1.00003e-09
-1.35507e-14
-3.86968e-15
-1.00002e-09
-1.15067e-14
-3.87665e-15
-1.00002e-09
-8.30526e-15
-3.85285e-15
-1.00002e-09
-4.32196e-15
-3.82713e-15
-1.00003e-09
-3.81575e-15
-1.00003e-09
-1.35256e-14
-1.00002e-09
-1.14552e-14
-1.00002e-09
-8.26009e-15
-1.00003e-09
-4.30947e-15
-1.00003e-09
-1.00003e-09
-1.84124e-14
-1.64046e-14
-1.00001e-09
-1.56607e-14
-1.63277e-14
-1.00001e-09
-1.14153e-14
-1.62916e-14
-1.00002e-09
-6.00687e-15
-1.62238e-14
-1.00002e-09
-1.61303e-14
-1.00003e-09
-1.83341e-14
-1.38985e-14
-1.00001e-09
-1.56145e-14
-1.38788e-14
-1.00002e-09
-1.13489e-14
-1.38439e-14
-1.00002e-09
-5.95216e-15
-1.37784e-14
-1.00003e-09
-1.3703e-14
-1.00003e-09
-1.8324e-14
-1.00865e-14
-1.00002e-09
-1.55793e-14
-1.008e-14
-1.00002e-09
-1.12876e-14
-1.00383e-14
-1.00003e-09
-5.91031e-15
-9.98801e-15
-1.00003e-09
-9.95092e-15
-1.00004e-09
-1.83166e-14
-5.33063e-15
-1.00002e-09
-1.55345e-14
-5.30161e-15
-1.00003e-09
-1.12374e-14
-5.26047e-15
-1.00003e-09
-5.89659e-15
-5.24525e-15
-1.00004e-09
-5.24481e-15
-1.00004e-09
-1.82439e-14
-1.00002e-09
-1.54559e-14
-1.00003e-09
-1.11959e-14
-1.00004e-09
-5.89492e-15
-1.00004e-09
-1.00004e-09
-2.50216e-14
-2.24042e-14
-1.00001e-09
-2.12817e-14
-2.22851e-14
-1.00002e-09
-1.55135e-14
-2.21911e-14
-1.00003e-09
-8.17136e-15
-2.2072e-14
-1.00003e-09
-2.19381e-14
-1.00003e-09
-2.49013e-14
-1.90155e-14
-1.00002e-09
-2.11859e-14
-1.89362e-14
-1.00003e-09
-1.53991e-14
-1.8843e-14
-1.00003e-09
-8.09085e-15
-1.87491e-14
-1.00004e-09
-1.86672e-14
-1.00004e-09
-2.48235e-14
-1.38274e-14
-1.00002e-09
-2.10924e-14
-1.37542e-14
-1.00003e-09
-1.53082e-14
-1.36744e-14
-1.00004e-09
-8.05372e-15
-1.3624e-14
-1.00005e-09
-1.35911e-14
-1.00005e-09
-2.47467e-14
-7.29888e-15
-1.00003e-09
-2.10098e-14
-7.23662e-15
-1.00004e-09
-1.52577e-14
-7.19525e-15
-1.00005e-09
-8.05278e-15
-7.19078e-15
-1.00005e-09
-7.17935e-15
-1.00005e-09
-2.46256e-14
-1.00003e-09
-2.09182e-14
-1.00004e-09
-1.52178e-14
-1.00005e-09
-8.03981e-15
-1.00005e-09
-1.00006e-09
-3.39083e-14
-3.04611e-14
-1.00001e-09
-2.8868e-14
-3.03071e-14
-1.00002e-09
-2.10205e-14
-3.01603e-14
-1.00003e-09
-1.10614e-14
-3.00164e-14
-1.00004e-09
-2.98692e-14
-1.00005e-09
-3.37525e-14
-2.59135e-14
-1.00002e-09
-2.87222e-14
-2.5773e-14
-1.00004e-09
-2.08825e-14
-2.5636e-14
-1.00005e-09
-1.09869e-14
-2.55378e-14
-1.00005e-09
-2.5451e-14
-1.00006e-09
-3.36112e-14
-1.88522e-14
-1.00003e-09
-2.85846e-14
-1.87258e-14
-1.00005e-09
-2.0787e-14
-1.86293e-14
-1.00006e-09
-1.09609e-14
-1.85815e-14
-1.00006e-09
-1.85264e-14
-1.00007e-09
-3.34804e-14
-9.9248e-15
-1.00004e-09
-2.84849e-14
-9.85413e-15
-1.00005e-09
-2.07391e-14
-9.82024e-15
-1.00006e-09
-1.09499e-14
-9.80574e-15
-1.00007e-09
-9.75927e-15
-1.00007e-09
-3.33306e-14
-1.00004e-09
-2.83834e-14
-1.00006e-09
-2.06763e-14
-1.00007e-09
-1.09013e-14
-1.00007e-09
-1.00008e-09
-4.60933e-14
-4.15284e-14
-1.00002e-09
-3.92063e-14
-4.12565e-14
-1.00003e-09
-2.8493e-14
-4.10252e-14
-1.00005e-09
-1.49763e-14
-4.08639e-14
-1.00006e-09
-4.0708e-14
-1.00006e-09
-4.58211e-14
-3.52996e-14
-1.00003e-09
-3.89757e-14
-3.50655e-14
-1.00005e-09
-2.83373e-14
-3.48867e-14
-1.00006e-09
-1.49185e-14
-3.47795e-14
-1.00007e-09
-3.46578e-14
-1.00008e-09
-4.55866e-14
-2.56403e-14
-1.00004e-09
-3.87964e-14
-2.54702e-14
-1.00006e-09
-2.82338e-14
-2.5356e-14
-1.00008e-09
-1.48802e-14
-2.52852e-14
-1.00009e-09
-2.51797e-14
-1.00009e-09
-4.54118e-14
-1.34736e-14
-1.00005e-09
-3.86782e-14
-1.34045e-14
-1.00007e-09
-2.81629e-14
-1.33587e-14
-1.00008e-09
-1.48347e-14
-1.33097e-14
-1.0001e-09
-1.32317e-14
-1.0001e-09
-4.52357e-14
-1.00006e-09
-3.85405e-14
-1.00008e-09
-2.8048e-14
-1.00009e-09
-1.47537e-14
-1.0001e-09
-1.00011e-09
-6.26977e-14
-5.65846e-14
-1.00002e-09
-5.32759e-14
-5.61531e-14
-1.00005e-09
-3.86802e-14
-5.58163e-14
-1.00007e-09
-2.03266e-14
-5.56118e-14
-1.00008e-09
-5.54075e-14
-1.00009e-09
-6.22667e-14
-4.80358e-14
-1.00004e-09
-5.29417e-14
-4.769e-14
-1.00007e-09
-3.84825e-14
-4.74455e-14
-1.00009e-09
-2.0256e-14
-4.72909e-14
-1.0001e-09
-4.70996e-14
-1.00011e-09
-6.19189e-14
-3.48584e-14
-1.00006e-09
-5.26967e-14
-3.46292e-14
-1.00008e-09
-3.83327e-14
-3.44623e-14
-1.0001e-09
-2.0178e-14
-3.43373e-14
-1.00012e-09
-3.41791e-14
-1.00012e-09
-6.16834e-14
-1.83231e-14
-1.00007e-09
-5.25246e-14
-1.82264e-14
-1.0001e-09
-3.82075e-14
-1.81379e-14
-1.00012e-09
-2.01007e-14
-1.80531e-14
-1.00013e-09
-1.79733e-14
-1.00014e-09
-6.14408e-14
-1.00008e-09
-5.23111e-14
-1.0001e-09
-3.80337e-14
-1.00012e-09
-2.00166e-14
-1.00014e-09
-1.00014e-09
-8.51315e-14
-7.684e-14
-1.00003e-09
-7.23815e-14
-7.62958e-14
-1.00006e-09
-5.25566e-14
-7.58444e-14
-1.00009e-09
-2.76254e-14
-7.55563e-14
-1.00011e-09
-7.5258e-14
-1.00012e-09
-8.45885e-14
-6.52789e-14
-1.00006e-09
-7.19342e-14
-6.48098e-14
-1.00009e-09
-5.22777e-14
-6.44544e-14
-1.00012e-09
-2.75089e-14
-6.4213e-14
-1.00014e-09
-6.39388e-14
-1.00015e-09
-8.41164e-14
-4.74004e-14
-1.00008e-09
-7.15775e-14
-4.70662e-14
-1.00011e-09
-5.20421e-14
-4.68019e-14
-1.00014e-09
-2.73877e-14
-4.6608e-14
-1.00016e-09
-4.64061e-14
-1.00017e-09
-8.37733e-14
-2.49396e-14
-1.0001e-09
-7.13069e-14
-2.47706e-14
-1.00013e-09
-5.1848e-14
-2.46253e-14
-1.00016e-09
-2.72951e-14
-2.45211e-14
-1.00018e-09
-2.4433e-14
-1.00019e-09
-8.34053e-14
-1.00011e-09
-7.09926e-14
-1.00014e-09
-5.16231e-14
-1.00017e-09
-2.7201e-14
-1.00019e-09
-1.0002e-09
-1.15738e-13
-1.0442e-13
-1.00004e-09
-9.84375e-14
-1.03651e-13
-1.00008e-09
-7.14776e-14
-1.02992e-13
-1.00012e-09
-3.7585e-14
-1.02564e-13
-1.00015e-09
-1.02136e-13
-1.00016e-09
-1.1497e-13
-8.87667e-14
-1.00008e-09
-9.77834e-14
-8.80709e-14
-1.00012e-09
-7.10617e-14
-8.75267e-14
-1.00016e-09
-3.74023e-14
-8.71558e-14
-1.00018e-09
-8.67687e-14
-1.0002e-09
-1.1427e-13
-6.44814e-14
-1.00011e-09
-9.72378e-14
-6.39632e-14
-1.00016e-09
-7.06983e-14
-6.35535e-14
-1.00019e-09
-3.72227e-14
-6.32667e-14
-1.00022e-09
-6.29845e-14
-1.00023e-09
-1.1374e-13
-3.39176e-14
-1.00014e-09
-9.68204e-14
-3.36512e-14
-1.00018e-09
-7.04112e-14
-3.34414e-14
-1.00021e-09
-3.7089e-14
-3.3299e-14
-1.00024e-09
-3.31511e-14
-1.00025e-09
-1.13203e-13
-1.00015e-09
-9.63812e-14
-1.00019e-09
-7.01043e-14
-1.00023e-09
-3.69326e-14
-1.00025e-09
-1.00027e-09
-1.57518e-13
-1.42073e-13
-1.00006e-09
-1.33974e-13
-1.40871e-13
-1.00012e-09
-9.73185e-14
-1.39869e-13
-1.00016e-09
-5.1224e-14
-1.39204e-13
-1.0002e-09
-1.3855e-13
-1.00022e-09
-1.56316e-13
-1.20752e-13
-1.00011e-09
-1.32978e-13
-1.19684e-13
-1.00017e-09
-9.66679e-14
-1.1884e-13
-1.00022e-09
-5.09041e-14
-1.18247e-13
-1.00025e-09
-1.17656e-13
-1.00027e-09
-1.55242e-13
-8.76822e-14
-1.00015e-09
-1.32134e-13
-8.68988e-14
-1.00021e-09
-9.60844e-14
-8.62684e-14
-1.00026e-09
-5.05956e-14
-8.58154e-14
-1.00029e-09
-8.53781e-14
-1.00031e-09
-1.54442e-13
-4.60823e-14
-1.00019e-09
-1.31493e-13
-4.57003e-14
-1.00024e-09
-9.56308e-14
-4.53841e-14
-1.00029e-09
-5.03599e-14
-4.51462e-14
-1.00033e-09
-4.49269e-14
-1.00034e-09
-1.53691e-13
-1.0002e-09
-1.30863e-13
-1.00026e-09
-9.51685e-14
-1.00031e-09
-5.01288e-14
-1.00034e-09
-1.00036e-09
-2.14205e-13
-1.93111e-13
-1.00008e-09
-1.82342e-13
-1.91369e-13
-1.00016e-09
-1.32588e-13
-1.89866e-13
-1.00022e-09
-6.98492e-14
-1.8877e-13
-1.00027e-09
-1.87722e-13
-1.0003e-09
-2.12461e-13
-1.64119e-13
-1.00015e-09
-1.80847e-13
-1.62544e-13
-1.00023e-09
-1.31513e-13
-1.61229e-13
-1.00029e-09
-6.92568e-14
-1.60257e-13
-1.00034e-09
-1.59354e-13
-1.00037e-09
-2.10875e-13
-1.19121e-13
-1.00021e-09
-1.79532e-13
-1.17968e-13
-1.00029e-09
-1.30555e-13
-1.16989e-13
-1.00035e-09
-6.87379e-14
-1.16267e-13
-1.0004e-09
-1.1563e-13
-1.00043e-09
-2.09699e-13
-6.25974e-14
-1.00025e-09
-1.78538e-13
-6.20313e-14
-1.00033e-09
-1.29831e-13
-6.15284e-14
-1.00039e-09
-6.83761e-14
-6.11655e-14
-1.00044e-09
-6.08761e-14
-1.00047e-09
-2.08629e-13
-1.00028e-09
-1.77608e-13
-1.00035e-09
-1.29162e-13
-1.00042e-09
-6.80702e-14
-1.00046e-09
-1.00049e-09
-2.91428e-13
-2.62475e-13
-1.00011e-09
-2.48237e-13
-2.59827e-13
-1.00021e-09
-1.80598e-13
-2.5747e-13
-1.00031e-09
-9.51278e-14
-2.55676e-13
-1.00037e-09
-2.54089e-13
-1.00041e-09
-2.88778e-13
-2.22965e-13
-1.0002e-09
-2.4589e-13
-2.20566e-13
-1.00031e-09
-1.78832e-13
-2.18497e-13
-1.0004e-09
-9.41624e-14
-2.16964e-13
-1.00047e-09
-2.15657e-13
-1.0005e-09
-2.86366e-13
-1.61772e-13
-1.00029e-09
-2.4382e-13
-1.6001e-13
-1.00039e-09
-1.77316e-13
-1.58492e-13
-1.00048e-09
-9.338e-14
-1.57398e-13
-1.00054e-09
-1.56506e-13
-1.00058e-09
-2.84571e-13
-8.50443e-14
-1.00034e-09
-2.42281e-13
-8.41328e-14
-1.00045e-09
-1.7622e-13
-8.33573e-14
-1.00054e-09
-9.2862e-14
-8.28382e-14
-1.0006e-09
-8.23826e-14
-1.00063e-09
-2.82972e-13
-1.00038e-09
-2.40922e-13
-1.00048e-09
-1.75282e-13
-1.00057e-09
-9.23833e-14
-1.00063e-09
-1.00066e-09
-3.96808e-13
-3.56893e-13
-1.00015e-09
-3.37936e-13
-3.52568e-13
-1.00029e-09
-2.45835e-13
-3.48832e-13
-1.00042e-09
-1.29452e-13
-3.46052e-13
-1.00051e-09
-3.4378e-13
-1.00056e-09
-3.9248e-13
-3.0284e-13
-1.00028e-09
-3.34208e-13
-2.99065e-13
-1.00042e-09
-2.43093e-13
-2.95848e-13
-1.00054e-09
-1.28026e-13
-2.93518e-13
-1.00063e-09
-2.91646e-13
-1.00068e-09
-3.8869e-13
-2.19628e-13
-1.00039e-09
-3.30989e-13
-2.16852e-13
-1.00053e-09
-2.40787e-13
-2.14531e-13
-1.00065e-09
-1.26868e-13
-2.12894e-13
-1.00074e-09
-2.11559e-13
-1.00079e-09
-3.85871e-13
-1.15454e-13
-1.00047e-09
-3.28637e-13
-1.13994e-13
-1.00061e-09
-2.39147e-13
-1.12832e-13
-1.00073e-09
-1.26042e-13
-1.12008e-13
-1.00081e-09
-1.11248e-13
-1.00086e-09
-3.83471e-13
-1.00051e-09
-3.26677e-13
-1.00065e-09
-2.3775e-13
-1.00077e-09
-1.2525e-13
-1.00085e-09
-1.0009e-09
-5.39998e-13
-4.84879e-13
-1.0002e-09
-4.59915e-13
-4.78072e-13
-1.0004e-09
-3.34631e-13
-4.72321e-13
-1.00057e-09
-1.7625e-13
-4.68119e-13
-1.00069e-09
-4.64828e-13
-1.00076e-09
-5.33187e-13
-4.1103e-13
-1.00038e-09
-4.54165e-13
-4.05161e-13
-1.00057e-09
-3.30478e-13
-4.00241e-13
-1.00074e-09
-1.74114e-13
-3.96694e-13
-1.00086e-09
-3.93916e-13
-1.00093e-09
-5.27309e-13
-2.9789e-13
-1.00053e-09
-4.4924e-13
-2.9359e-13
-1.00072e-09
-3.26964e-13
-2.90049e-13
-1.00088e-09
-1.72308e-13
-2.87495e-13
-1.001e-09
-2.85429e-13
-1.00107e-09
-5.22951e-13
-1.56495e-13
-1.00064e-09
-4.45653e-13
-1.54276e-13
-1.00082e-09
-3.24403e-13
-1.5247e-13
-1.00099e-09
-1.70932e-13
-1.51092e-13
-1.0011e-09
-1.49953e-13
-1.00117e-09
-5.1945e-13
-1.00069e-09
-4.42755e-13
-1.00088e-09
-3.22244e-13
-1.00104e-09
-1.69746e-13
-1.00116e-09
-1.00122e-09
-7.34712e-13
-6.58373e-13
-1.00027e-09
-6.26075e-13
-6.47904e-13
-1.00055e-09
-4.55727e-13
-6.39083e-13
-1.00078e-09
-2.40112e-13
-6.32643e-13
-1.00095e-09
-6.27752e-13
-1.00104e-09
-7.24236e-13
-5.57406e-13
-1.00051e-09
-6.17247e-13
-5.48373e-13
-1.00078e-09
-4.49353e-13
-5.40816e-13
-1.00101e-09
-2.36796e-13
-5.35311e-13
-1.00117e-09
-5.31126e-13
-1.00126e-09
-7.15195e-13
-4.03568e-13
-1.00072e-09
-6.09679e-13
-3.96972e-13
-1.00098e-09
-4.43892e-13
-3.91464e-13
-1.0012e-09
-2.33933e-13
-3.87403e-13
-1.00136e-09
-3.84308e-13
-1.00145e-09
-7.08519e-13
-2.11884e-13
-1.00086e-09
-6.04101e-13
-2.08482e-13
-1.00112e-09
-4.39818e-13
-2.05567e-13
-1.00134e-09
-2.31772e-13
-2.03386e-13
-1.0015e-09
-2.01764e-13
-1.00158e-09
-7.03366e-13
-1.00094e-09
-5.99692e-13
-1.00119e-09
-4.36571e-13
-1.00141e-09
-2.3008e-13
-1.00157e-09
-1.00165e-09
-9.99927e-13
-8.93573e-13
-1.00038e-09
-8.52563e-13
-8.77396e-13
-1.00074e-09
-6.20868e-13
-8.63789e-13
-1.00106e-09
-3.27208e-13
-8.5385e-13
-1.00129e-09
-8.46568e-13
-1.00141e-09
-9.83735e-13
-7.55165e-13
-1.0007e-09
-8.38947e-13
-7.41218e-13
-1.00106e-09
-6.1102e-13
-7.295e-13
-1.00137e-09
-3.22069e-13
-7.20937e-13
-1.00159e-09
-7.14711e-13
-1.00171e-09
-9.69767e-13
-5.46078e-13
-1.00097e-09
-8.27208e-13
-5.35796e-13
-1.00132e-09
-6.02518e-13
-5.27126e-13
-1.00163e-09
-3.17641e-13
-5.20784e-13
-1.00185e-09
-5.16233e-13
-1.00196e-09
-9.59368e-13
-2.86558e-13
-1.00117e-09
-8.18433e-13
-2.81115e-13
-1.00151e-09
-5.96154e-13
-2.76487e-13
-1.00181e-09
-3.14351e-13
-2.7316e-13
-1.00203e-09
-2.70784e-13
-1.00214e-09
-9.51529e-13
-1.00127e-09
-8.11757e-13
-1.00161e-09
-5.91363e-13
-1.00191e-09
-3.11872e-13
-1.00212e-09
-1.00223e-09
-1.36084e-12
-1.21155e-12
-1.00052e-09
-1.16119e-12
-1.18675e-12
-1.00102e-09
-8.46146e-13
-1.16583e-12
-1.00145e-09
-4.46129e-13
-1.15055e-12
-1.00176e-09
-1.13976e-12
-1.00193e-09
-1.33601e-12
-1.02164e-12
-1.00095e-09
-1.14027e-12
-9.9999e-13
-1.00144e-09
-8.31006e-13
-9.81827e-13
-1.00186e-09
-4.38255e-13
-9.68641e-13
-1.00217e-09
-9.59452e-13
-1.00233e-09
-1.31431e-12
-7.37614e-13
-1.00132e-09
-1.12207e-12
-7.21377e-13
-1.0018e-09
-8.17908e-13
-7.07805e-13
-1.0022e-09
-4.31507e-13
-6.98008e-13
-1.0025e-09
-6.91229e-13
-1.00266e-09
-1.29789e-12
-3.86716e-13
-1.00158e-09
-1.10833e-12
-3.78011e-13
-1.00205e-09
-8.08062e-13
-3.70818e-13
-1.00245e-09
-4.26423e-13
-3.65685e-13
-1.00274e-09
-3.62139e-13
-1.0029e-09
-1.28589e-12
-1.00172e-09
-1.09832e-12
-1.00218e-09
-8.00915e-13
-1.00257e-09
-4.22717e-13
-1.00286e-09
-1.00302e-09
-1.85226e-12
-1.64076e-12
-1.00071e-09
-1.5821e-12
-1.60279e-12
-1.0014e-09
-1.1539e-12
-1.57075e-12
-1.00198e-09
-6.08804e-13
-1.54732e-12
-1.00241e-09
-1.5313e-12
-1.00265e-09
-1.81424e-12
-1.37945e-12
-1.0013e-09
-1.55009e-12
-1.34572e-12
-1.00196e-09
-1.1307e-12
-1.31773e-12
-1.00253e-09
-5.96769e-13
-1.29756e-12
-1.00295e-09
-1.28402e-12
-1.00318e-09
-1.78041e-12
-9.93782e-13
-1.00179e-09
-1.52203e-12
-9.68078e-13
-1.00243e-09
-1.11068e-12
-9.46888e-13
-1.00299e-09
-5.86541e-13
-9.31609e-13
-1.00339e-09
-9.21431e-13
-1.00361e-09
-1.75439e-12
-5.20487e-13
-1.00214e-09
-1.50054e-12
-5.06672e-13
-1.00276e-09
-1.09529e-12
-4.95446e-13
-1.0033e-09
-5.78596e-13
-4.87424e-13
-1.0037e-09
-4.82197e-13
-1.00391e-09
-1.73605e-12
-1.00232e-09
-1.48541e-12
-1.00294e-09
-1.0845e-12
-1.00347e-09
-5.73116e-13
-1.00386e-09
-1.00408e-09
-2.5218e-12
-2.21877e-12
-1.00099e-09
-2.1567e-12
-2.16029e-12
-1.00192e-09
-1.57483e-12
-2.11158e-12
-1.00272e-09
-8.31656e-13
-2.07571e-12
-1.00331e-09
-2.05194e-12
-1.00363e-09
-2.46333e-12
-1.85758e-12
-1.00178e-09
-2.10798e-12
-1.80479e-12
-1.00268e-09
-1.53936e-12
-1.76203e-12
-1.00345e-09
-8.13286e-13
-1.73141e-12
-1.00402e-09
-1.71189e-12
-1.00433e-09
-2.41047e-12
-1.33443e-12
-1.00242e-09
-2.06511e-12
-1.29334e-12
-1.00329e-09
-1.50909e-12
-1.26003e-12
-1.00404e-09
-7.98277e-13
-1.23577e-12
-1.0046e-09
-1.22041e-12
-1.0049e-09
-2.36887e-12
-6.98692e-13
-1.00288e-09
-2.03114e-12
-6.76279e-13
-1.00372e-09
-1.48454e-12
-6.58746e-13
-1.00445e-09
-7.85711e-13
-6.46275e-13
-1.00499e-09
-6.38891e-13
-1.00528e-09
-2.34023e-12
-1.00313e-09
-2.00817e-12
-1.00394e-09
-1.46834e-12
-1.00467e-09
-7.77924e-13
-1.0052e-09
-1.00549e-09
-3.43357e-12
-2.99407e-12
-1.00139e-09
-2.94192e-12
-2.90315e-12
-1.00265e-09
-2.1512e-12
-2.83011e-12
-1.00375e-09
-1.1375e-12
-2.77513e-12
-1.00456e-09
-2.74009e-12
-1.005e-09
-3.34304e-12
-2.4923e-12
-1.00244e-09
-2.86855e-12
-2.40868e-12
-1.00364e-09
-2.09694e-12
-2.34468e-12
-1.00471e-09
-1.10953e-12
-2.29921e-12
-1.00549e-09
-2.27315e-12
-1.00591e-09
-3.25977e-12
-1.78368e-12
-1.00329e-09
-2.80437e-12
-1.71641e-12
-1.00444e-09
-2.05267e-12
-1.66347e-12
-1.00548e-09
-1.08978e-12
-1.62332e-12
-1.00624e-09
-1.59915e-12
-1.00667e-09
-3.19173e-12
-9.3534e-13
-1.00388e-09
-2.74969e-12
-8.97737e-13
-1.00498e-09
-2.01172e-12
-8.7129e-13
-1.00598e-09
-1.06866e-12
-8.51961e-13
-1.0067e-09
-8.43037e-13
-1.00711e-09
-3.14569e-12
-1.00421e-09
-2.71554e-12
-1.00527e-09
-1.98776e-12
-1.00627e-09
-1.0592e-12
-1.00698e-09
-1.00739e-09
-4.67276e-12
-4.02908e-12
-1.002e-09
-4.01685e-12
-3.88316e-12
-1.00368e-09
-2.94106e-12
-3.77731e-12
-1.00519e-09
-1.55857e-12
-3.69174e-12
-1.0063e-09
-3.64012e-12
-1.00691e-09
-4.52913e-12
-3.32754e-12
-1.00338e-09
-3.90877e-12
-3.19104e-12
-1.00496e-09
-2.85683e-12
-3.10115e-12
-1.00644e-09
-1.51497e-12
-3.03739e-12
-1.00748e-09
-3.01117e-12
-1.00805e-09
-4.39509e-12
-2.36825e-12
-1.00448e-09
-3.8185e-12
-2.25374e-12
-1.00595e-09
-2.79834e-12
-2.16756e-12
-1.00743e-09
-1.49891e-12
-2.09265e-12
-1.00848e-09
-2.04972e-12
-1.00913e-09
-4.27964e-12
-1.25076e-12
-1.00523e-09
-3.72695e-12
-1.18379e-12
-1.0066e-09
-2.72154e-12
-1.1484e-12
-1.00801e-09
-1.45657e-12
-1.11803e-12
-1.00894e-09
-1.11382e-12
-1.0095e-09
-4.20154e-12
-1.00569e-09
-3.6802e-12
-1.00698e-09
-2.6879e-12
-1.00841e-09
-1.453e-12
-1.00933e-09
-1.00996e-09
-6.34159e-12
-5.4014e-12
-1.00299e-09
-5.49342e-12
-5.14898e-12
-1.00514e-09
-4.02244e-12
-5.01081e-12
-1.00726e-09
-2.14347e-12
-4.86868e-12
-1.00876e-09
-4.78417e-12
-1.00965e-09
-6.0983e-12
-4.41635e-12
-1.0048e-09
-5.34263e-12
-4.17705e-12
-1.00668e-09
-3.8827e-12
-4.07681e-12
-1.00883e-09
-2.06433e-12
-3.99972e-12
-1.01017e-09
-4.0085e-12
-1.01089e-09
-5.86755e-12
-3.11069e-12
-1.00625e-09
-5.24041e-12
-2.90392e-12
-1.00785e-09
-3.8327e-12
-2.7565e-12
-1.01016e-09
-2.10272e-12
-2.59774e-12
-1.01161e-09
-2.52113e-12
-1.01272e-09
-5.66061e-12
-1.68282e-12
-1.00712e-09
-5.07028e-12
-1.54637e-12
-1.00855e-09
-3.65103e-12
-1.52116e-12
-1.01066e-09
-1.98567e-12
-1.46712e-12
-1.01174e-09
-1.49321e-12
-1.01251e-09
-5.51109e-12
-1.00786e-09
-5.02672e-12
-1.00901e-09
-3.61009e-12
-1.01135e-09
-2.02825e-12
-1.01238e-09
-1.01348e-09
-8.50902e-12
-7.21002e-12
-1.00486e-09
-7.53996e-12
-6.69991e-12
-1.00714e-09
-5.49239e-12
-6.58525e-12
-1.01029e-09
-2.9879e-12
-6.30075e-12
-1.01222e-09
-6.14009e-12
-1.01376e-09
-8.05179e-12
-5.84502e-12
-1.00718e-09
-7.35432e-12
-5.34382e-12
-1.00874e-09
-5.20997e-12
-5.35021e-12
-1.01221e-09
-2.76905e-12
-5.26694e-12
-1.01364e-09
-5.41581e-12
-1.01438e-09
-7.63719e-12
-4.00134e-12
-1.00924e-09
-7.344e-12
-3.61221e-12
-1.00987e-09
-5.28238e-12
-3.37935e-12
-1.01419e-09
-3.08281e-12
-3.03474e-12
-1.01605e-09
-2.93305e-12
-1.01828e-09
-7.26338e-12
-2.32337e-12
-1.00993e-09
-6.95496e-12
-1.97713e-12
-1.01049e-09
-4.76002e-12
-2.07041e-12
-1.01416e-09
-2.69625e-12
-1.91166e-12
-1.01493e-09
-2.04871e-12
-1.01609e-09
-6.97101e-12
-1.01142e-09
-7.00538e-12
-1.01095e-09
-4.75336e-12
-1.01567e-09
-2.93545e-12
-1.01611e-09
-1.01847e-09
-1.10996e-11
-9.57953e-12
-1.00901e-09
-1.04399e-11
-8.3406e-12
-1.00951e-09
-7.42225e-12
-8.54822e-12
-1.01494e-09
-4.35945e-12
-7.89637e-12
-1.01678e-09
-7.71702e-12
-1.02034e-09
-1.03421e-11
-7.82306e-12
-1.01146e-09
-1.02387e-11
-6.50954e-12
-1.01067e-09
-6.71532e-12
-7.06856e-12
-1.01721e-09
-3.5245e-12
-6.85061e-12
-1.01788e-09
-7.42068e-12
-1.0182e-09
-9.66019e-12
-4.96426e-12
-1.01504e-09
-1.06788e-11
-4.25894e-12
-1.01111e-09
-7.37671e-12
-4.00243e-12
-1.02056e-09
-4.85537e-12
-3.19586e-12
-1.02222e-09
-3.15753e-12
-1.0274e-09
-9.03311e-12
-3.38785e-12
-1.01425e-09
-9.62159e-12
-2.39437e-12
-1.01177e-09
-5.96129e-12
-2.98401e-12
-1.01884e-09
-3.63907e-12
-2.36213e-12
-1.01808e-09
-2.88473e-12
-1.02001e-09
-8.46594e-12
-1.01784e-09
-1.00128e-11
-1.0118e-09
-6.22972e-12
-1.02244e-09
-4.47718e-12
-1.02023e-09
-1.02583e-09
-1.3907e-11
-1.26035e-11
-1.01909e-09
-1.45619e-11
-9.60905e-12
-1.01151e-09
-9.88612e-12
-1.1035e-11
-1.02263e-09
-6.96989e-12
-9.55101e-12
-1.02179e-09
-9.57684e-12
-1.03169e-09
-1.30946e-11
-1.06584e-11
-1.01903e-09
-1.42858e-11
-7.09169e-12
-1.012e-09
-8.24046e-12
-9.36108e-12
-1.02493e-09
-3.97683e-12
-8.62908e-12
-1.02307e-09
-1.03462e-11
-1.02141e-09
-1.18422e-11
-5.85857e-12
-1.02674e-09
-1.59704e-11
-4.80561e-12
-1.00926e-09
-1.09037e-11
-4.54214e-12
-1.03044e-09
-8.30388e-12
-2.65219e-12
-1.0308e-09
-2.93994e-12
-1.04311e-09
-1.10137e-11
-5.30354e-12
-1.02063e-09
-1.31863e-11
-2.51602e-12
-1.01188e-09
-7.29602e-12
-4.64506e-12
-1.02463e-09
-4.71326e-12
-2.54935e-12
-1.02077e-09
-4.24126e-12
-1.02342e-09
-9.67988e-12
-1.02984e-09
-1.43976e-11
-1.0096e-09
-8.37408e-12
-1.03311e-09
-7.18279e-12
-1.02397e-09
-1.03725e-09
-1.62513e-11
-1.64488e-11
-1.04406e-09
-1.97083e-11
-9.05326e-12
-1.0124e-09
-1.35764e-11
-1.40398e-11
-1.03579e-09
-1.24847e-11
-1.11619e-11
-1.02505e-09
-1.15911e-11
-1.05285e-09
-1.67544e-11
-1.42166e-11
-1.03224e-09
-1.95931e-11
-5.95857e-12
-1.01225e-09
-9.64151e-12
-1.2043e-11
-1.03688e-09
-2.99182e-12
-1.06444e-11
-1.03023e-09
-1.48298e-11
-1.02116e-09
-1.36484e-11
-6.3253e-12
-1.04977e-09
-2.42215e-11
-5.48237e-12
-9.99168e-10
-1.77901e-11
-4.74474e-12
-1.04417e-09
-1.53462e-11
-6.45255e-13
-1.04324e-09
-1.85718e-12
-1.07143e-09
-1.34535e-11
-9.0014e-12
-1.02943e-09
-1.75069e-11
-1.81484e-12
-1.0115e-09
-8.68166e-12
-7.98776e-12
-1.03021e-09
-5.36761e-12
-1.6991e-12
-1.02303e-09
-6.69667e-12
-1.02395e-09
-9.74303e-12
-1.05273e-09
-2.064e-11
-1.00052e-09
-1.17152e-11
-1.05002e-09
-1.22049e-11
-1.02518e-09
-1.05615e-09
-1.63023e-11
-2.03101e-11
-1.10805e-09
-2.33353e-11
7.49279e-13
-1.0174e-09
-1.90403e-11
-1.66332e-11
-1.05773e-09
-2.47009e-11
-1.14918e-11
-1.02063e-09
-1.35281e-11
-1.09579e-09
-2.25968e-11
-1.7016e-11
-1.05534e-09
-2.67494e-11
-2.10811e-12
-1.00524e-09
-1.00331e-11
-1.32247e-11
-1.05701e-09
3.02316e-12
-1.33553e-11
-1.04143e-09
-2.17052e-11
-1.00996e-09
-1.33798e-11
-5.54952e-12
-1.09371e-09
-3.71457e-11
-6.14274e-12
-9.71367e-10
-3.2404e-11
-3.83155e-12
-1.05831e-09
-2.99047e-11
6.39965e-12
-1.0655e-09
1.3672e-12
-1.12441e-09
-1.72444e-11
-1.66879e-11
-1.0405e-09
-2.19115e-11
5.09582e-13
-1.01348e-09
-9.6873e-12
-1.50851e-11
-1.03118e-09
-4.06419e-12
2.31245e-12
-1.02456e-09
-1.14306e-11
-1.01521e-09
-6.52142e-12
-1.09763e-09
-2.90123e-11
-9.77515e-10
-1.74258e-11
-1.07669e-09
-2.25322e-11
-1.01776e-09
-1.09012e-09
-1.61017e-11
-1.30983e-11
-1.28237e-09
-2.47276e-11
3.06309e-11
-1.04307e-09
-2.71852e-11
-8.93083e-12
-1.11235e-09
-6.50146e-11
-1.06771e-11
-9.86366e-10
-1.54095e-11
-1.21821e-09
-4.09436e-11
-9.29079e-12
-1.08583e-09
-5.03433e-11
1.62182e-11
-9.81432e-10
-9.38768e-12
3.62256e-12
-1.11051e-09
1.71319e-11
-2.2211e-11
-1.05641e-09
-3.52546e-11
-9.72988e-10
-1.18252e-11
-2.76296e-12
-1.16785e-09
-6.98421e-11
-4.83505e-12
-8.92297e-10
-7.99802e-11
9.07714e-12
-1.05363e-09
-7.84244e-11
3.52507e-11
-1.12451e-09
2.36819e-11
-1.26177e-09
-2.60387e-11
-3.52498e-11
-1.05354e-09
-3.00352e-11
1.11938e-11
-1.02552e-09
-1.31881e-11
-2.56712e-11
-1.01328e-09
-1.13959e-12
1.91399e-11
-1.0205e-09
-2.85773e-11
-9.64093e-10
1.02753e-11
-1.19743e-09
-4.20614e-11
-9.13984e-10
-3.78581e-11
-1.10656e-09
-6.64934e-11
-9.69984e-10
-1.18519e-09
3.89463e-11
-6.67283e-11
-1.53109e-09
3.38109e-11
4.63721e-11
-1.05889e-09
-2.49704e-11
-4.20565e-11
-1.08393e-09
-7.73177e-11
2.18927e-11
-9.00383e-10
-8.68415e-12
-1.31997e-09
8.75586e-12
4.91036e-13
-1.24881e-09
4.2016e-12
-9.70622e-12
-9.20799e-10
4.6928e-12
-3.07509e-11
-1.12231e-09
5.9411e-11
-2.65644e-11
-1.06267e-09
-4.71568e-11
-8.75104e-10
4.71466e-11
1.46285e-11
-1.29704e-09
-2.18451e-11
-5.40061e-11
-7.79005e-10
-6.62923e-11
-3.31125e-11
-1.00682e-09
-6.78852e-11
7.95412e-12
-1.15744e-09
-7.4725e-12
-1.36934e-09
-2.30906e-11
-5.52646e-11
-1.03375e-09
1.29864e-11
-3.96119e-12
-1.11164e-09
1.61963e-11
-9.21748e-11
-9.5743e-10
1.77375e-11
1.06343e-11
-1.02472e-09
-3.0092e-11
-9.23736e-10
5.1419e-11
-1.32572e-09
-1.99392e-11
-8.46587e-10
5.70311e-12
-1.22438e-09
-1.47205e-11
-9.38926e-10
-1.23e-09
8.16639e-11
2.13338e-10
-2.85783e-09
1.1015e-10
3.65478e-10
-1.31473e-09
-6.69295e-11
1.11342e-10
-1.28107e-09
-4.64866e-10
-6.02419e-11
-4.14783e-10
-2.38594e-11
-2.18493e-09
-2.19662e-10
1.02121e-10
-1.11061e-09
-2.67212e-10
1.98649e-10
-7.0642e-10
4.81894e-11
2.2628e-10
-1.55265e-09
2.1438e-10
-1.36253e-10
-1.15285e-09
-7.10706e-11
-6.13513e-10
5.0105e-11
-1.24507e-11
-1.56158e-09
-2.9555e-10
9.04503e-13
-2.35606e-10
-5.39386e-10
1.35424e-10
-6.72124e-10
-4.77041e-10
2.92768e-10
-1.64881e-09
2.08593e-10
-2.12604e-09
-1.47205e-10
-2.30967e-10
-1.05278e-09
-4.48917e-11
1.67744e-10
-1.38079e-09
-8.14455e-12
-1.06267e-10
-7.52486e-10
1.07287e-10
2.71859e-10
-1.11925e-09
-1.91659e-10
-4.16197e-10
1.84506e-10
-2.01752e-09
-5.30259e-11
-4.41312e-10
-2.17496e-10
-1.16618e-09
-4.80959e-10
-4.03604e-10
-1.90262e-09
8.41341e-11
-6.11328e-10
-2.57757e-09
1.66786e-10
-3.64754e-11
-1.33255e-09
2.41061e-11
-2.09191e-10
-9.21008e-10
8.02539e-11
3.28469e-10
-3.01072e-10
1.687e-11
-1.82101e-09
4.79161e-10
2.09489e-10
-2.73115e-09
4.3584e-10
-1.72426e-10
-5.27149e-10
1.09143e-11
-2.49437e-10
-1.08748e-09
8.12493e-11
-6.12837e-12
-8.8859e-10
-8.68539e-11
-4.2854e-10
2.42e-10
3.06629e-10
-1.809e-09
2.25496e-10
-3.33054e-10
-5.84739e-11
2.26727e-10
-2.893e-10
-6.33492e-10
1.50555e-10
-2.25803e-10
-1.35296e-09
-2.14187e-10
-1.84815e-09
1.11904e-11
3.98746e-11
-8.14198e-10
2.15675e-10
-8.24984e-11
-1.83583e-09
1.0365e-10
-4.7763e-10
-4.52132e-10
-6.17065e-11
-1.90262e-10
-9.8943e-10
1.4453e-10
-8.36621e-10
2.78125e-10
-1.77367e-09
-7.95563e-11
-1.66128e-10
3.6677e-10
-2.09013e-09
5.142e-10
-7.41295e-10
-1.24389e-09
1.19735e-10
4.53235e-10
-3.20845e-09
1.74247e-11
1.14113e-11
-1.13986e-09
-1.84245e-12
5.74037e-12
-9.07431e-10
-4.56156e-11
-1.80243e-11
-1.79054e-10
-2.996e-11
-1.87513e-09
-1.01803e-10
1.25476e-10
-2.2807e-09
2.02289e-12
1.08916e-12
-6.20652e-10
2.48992e-11
3.13225e-11
-1.13594e-09
8.18314e-11
-4.095e-11
-9.22596e-10
2.81889e-13
-3.7695e-10
9.63762e-12
-3.88214e-11
-1.68997e-09
-1.63017e-11
3.30709e-12
-3.47525e-11
-6.19756e-11
8.76752e-12
-5.65263e-10
-3.59052e-11
3.28705e-11
-1.45285e-09
5.14752e-11
-1.93525e-09
-1.60902e-11
-7.28227e-11
-7.80997e-10
-1.32127e-12
1.65276e-11
-1.86382e-09
4.83122e-12
-8.25431e-12
-4.41263e-10
5.51086e-11
7.89344e-11
-1.08577e-09
-3.67994e-12
-7.26357e-10
7.8438e-12
-2.54511e-09
5.02861e-12
-1.46785e-10
-1.74376e-11
-2.07592e-09
-4.54256e-11
-6.34373e-10
-1.29299e-09
-1.09395e-11
-2.70097e-11
-3.78398e-09
2.12745e-10
2.31404e-11
-1.22336e-09
1.4694e-10
1.20445e-10
-6.31965e-10
1.12483e-11
-5.27864e-11
-1.47238e-11
-1.90876e-10
-1.50261e-09
2.18376e-11
8.44064e-11
-2.49451e-09
-6.88119e-11
-7.54601e-11
-4.31402e-10
-3.04039e-11
6.34273e-11
-1.11733e-09
-2.63808e-10
-4.80117e-11
-6.93967e-10
3.03749e-11
-8.62009e-10
-1.92423e-10
1.94894e-10
-1.79217e-09
4.26728e-11
1.05749e-10
-4.51057e-10
-1.79747e-10
-6.06e-11
-2.18817e-10
-5.79129e-10
-4.72051e-11
-1.05427e-09
-8.87568e-12
-2.47513e-09
-6.26127e-11
7.20224e-10
-1.0689e-09
-7.03981e-11
1.33401e-10
-1.88369e-09
8.6298e-12
4.79284e-11
-6.28819e-10
-1.74448e-10
-1.21046e-10
-8.28854e-10
-3.19896e-11
-8.77691e-10
-3.60043e-10
-1.7894e-09
-1.25835e-10
-2.47592e-10
-1.26104e-10
-2.02773e-09
-1.70291e-10
-7.11232e-10
-1.49527e-09
-7.19139e-12
-4.2803e-10
-3.83004e-09
1.73798e-10
-1.96931e-10
-1.43531e-09
-1.16651e-12
-3.69748e-11
-1.74638e-11
-4.04517e-13
4.5978e-12
-1.504e-10
-1.46294e-10
-1.12937e-09
-6.84732e-13
-2.63787e-10
-2.59248e-09
3.36774e-11
7.42282e-11
-7.36924e-10
-1.29073e-10
-1.28054e-11
-9.78748e-10
-2.36266e-10
6.33465e-11
-6.45523e-10
1.68866e-10
-1.41344e-09
1.03698e-10
4.57211e-10
-2.61608e-09
1.19581e-10
2.14431e-10
-6.07144e-10
-2.40062e-11
-2.70984e-12
-8.53246e-11
-4.12485e-10
-6.1028e-11
-5.41422e-10
1.88954e-10
-2.9077e-09
-2.73384e-10
5.10921e-10
-5.94078e-10
-4.73349e-10
2.79378e-11
-1.49723e-09
4.43487e-11
3.80212e-10
-1.52944e-09
-3.01584e-10
-1.26994e-10
-4.16955e-10
3.45362e-10
-1.33568e-09
-2.33071e-10
-1.62967e-10
-2.96511e-10
-1.56214e-10
-4.73955e-10
-1.47007e-09
1.84294e-11
-1.33061e-09
-1.13148e-09
2.60178e-10
7.99444e-10
-2.79121e-09
-3.07248e-10
9.48775e-11
-6.96186e-10
1.04687e-11
9.67722e-11
-9.57256e-10
6.87381e-12
1.13256e-10
-4.28822e-10
-1.01917e-10
-1.45214e-09
-3.84197e-10
-3.46523e-10
-4.87448e-10
-3.00642e-10
1.42215e-11
-7.39822e-10
-3.46282e-10
-9.01641e-11
-7.46172e-10
-4.43925e-10
6.28126e-11
-4.97436e-10
4.19515e-10
-2.37879e-09
3.50814e-11
-3.8855e-11
-2.76202e-09
-1.43078e-10
-5.01486e-11
-3.64614e-10
3.00724e-11
5.83078e-10
-9.31716e-10
-7.38349e-11
1.38528e-10
-5.1323e-10
5.94704e-10
-3.15673e-09
-5.06348e-12
-5.57864e-13
-5.51409e-10
1.54499e-11
4.35822e-12
-1.57225e-09
1.16751e-10
6.07556e-10
-1.65522e-09
-7.58203e-11
2.26183e-10
-3.12039e-10
6.29962e-10
-1.44676e-09
1.60791e-12
-2.41284e-11
-1.81175e-13
-1.50067e-10
-4.7528e-11
-8.15167e-10
6.93065e-12
-1.15889e-09
-4.94591e-10
-4.28177e-10
-5.16973e-11
-8.26238e-10
-7.95728e-10
1.48207e-11
-3.0201e-10
-3.50885e-10
-3.08335e-10
-1.8908e-09
-1.80392e-10
5.87088e-11
-5.76527e-10
1.21186e-09
-3.01734e-09
1.07857e-12
2.70243e-11
-4.35564e-10
-9.80108e-11
-5.77369e-11
-5.68175e-10
-5.95552e-11
-3.68501e-10
-7.24462e-10
-6.02187e-11
-8.20792e-12
-4.29856e-10
7.23165e-10
-1.95031e-09
-2.96787e-10
-9.21824e-10
-1.0359e-09
-1.99517e-10
-2.12051e-11
-4.98416e-10
-3.29725e-11
-2.81321e-10
-1.18544e-09
3.56906e-10
8.22632e-11
-9.93579e-10
-3.00093e-10
-1.77656e-09
-4.80522e-10
-1.25807e-10
-4.2345e-10
-5.19994e-10
7.36669e-11
-1.62765e-09
1.4741e-11
9.85927e-11
-2.56987e-09
-2.35777e-10
1.81346e-10
-1.60603e-10
3.30794e-10
-2.31343e-09
2.65198e-11
-2.01745e-11
7.40746e-11
-1.23955e-10
3.82561e-10
-1.02506e-09
1.47293e-10
-7.42272e-10
-1.65033e-11
3.10512e-13
1.20729e-10
-1.18296e-09
1.40913e-10
-3.25421e-11
-4.15991e-10
-1.5164e-11
7.6592e-11
-1.29462e-09
-3.28119e-10
-9.13661e-11
-4.48013e-11
6.98131e-10
-3.54183e-09
1.45185e-10
3.58466e-10
-1.0816e-09
4.73232e-11
3.94862e-12
-5.06804e-10
-4.34347e-11
-8.29632e-11
-4.74148e-10
1.29823e-10
1.42685e-10
-8.37165e-10
-6.38269e-12
-1.11598e-09
-3.22196e-10
-8.32642e-12
-3.22781e-11
-1.59464e-10
1.97719e-10
-8.54919e-10
2.99731e-11
1.46799e-11
-1.47252e-09
6.08444e-11
1.59483e-10
-1.04125e-09
-7.32406e-10
-9.89695e-10
4.9999e-11
-2.2567e-12
-5.42895e-10
-4.79133e-10
-2.7464e-11
-8.73334e-10
-2.25067e-10
-2.69084e-11
-2.78234e-09
3.59114e-10
7.18534e-11
-6.57155e-10
-1.0521e-09
-1.63462e-09
2.50427e-12
-2.81367e-11
2.34668e-11
-1.72382e-10
1.59536e-10
-1.18804e-09
-1.22006e-10
-3.88877e-10
-1.19061e-09
2.54987e-10
5.58757e-10
-2.98536e-09
2.05348e-10
1.07935e-11
-4.42204e-10
-4.66663e-12
-6.23303e-11
-5.71876e-10
-3.81283e-11
2.83138e-11
-4.48273e-11
2.72761e-10
-3.97247e-09
-1.04936e-10
2.95406e-10
-9.05518e-10
5.21974e-11
-1.09248e-11
-6.42219e-10
4.28067e-11
7.36991e-11
-6.00787e-10
1.4586e-10
-1.68865e-10
-7.43041e-10
2.10762e-10
-9.08119e-10
3.94085e-12
1.82728e-11
-4.62822e-11
3.04332e-10
7.61977e-11
-1.24243e-09
-1.95759e-11
4.62849e-10
-1.53776e-09
-2.82018e-10
-1.49589e-11
-9.32711e-10
5.56303e-10
-1.61725e-09
-8.71902e-12
1.57884e-11
-7.26916e-10
3.2353e-10
1.18644e-10
-1.24803e-09
-2.40966e-11
6.30943e-11
-2.03496e-09
2.49976e-10
5.83585e-11
-1.00454e-09
-7.89675e-10
-3.86679e-11
2.75382e-11
-1.47164e-10
1.34037e-10
-1.60236e-10
-1.28386e-11
-9.78068e-10
4.71513e-10
-8.1487e-10
-1.50877e-09
2.75602e-10
3.68285e-10
-2.21955e-09
-1.37455e-10
8.83318e-11
-1.35386e-10
-6.26655e-11
3.29214e-10
-1.12143e-09
7.41409e-10
1.31687e-11
-1.15029e-09
1.43159e-10
-3.82269e-09
3.35455e-12
-7.38306e-11
-4.78951e-10
1.22092e-10
6.76189e-11
-7.40243e-10
7.28505e-11
1.69e-10
-3.91332e-10
-5.61324e-13
-1.19132e-10
-5.37329e-10
3.77173e-11
-8.03239e-10
5.8714e-10
2.93366e-10
-1.3815e-09
5.76752e-10
1.39017e-10
-1.30344e-09
2.92218e-11
1.61468e-10
-9.82701e-10
2.18079e-10
-3.20791e-10
-9.19909e-10
1.47234e-11
-1.37618e-09
2.97341e-11
1.06626e-10
-5.6569e-10
3.90564e-10
1.40609e-10
-1.61045e-09
-1.85773e-10
8.54717e-11
-1.38263e-09
5.8359e-12
-5.99383e-10
-9.17562e-10
1.60588e-13
-1.82692e-11
-2.03245e-12
-1.20467e-10
1.10826e-13
-2.17711e-11
-8.81052e-11
-8.04381e-10
1.77065e-10
-1.67942e-09
-1.33154e-09
-6.98446e-12
-1.89591e-10
-1.07861e-09
4.57338e-10
-1.78171e-12
-7.50896e-10
1.21579e-09
2.17285e-10
-1.91985e-09
2.04293e-09
-1.70052e-10
-1.77202e-09
-7.31417e-10
-9.45068e-10
-2.39035e-11
-1.56541e-10
-5.25522e-10
7.64269e-12
2.23454e-10
-9.97025e-10
-8.35471e-11
-3.18035e-11
-5.10538e-11
6.91159e-11
1.87293e-10
-1.04734e-09
-2.69826e-10
-1.19571e-09
-9.51501e-11
5.74468e-11
-2.18764e-09
-2.32922e-10
-1.73744e-10
-7.68472e-10
1.25225e-10
1.7315e-10
-1.5458e-09
-8.80922e-11
-4.63282e-12
-5.14666e-10
3.38713e-13
-1.73444e-09
2.36903e-10
3.8011e-11
-7.71613e-10
2.06344e-10
-4.46886e-10
-1.30675e-09
-1.15313e-10
-1.86469e-10
-7.01354e-10
-9.68662e-11
-1.55037e-10
-7.85604e-10
1.51855e-11
-1.29982e-10
-9.87888e-12
-5.30808e-11
3.18198e-10
-7.96734e-10
9.2884e-11
-7.65536e-10
-4.02597e-10
-1.33898e-09
-1.71895e-09
-9.30631e-11
2.40804e-11
-1.28164e-09
5.58965e-10
4.39825e-11
-1.64191e-09
2.17888e-11
-7.16457e-11
-1.24397e-09
1.53481e-10
-2.04393e-10
-1.56314e-09
-4.21801e-10
-2.67275e-10
-1.59621e-10
-1.21715e-10
-3.45429e-10
-7.39062e-11
1.27419e-10
-1.16618e-09
-1.3914e-10
2.19685e-11
-7.94346e-11
1.19645e-10
-7.96391e-12
-1.50255e-09
4.42996e-11
-1.54217e-09
-1.30369e-10
-2.3742e-10
-2.11529e-09
-1.02417e-10
-6.82076e-11
-6.00798e-10
-1.43282e-10
6.14775e-11
-1.54445e-09
1.56047e-11
9.33808e-12
-6.90855e-10
2.48707e-10
-1.92324e-09
2.41715e-12
-5.56142e-11
-8.04771e-10
6.20135e-11
-5.06205e-10
-9.28349e-10
-6.73076e-11
1.16284e-11
-5.22183e-10
1.65475e-11
1.74648e-10
-1.03477e-09
2.82386e-10
-1.47114e-10
2.58671e-11
-3.89191e-11
3.87012e-10
-1.66408e-09
4.97004e-11
-4.16596e-10
2.56393e-10
-1.37102e-09
-1.18018e-09
-4.77582e-10
-2.80649e-10
-7.49273e-10
-6.8583e-10
9.39595e-11
-1.10182e-09
1.11003e-10
-1.13595e-12
-2.02591e-09
2.37523e-10
4.89122e-10
-1.99911e-09
1.408e-10
-1.5739e-10
6.96983e-11
4.74345e-10
-1.34383e-09
-6.87401e-11
-3.37195e-10
-5.96583e-10
1.74905e-10
5.94912e-12
-3.30165e-10
1.7758e-10
2.75701e-10
-1.2918e-09
4.70256e-10
-1.69404e-09
-4.3866e-10
2.3223e-10
-1.56201e-09
-1.26797e-11
-1.34279e-10
-1.22969e-09
5.36631e-11
5.36009e-13
-1.60537e-09
3.17046e-10
-1.78284e-10
-5.00252e-10
-3.78151e-11
-1.09812e-09
-2.37053e-10
-7.2114e-11
-2.43856e-10
-5.97416e-11
3.3427e-11
-1.27337e-09
4.43176e-11
-1.24453e-11
-6.13261e-10
5.20217e-11
-4.289e-10
-7.91858e-10
-8.3226e-13
-1.32075e-10
1.80479e-10
-5.83754e-10
8.92523e-11
-1.53943e-09
-7.01345e-11
-2.69655e-10
2.89653e-12
-1.87295e-09
-1.17811e-09
7.71748e-12
-2.21935e-10
-4.19789e-10
-2.8208e-10
-1.82119e-11
-7.35135e-10
-1.20893e-10
1.14471e-10
-2.44266e-09
4.63639e-11
2.88419e-10
-1.7585e-09
1.80521e-10
-2.93659e-10
1.44049e-10
9.86108e-12
-1.66973e-09
3.6199e-11
-3.00018e-11
-4.76944e-10
2.14404e-10
3.54105e-11
-4.2931e-10
8.89343e-11
-1.22809e-12
-8.76688e-10
6.88819e-11
-1.49347e-09
-4.65816e-10
-9.51627e-13
-1.06454e-09
-3.67873e-10
1.05599e-10
-1.46324e-09
3.76225e-11
9.82009e-12
-1.98528e-09
1.17519e-11
-4.53349e-12
-4.71076e-10
-5.91569e-11
-9.58334e-10
1.32209e-11
-5.43885e-11
-1.9985e-10
4.76857e-11
1.67755e-10
-1.36999e-09
3.50683e-11
1.59891e-12
-5.92423e-10
6.81931e-12
-2.5105e-10
-5.17093e-10
3.07135e-11
-2.15126e-10
-5.94843e-11
-7.69648e-10
1.52962e-11
-1.44645e-09
-1.32392e-11
-2.3952e-10
-4.15097e-11
-2.09573e-09
-1.18891e-09
1.82478e-10
-3.08708e-11
-6.98717e-10
5.40333e-10
2.55132e-11
-1.18776e-09
-2.05141e-10
-2.58618e-10
-1.21954e-09
-4.52381e-10
-2.17923e-10
-1.41248e-09
1.66736e-10
-8.90612e-10
-6.33342e-11
-3.25256e-10
-9.60263e-10
1.48556e-11
2.56807e-10
-7.86427e-10
1.47522e-10
-8.49265e-11
-7.35668e-10
1.42666e-10
-1.04846e-10
-9.84909e-10
-6.71589e-12
-1.17735e-09
4.24602e-10
-1.86796e-10
-1.42956e-09
2.50637e-10
1.5423e-10
-1.18669e-09
-3.42085e-10
-4.69942e-10
-1.00754e-09
-6.6895e-11
1.07014e-10
-9.58127e-10
-9.35127e-11
-9.38432e-10
-8.44494e-12
1.33522e-10
-6.80411e-10
-3.39874e-11
3.87035e-11
-1.22892e-09
-1.26368e-10
-2.82182e-10
-6.87802e-10
-8.06843e-11
4.75527e-10
-9.3129e-10
2.68473e-10
-6.57796e-10
1.20999e-10
-6.27642e-10
1.00266e-10
-1.38702e-09
3.31763e-10
-7.53199e-10
4.91222e-11
-1.33757e-09
-8.71313e-10
1.47127e-10
-4.55071e-11
-9.26429e-10
4.00401e-11
-8.91344e-12
-1.00497e-09
4.22591e-11
-8.31688e-11
-1.177e-09
-8.92298e-11
-8.51139e-11
-1.16165e-09
-4.3452e-12
-9.46885e-10
-7.44127e-12
1.63495e-11
-9.95296e-10
2.29136e-12
9.03301e-11
-8.95403e-10
1.06126e-10
-6.78839e-11
-8.54787e-10
4.78711e-11
-3.68317e-11
-9.74937e-10
-8.71176e-11
-1.04671e-09
-4.71477e-12
-2.16194e-10
-1.03982e-09
-1.11611e-10
1.00623e-10
-1.09009e-09
-4.68195e-12
-9.49255e-11
-1.08743e-09
-4.8547e-11
2.18154e-11
-9.72909e-10
-1.0388e-10
-9.70216e-10
7.65695e-11
-1.2903e-10
-7.92685e-10
-8.13935e-11
1.09607e-10
-1.07994e-09
-1.23484e-11
-3.31548e-11
-8.18617e-10
-5.80014e-11
9.25072e-11
-9.56329e-10
-4.96874e-12
-8.14708e-10
6.63609e-11
-8.3363e-10
-4.5247e-11
-1.1658e-09
2.6003e-12
-8.34201e-10
-8.46661e-11
-1.15779e-09
-9.60948e-10
6.51894e-11
-4.52097e-11
-9.74682e-10
6.87025e-11
-4.54824e-12
-1.00853e-09
6.57913e-13
-7.33164e-11
-1.05604e-09
-5.31298e-11
-5.68796e-11
-1.06333e-09
-1.86023e-11
-9.91489e-10
5.86875e-12
-4.17174e-11
-9.65176e-10
5.62302e-12
4.80621e-11
-9.47768e-10
4.75811e-11
-4.10401e-11
-9.29021e-10
2.41082e-11
-2.46012e-11
-9.83742e-10
-4.48837e-11
-9.96319e-10
5.98389e-11
-9.55091e-11
-9.94595e-10
6.87121e-12
4.15541e-11
-1.03062e-09
-1.95276e-11
-9.32758e-11
-1.0088e-09
-2.57191e-11
9.8137e-12
-1.00113e-09
-5.95803e-11
-9.81239e-10
2.72884e-11
-3.09623e-11
-8.8768e-10
-2.47298e-11
4.16752e-11
-1.02804e-09
-2.52638e-12
-3.77941e-11
-8.96303e-10
-2.38812e-11
5.41855e-11
-9.79346e-10
1.37621e-11
-9.11932e-10
3.92756e-11
-8.97396e-10
-1.01397e-11
-1.07471e-09
2.90073e-11
-9.11142e-10
-1.64107e-11
-1.05819e-09
-9.63596e-10
2.66799e-11
-4.03955e-11
-9.88344e-10
2.18672e-11
-1.29146e-11
-1.0012e-09
5.86552e-12
-4.66224e-11
-1.01792e-09
-1.63408e-11
-3.11914e-11
-1.02379e-09
-2.51622e-11
-9.98752e-10
9.58394e-12
-2.68762e-11
-9.70911e-10
5.13458e-12
1.59816e-11
-9.72215e-10
2.19238e-11
-2.94697e-11
-9.62964e-10
7.46304e-12
-1.26359e-11
-9.87837e-10
-2.63001e-11
-9.87719e-10
2.38654e-11
-4.87104e-11
-9.80835e-10
1.37879e-12
1.64903e-11
-1.00864e-09
-3.61057e-13
-4.58187e-11
-9.90707e-10
-1.01699e-11
-2.34557e-12
-1.00161e-09
-3.22698e-11
-9.8544e-10
1.22644e-11
-1.69881e-11
-9.35847e-10
-1.17174e-11
1.98737e-11
-1.00744e-09
2.47834e-12
-1.62257e-11
-9.40092e-10
-9.96373e-12
1.78654e-11
-9.87115e-10
-4.52895e-13
-9.53712e-10
1.69558e-11
-9.38508e-10
-7.73968e-12
-1.03014e-09
1.20426e-11
-9.4715e-10
-9.94517e-12
-1.01834e-09
-9.73995e-10
1.16325e-11
-2.92133e-11
-9.92587e-10
8.79129e-12
-1.30293e-11
-9.97837e-10
4.4708e-12
-3.10257e-11
-1.00373e-09
-5.00375e-12
-2.05668e-11
-1.00763e-09
-2.15764e-11
-9.98718e-10
7.63901e-12
-1.87737e-11
-9.80096e-10
3.92242e-12
2.28178e-12
-9.8381e-10
1.0206e-11
-2.02349e-11
-9.80038e-10
2.36287e-12
-8.94941e-12
-9.91611e-10
-1.71816e-11
-9.89751e-10
1.12841e-11
-2.53973e-11
-9.81419e-10
8.495e-13
4.83432e-12
-1.00076e-09
2.21982e-12
-2.5629e-11
-9.86684e-10
-4.14785e-12
-5.83965e-12
-9.98356e-10
-1.85768e-11
-9.88192e-10
6.24105e-12
-8.97707e-12
-9.62231e-10
-5.05124e-12
7.7924e-12
-9.99109e-10
3.09515e-12
-8.93132e-12
-9.64936e-10
-4.1879e-12
4.83966e-12
-9.90511e-10
-2.57935e-12
-9.73898e-10
7.8635e-12
-9.62472e-10
-4.78933e-12
-1.0097e-09
6.2339e-12
-9.67105e-10
-4.57612e-12
-1.00269e-09
-9.8115e-10
5.4234e-12
-1.97629e-11
-9.94668e-10
3.97133e-12
-1.12676e-11
-9.96977e-10
3.02513e-12
-2.05787e-11
-9.99024e-10
-1.19592e-12
-1.45863e-11
-1.00139e-09
-1.62295e-11
-9.98237e-10
5.17052e-12
-1.32383e-11
-9.87124e-10
2.52874e-12
-1.83671e-12
-9.90599e-10
4.95177e-12
-1.42551e-11
-9.88785e-10
7.91496e-13
-7.55057e-12
-9.94487e-10
-1.23153e-11
-9.92873e-10
5.23658e-12
-1.41729e-11
-9.85296e-10
3.36408e-13
-2.16282e-13
-9.97477e-10
2.30726e-12
-1.48919e-11
-9.88018e-10
-1.52067e-12
-5.9104e-12
-9.96168e-10
-1.14805e-11
-9.90548e-10
3.36793e-12
-5.26884e-12
-9.77136e-10
-2.21227e-12
2.31914e-12
-9.96064e-10
2.44577e-12
-5.54871e-12
-9.78937e-10
-1.77527e-12
2.01751e-13
-9.92402e-10
-2.93927e-12
-9.84214e-10
3.59677e-12
-9.76583e-10
-2.92616e-12
-1.00086e-09
3.27322e-12
-9.78853e-10
-2.1896e-12
-9.97022e-10
-9.86279e-10
2.89146e-12
-1.3198e-11
-9.96207e-10
2.05872e-12
-9.02942e-12
-9.97383e-10
1.95151e-12
-1.37144e-11
-9.98114e-10
-3.14378e-14
-1.05571e-11
-9.99534e-10
-1.17711e-11
-9.98394e-10
3.19172e-12
-9.43548e-12
-9.91711e-10
1.48063e-12
-3.53051e-12
-9.94387e-10
2.5327e-12
-1.03485e-11
-9.93203e-10
3.16363e-13
-6.5995e-12
-9.96228e-10
-9.26409e-12
-9.95064e-10
2.51703e-12
-8.50067e-12
-9.89506e-10
1.93657e-13
-2.418e-12
-9.96267e-10
1.68177e-12
-9.06124e-12
-9.90793e-10
-4.69958e-13
-4.96374e-12
-9.95652e-10
-7.50633e-12
-9.92775e-10
1.88187e-12
-3.44696e-12
-9.85765e-10
-1.04052e-12
-1.37286e-15
-9.95559e-10
1.57933e-12
-3.7864e-12
-9.86832e-10
-7.77444e-13
-1.05574e-12
-9.93953e-10
-2.68248e-12
-9.89815e-10
1.59734e-12
-9.8503e-10
-1.75673e-12
-9.97504e-10
1.71001e-12
-9.86106e-10
-1.03687e-12
-9.95331e-10
-9.89998e-10
1.77797e-12
-8.98341e-12
-9.97407e-10
1.18941e-12
-6.97227e-12
-9.98173e-10
1.23768e-12
-9.38376e-12
-9.98425e-10
1.67615e-13
-7.79315e-12
-9.99272e-10
-8.59545e-12
-9.98844e-10
1.88631e-12
-6.82019e-12
-9.94599e-10
8.42629e-13
-3.92969e-12
-9.96386e-10
1.38666e-12
-7.58287e-12
-9.95548e-10
1.82642e-13
-5.59624e-12
-9.97221e-10
-6.96291e-12
-9.96514e-10
1.34219e-12
-5.41792e-12
-9.92784e-10
1.81742e-13
-2.69663e-12
-9.96339e-10
1.08632e-12
-5.83617e-12
-9.93444e-10
-1.06884e-13
-3.92742e-12
-9.96128e-10
-5.16009e-12
-9.94685e-10
1.01061e-12
-2.40301e-12
-9.90869e-10
-5.33682e-13
-7.6755e-13
-9.95943e-10
9.44223e-13
-2.71688e-12
-9.91429e-10
-3.36965e-13
-1.42758e-12
-9.95172e-10
-2.23562e-12
-9.93077e-10
7.9574e-13
-9.90249e-10
-9.83289e-13
-9.96492e-10
9.09218e-13
-9.90715e-10
-4.92421e-13
-9.95356e-10
-9.92726e-10
1.1662e-12
-6.26228e-12
-9.98279e-10
7.45392e-13
-5.34099e-12
-9.98809e-10
7.86319e-13
-6.60978e-12
-9.98906e-10
1.73855e-13
-5.84165e-12
-9.99398e-10
-6.31315e-12
-9.99237e-10
1.11831e-12
-4.94652e-12
-9.9643e-10
5.09089e-13
-3.61544e-12
-9.97503e-10
8.0645e-13
-5.46509e-12
-9.9699e-10
1.33935e-13
-4.4847e-12
-9.97905e-10
-5.1632e-12
-9.9753e-10
7.82355e-13
-3.64516e-12
-9.95086e-10
1.67264e-13
-2.40893e-12
-9.9693e-10
6.69608e-13
-3.96693e-12
-9.95445e-10
9.6739e-15
-3.07322e-12
-9.96879e-10
-3.68427e-12
-9.96154e-10
5.3618e-13
-1.7274e-12
-9.93972e-10
-2.60188e-13
-1.00965e-12
-9.96546e-10
5.5675e-13
-1.96842e-12
-9.94244e-10
-1.36864e-13
-1.37309e-12
-9.96178e-10
-1.76887e-12
-9.95129e-10
4.24818e-13
-9.93515e-10
-5.15204e-13
-9.96562e-10
4.99199e-13
-9.93698e-10
-2.25314e-13
-9.96005e-10
-9.9472e-10
7.75342e-13
-4.44823e-12
-9.98882e-10
4.96929e-13
-4.07102e-12
-9.99223e-10
5.08376e-13
-4.72801e-12
-9.99285e-10
1.4538e-13
-4.38294e-12
-9.99564e-10
-4.63575e-12
-9.99512e-10
6.86071e-13
-3.59164e-12
-9.97613e-10
3.33179e-13
-3.0106e-12
-9.9821e-10
4.91156e-13
-3.93098e-12
-9.97945e-10
1.02525e-13
-3.46723e-12
-9.98432e-10
-3.81107e-12
-9.98252e-10
4.82004e-13
-2.55707e-12
-9.96639e-10
1.47598e-13
-2.02526e-12
-9.97581e-10
4.12601e-13
-2.79909e-12
-9.96842e-10
4.32391e-14
-2.38815e-12
-9.97589e-10
-2.69122e-12
-9.97231e-10
3.15006e-13
-1.26308e-12
-9.95924e-10
-1.00091e-13
-9.68839e-13
-9.97188e-10
3.3162e-13
-1.42623e-12
-9.96049e-10
-4.46038e-14
-1.16351e-12
-9.97027e-10
-1.35334e-12
-9.96512e-10
2.41341e-13
-9.95591e-10
-2.44907e-13
-9.97044e-10
2.849e-13
-9.95654e-10
-9.50586e-14
-9.96789e-10
-9.96169e-10
5.18557e-13
-3.19821e-12
-9.99277e-10
3.478e-13
-3.07603e-12
-9.99485e-10
3.34877e-13
-3.40808e-12
-9.99543e-10
1.14328e-13
-3.27125e-12
-9.99699e-10
-3.3988e-12
-9.99692e-10
4.3857e-13
-2.61892e-12
-9.98385e-10
2.32786e-13
-2.38081e-12
-9.98699e-10
3.10073e-13
-2.84184e-12
-9.98588e-10
7.93469e-14
-2.63318e-12
-9.9884e-10
-2.80783e-12
-9.98764e-10
3.12344e-13
-1.84616e-12
-9.97678e-10
1.27822e-13
-1.62979e-12
-9.98148e-10
2.60088e-13
-2.01753e-12
-9.97798e-10
4.58251e-14
-1.83174e-12
-9.98176e-10
-1.98457e-12
-9.98008e-10
1.97417e-13
-9.3187e-13
-9.97183e-10
-1.21356e-14
-8.19791e-13
-9.97788e-10
2.03718e-13
-1.03845e-12
-9.97244e-10
-1.96037e-15
-9.24819e-13
-9.97728e-10
-1.01569e-12
-9.97482e-10
1.49381e-13
-9.9694e-10
-9.62654e-14
-9.97619e-10
1.70373e-13
-9.96959e-10
-3.21936e-14
-9.97511e-10
-9.97217e-10
3.50616e-13
-2.31781e-12
-9.99529e-10
2.52336e-13
-2.30403e-12
-9.99654e-10
2.24231e-13
-2.46775e-12
-9.99709e-10
8.83251e-14
-2.42723e-12
-9.99796e-10
-2.4884e-12
-9.99806e-10
2.90051e-13
-1.9172e-12
-9.98892e-10
1.70882e-13
-1.83218e-12
-9.99052e-10
2.0141e-13
-2.06326e-12
-9.99023e-10
6.19171e-14
-1.9784e-12
-9.99149e-10
-2.06575e-12
-9.99125e-10
2.13578e-13
-1.3534e-12
-9.98374e-10
1.0826e-13
-1.27e-12
-9.98605e-10
1.69291e-13
-1.46987e-12
-9.98453e-10
4.14576e-14
-1.38794e-12
-9.98639e-10
-1.46662e-12
-9.98566e-10
1.33793e-13
-6.91627e-13
-9.98018e-10
3.12329e-14
-6.51853e-13
-9.98304e-10
1.31564e-13
-7.60252e-13
-9.98054e-10
1.62796e-14
-7.11366e-13
-9.9829e-10
-7.56329e-13
-9.98176e-10
1.0171e-13
-9.97838e-10
-1.86257e-14
-9.9815e-10
1.08371e-13
-9.97846e-10
-2.39471e-15
-9.98111e-10
-9.97975e-10
2.41219e-13
-1.68964e-12
-9.99689e-10
1.8686e-13
-1.71312e-12
-9.99765e-10
1.52946e-13
-1.79289e-12
-9.99813e-10
6.79015e-14
-1.79199e-12
-9.99863e-10
-1.82002e-12
-9.99878e-10
1.96372e-13
-1.40505e-12
-9.99229e-10
1.30346e-13
-1.38907e-12
-9.9931e-10
1.33846e-13
-1.50148e-12
-9.99318e-10
4.87993e-14
-1.47579e-12
-9.9938e-10
-1.51733e-12
-9.99378e-10
1.50996e-13
-9.98821e-13
-9.9885e-10
8.61783e-14
-9.70306e-13
-9.98959e-10
1.13216e-13
-1.07637e-12
-9.98905e-10
3.3663e-14
-1.04238e-12
-9.98993e-10
-1.08315e-12
-9.98966e-10
1.01884e-13
-5.15532e-13
-9.98587e-10
5.01917e-14
-5.01895e-13
-9.9872e-10
9.05106e-14
-5.58145e-13
-9.98613e-10
2.17688e-14
-5.38047e-13
-9.98725e-10
-5.61125e-13
-9.98676e-10
7.57208e-14
-9.98452e-10
1.82847e-14
-9.98595e-10
7.41725e-14
-9.9846e-10
1.06521e-14
-9.98586e-10
-9.98526e-10
1.69623e-13
-1.2374e-12
-9.9979e-10
1.38813e-13
-1.2661e-12
-9.9984e-10
1.06786e-13
-1.30671e-12
-9.99877e-10
5.17206e-14
-1.31771e-12
-9.99909e-10
-1.33056e-12
-9.99922e-10
1.36191e-13
-1.03081e-12
-9.99456e-10
1.01981e-13
-1.0423e-12
-9.995e-10
9.09629e-14
-1.09494e-12
-9.99519e-10
3.87581e-14
-1.09462e-12
-9.99551e-10
-1.11306e-12
-9.99557e-10
1.07502e-13
-7.38348e-13
-9.9918e-10
6.90768e-14
-7.34078e-13
-9.99228e-10
7.6944e-14
-7.88164e-13
-9.9922e-10
2.72207e-14
-7.78153e-13
-9.99259e-10
-7.98117e-13
-9.99254e-10
8.05196e-14
-3.83741e-13
-9.98984e-10
4.94993e-14
-3.7957e-13
-9.99044e-10
6.4314e-14
-4.10605e-13
-9.99005e-10
2.06329e-14
-4.03176e-13
-9.99056e-10
-4.15315e-13
-9.99038e-10
6.03505e-14
-9.98881e-10
3.30842e-14
-9.98947e-10
5.44916e-14
-9.98892e-10
1.54709e-14
-9.9895e-10
-9.98925e-10
1.21773e-13
-9.08591e-13
-9.99856e-10
1.02517e-13
-9.31828e-13
-9.9989e-10
7.61988e-14
-9.54812e-13
-9.99918e-10
3.87556e-14
-9.66189e-13
-9.9994e-10
-9.72581e-13
-9.9995e-10
9.75507e-14
-7.58451e-13
-9.99611e-10
7.97036e-14
-7.75458e-13
-9.99638e-10
6.37644e-14
-8.00677e-13
-9.99657e-10
3.058e-14
-8.07927e-13
-9.99676e-10
-8.15876e-13
-9.99683e-10
7.73167e-14
-5.44792e-13
-9.99409e-10
5.75004e-14
-5.51685e-13
-9.99433e-10
5.34565e-14
-5.76621e-13
-9.99439e-10
2.2662e-14
-5.7802e-13
-9.99458e-10
-5.86522e-13
-9.9946e-10
6.25586e-14
-2.8421e-13
-9.99264e-10
4.22618e-14
-2.85527e-13
-9.9929e-10
4.58713e-14
-3.01833e-13
-9.99283e-10
1.70769e-14
-3.00537e-13
-9.99304e-10
-3.06402e-13
-9.99302e-10
5.21684e-14
-9.99188e-10
3.55642e-14
-9.99216e-10
4.10283e-14
-9.99199e-10
1.46492e-14
-9.99224e-10
-9.99217e-10
8.8565e-14
-6.67896e-13
-9.999e-10
7.53533e-14
-6.84369e-13
-9.99924e-10
5.51977e-14
-6.98593e-13
-9.99945e-10
2.87011e-14
-7.07261e-13
-9.9996e-10
-7.10846e-13
-9.99968e-10
7.18385e-14
-5.59383e-13
-9.9972e-10
6.10561e-14
-5.73277e-13
-9.99738e-10
4.62181e-14
-5.86904e-13
-9.99754e-10
2.35977e-14
-5.9405e-13
-9.99766e-10
-5.97848e-13
-9.99772e-10
5.74289e-14
-4.01925e-13
-9.99571e-10
4.75122e-14
-4.10982e-13
-9.99585e-10
3.85198e-14
-4.22604e-13
-9.99594e-10
1.86628e-14
-4.27022e-13
-9.99605e-10
-4.30611e-13
-9.99609e-10
4.7238e-14
-2.102e-13
-9.99464e-10
3.68021e-14
-2.13997e-13
-9.99476e-10
3.30639e-14
-2.2123e-13
-9.9948e-10
1.47161e-14
-2.22941e-13
-9.9949e-10
-2.2533e-13
-9.99492e-10
4.1733e-14
-9.99408e-10
3.11248e-14
-9.99419e-10
3.00221e-14
-9.9942e-10
1.25415e-14
-9.9943e-10
-9.9943e-10
6.49139e-14
-4.91065e-13
-9.9993e-10
5.54011e-14
-5.02167e-13
-9.99947e-10
4.04067e-14
-5.11327e-13
-9.99962e-10
2.11932e-14
-5.17374e-13
-9.99973e-10
-5.19586e-13
-9.99979e-10
5.37276e-14
-4.1267e-13
-9.99797e-10
4.61709e-14
-4.22325e-13
-9.99811e-10
3.42197e-14
-4.30589e-13
-9.99822e-10
1.78567e-14
-4.35876e-13
-9.99831e-10
-4.38025e-13
-9.99836e-10
4.39572e-14
-2.97103e-13
-9.99687e-10
3.78581e-14
-3.04022e-13
-9.99697e-10
2.87754e-14
-3.10448e-13
-9.99705e-10
1.47658e-14
-3.14284e-13
-9.99713e-10
-3.16075e-13
-9.99716e-10
3.68855e-14
-1.55441e-13
-9.99608e-10
3.14217e-14
-1.58915e-13
-9.99616e-10
2.47597e-14
-1.62567e-13
-9.99622e-10
1.23252e-14
-1.64525e-13
-9.99628e-10
-1.65558e-13
-9.9963e-10
3.3049e-14
-9.99566e-10
2.76484e-14
-9.99573e-10
2.2526e-14
-9.99577e-10
1.0932e-14
-9.99583e-10
-9.99585e-10
4.79016e-14
-3.60883e-13
-9.9995e-10
4.08379e-14
-3.683e-13
-9.99963e-10
2.97553e-14
-3.74303e-13
-9.99974e-10
1.56374e-14
-3.78435e-13
-9.99982e-10
-3.79866e-13
-9.99986e-10
4.04605e-14
-3.04187e-13
-9.99853e-10
3.47831e-14
-3.10603e-13
-9.99863e-10
2.55457e-14
-3.15898e-13
-9.99872e-10
1.33805e-14
-3.19547e-13
-9.99878e-10
-3.20858e-13
-9.99882e-10
3.40107e-14
-2.19471e-13
-9.99771e-10
2.94515e-14
-2.24145e-13
-9.99779e-10
2.18242e-14
-2.28157e-13
-9.99786e-10
1.13736e-14
-2.30871e-13
-9.99791e-10
-2.31864e-13
-9.99794e-10
2.93095e-14
-1.14911e-13
-9.99712e-10
2.54279e-14
-1.17392e-13
-9.99719e-10
1.90493e-14
-1.19592e-13
-9.99724e-10
9.88011e-15
-1.21009e-13
-9.99728e-10
-1.21524e-13
-9.99731e-10
2.66716e-14
-9.99681e-10
2.30916e-14
-9.99686e-10
1.75137e-14
-9.99691e-10
9.06463e-15
-9.99695e-10
-9.99697e-10
3.53498e-14
-2.65207e-13
-9.99964e-10
3.00987e-14
-2.70078e-13
-9.99974e-10
2.19318e-14
-2.74008e-13
-9.99982e-10
1.15208e-14
-2.76795e-13
-9.99988e-10
-2.77701e-13
-9.99991e-10
3.04842e-14
-2.24045e-13
-9.99893e-10
2.61424e-14
-2.28226e-13
-9.999e-10
1.91012e-14
-2.31683e-13
-9.99907e-10
1.00113e-14
-2.3413e-13
-9.99912e-10
-2.34917e-13
-9.99914e-10
2.62887e-14
-1.61875e-13
-9.99832e-10
2.26606e-14
-1.64972e-13
-9.99838e-10
1.66143e-14
-1.67576e-13
-9.99844e-10
8.71214e-15
-1.69373e-13
-9.99848e-10
-1.69941e-13
-9.9985e-10
2.31812e-14
-8.48102e-14
-9.99789e-10
2.00392e-14
-8.65042e-14
-9.99794e-10
1.47853e-14
-8.79014e-14
-9.99798e-10
7.77386e-15
-8.8827e-14
-9.99802e-10
-8.91238e-14
-9.99804e-10
2.13874e-14
-9.99766e-10
1.85627e-14
-9.9977e-10
1.37864e-14
-9.99774e-10
7.25585e-15
-9.99777e-10
-9.99779e-10
2.6028e-14
-1.94891e-13
-9.99974e-10
2.21779e-14
-1.98003e-13
-9.99981e-10
1.61729e-14
-2.00558e-13
-9.99987e-10
8.50359e-15
-2.02408e-13
-9.99992e-10
-2.02956e-13
-9.99994e-10
2.29364e-14
-1.64862e-13
-9.99921e-10
1.96116e-14
-1.67571e-13
-9.99927e-10
1.42984e-14
-1.69835e-13
-9.99932e-10
7.51604e-15
-1.71438e-13
-9.99936e-10
-1.71907e-13
-9.99938e-10
2.02192e-14
-1.19226e-13
-9.99877e-10
1.73334e-14
-1.21279e-13
-9.99882e-10
1.267e-14
-1.22971e-13
-9.99886e-10
6.67069e-15
-1.24137e-13
-9.99889e-10
-1.2448e-13
-9.99891e-10
1.81541e-14
-6.25271e-14
-9.99845e-10
1.56314e-14
-6.36489e-14
-9.99849e-10
1.14852e-14
-6.4539e-14
-9.99853e-10
6.05351e-15
-6.51467e-14
-9.99855e-10
-6.53425e-14
-9.99857e-10
1.69605e-14
-9.99828e-10
1.46805e-14
-9.99832e-10
1.0826e-14
-9.99835e-10
5.69446e-15
-9.99837e-10
-9.99839e-10
1.91846e-14
-1.43119e-13
-9.99981e-10
1.63768e-14
-1.45112e-13
-9.99986e-10
1.19546e-14
-1.46789e-13
-9.99991e-10
6.30243e-15
-1.48014e-13
-9.99994e-10
-1.48347e-13
-9.99996e-10
1.72141e-14
-1.2119e-13
-9.99942e-10
1.46889e-14
-1.22971e-13
-9.99947e-10
1.07145e-14
-1.24453e-13
-9.99951e-10
5.64706e-15
-1.25499e-13
-9.99953e-10
-1.25787e-13
-9.99955e-10
1.54335e-14
-8.77557e-14
-9.9991e-10
1.31983e-14
-8.90994e-14
-9.99914e-10
9.65254e-15
-9.019e-14
-9.99917e-10
5.08274e-15
-9.09506e-14
-9.99919e-10
-9.11705e-14
-9.9992e-10
1.40819e-14
-4.60784e-14
-9.99886e-10
1.21031e-14
-4.67921e-14
-9.99889e-10
8.87945e-15
-4.73641e-14
-9.99892e-10
4.6618e-15
-4.77736e-14
-9.99894e-10
-4.79112e-14
-9.99896e-10
1.33136e-14
-9.99873e-10
1.14869e-14
-9.99877e-10
8.43297e-15
-9.99879e-10
4.40391e-15
-9.99881e-10
-9.99882e-10
1.41093e-14
-1.0506e-13
-9.99986e-10
1.20875e-14
-1.06368e-13
-9.9999e-10
8.83372e-15
-1.07482e-13
-9.99993e-10
4.66415e-15
-1.08293e-13
-9.99996e-10
-1.08499e-13
-9.99997e-10
1.28264e-14
-8.90698e-14
-9.99958e-10
1.09625e-14
-9.02429e-14
-9.99961e-10
8.01121e-15
-9.12087e-14
-9.99964e-10
4.22024e-15
-9.18932e-14
-9.99966e-10
-9.2071e-14
-9.99967e-10
1.16599e-14
-6.45971e-14
-9.99934e-10
9.99169e-15
-6.54463e-14
-9.99937e-10
7.3168e-15
-6.61427e-14
-9.99939e-10
3.8394e-15
-6.66453e-14
-9.99941e-10
-6.67879e-14
-9.99942e-10
1.08085e-14
-3.39463e-14
-9.99916e-10
9.29217e-15
-3.43828e-14
-9.99919e-10
6.80554e-15
-3.47522e-14
-9.99921e-10
3.54939e-15
-3.50348e-14
-9.99923e-10
-3.5129e-14
-9.99924e-10
1.03339e-14
-9.99907e-10
8.88972e-15
-9.99909e-10
6.49568e-15
-9.99912e-10
3.36657e-15
-9.99913e-10
-9.99914e-10
1.04451e-14
-7.70607e-14
-9.9999e-10
8.91293e-15
-7.79963e-14
-9.99993e-10
6.49186e-15
-7.87502e-14
-9.99995e-10
3.41488e-15
-7.92828e-14
-9.99997e-10
-7.93993e-14
-9.99998e-10
9.52535e-15
-6.54689e-14
-9.99969e-10
8.1518e-15
-6.62398e-14
-9.99971e-10
5.95102e-15
-6.6866e-14
-9.99974e-10
3.12221e-15
-6.73141e-14
-9.99975e-10
-6.74188e-14
-9.99976e-10
8.76213e-15
-4.7532e-14
-9.99951e-10
7.52268e-15
-4.80608e-14
-9.99953e-10
5.49667e-15
-4.85094e-14
-9.99955e-10
2.86906e-15
-4.88482e-14
-9.99957e-10
-4.89369e-14
-9.99958e-10
8.2347e-15
-2.49807e-14
-9.99938e-10
7.07033e-15
-2.52461e-14
-9.9994e-10
5.15154e-15
-2.54916e-14
-9.99942e-10
2.67191e-15
-2.56893e-14
-9.99944e-10
-2.57414e-14
-9.99944e-10
7.9439e-15
-9.99931e-10
6.79973e-15
-9.99933e-10
4.93408e-15
-9.99935e-10
2.55443e-15
-9.99936e-10
-9.99937e-10
7.76154e-15
-5.65278e-14
-9.99992e-10
6.5482e-15
-5.72249e-14
-9.99994e-10
4.71484e-15
-5.77252e-14
-9.99996e-10
2.45779e-15
-5.80579e-14
-9.99998e-10
-5.8099e-14
-9.99998e-10
7.09982e-15
-4.81059e-14
-9.99977e-10
6.0412e-15
-4.86172e-14
-9.99979e-10
4.37574e-15
-4.90239e-14
-9.99981e-10
2.28683e-15
-4.93184e-14
-9.99982e-10
-4.93747e-14
-9.99982e-10
6.60088e-15
-3.49167e-14
-9.99964e-10
5.63128e-15
-3.52715e-14
-9.99966e-10
4.0772e-15
-3.55766e-14
-9.99967e-10
2.12146e-15
-3.58104e-14
-9.99968e-10
-3.5858e-14
-9.99969e-10
6.24926e-15
-1.83429e-14
-9.99955e-10
5.32206e-15
-1.85257e-14
-9.99956e-10
3.83879e-15
-1.86987e-14
-9.99957e-10
1.99378e-15
-1.88297e-14
-9.99959e-10
-1.88396e-14
-9.99959e-10
6.04881e-15
-9.99949e-10
5.13071e-15
-9.99951e-10
3.69371e-15
-9.99952e-10
1.93577e-15
-9.99953e-10
-9.99954e-10
5.59221e-15
-4.16432e-14
-9.99994e-10
4.73475e-15
-4.20376e-14
-9.99996e-10
3.38695e-15
-4.23202e-14
-9.99997e-10
1.76912e-15
-4.25087e-14
-9.99998e-10
-4.25073e-14
-9.99998e-10
5.25378e-15
-3.53487e-14
-9.99983e-10
4.44316e-15
-3.56752e-14
-9.99984e-10
3.19215e-15
-3.5939e-14
-9.99986e-10
1.67402e-15
-3.61388e-14
-9.99986e-10
-3.61707e-14
-9.99987e-10
4.94987e-15
-2.56167e-14
-9.99973e-10
4.17562e-15
-2.58778e-14
-9.99975e-10
2.98978e-15
-2.60968e-14
-9.99976e-10
1.5619e-15
-2.62576e-14
-9.99977e-10
-2.62733e-14
-9.99977e-10
4.69354e-15
-1.34595e-14
-9.99966e-10
3.95321e-15
-1.36029e-14
-9.99968e-10
2.82564e-15
-1.3725e-14
-9.99969e-10
1.4875e-15
-1.37963e-14
-9.99969e-10
-1.37765e-14
-9.9997e-10
4.53588e-15
-9.99963e-10
3.81821e-15
-9.99964e-10
2.7441e-15
-9.99965e-10
1.472e-15
-9.99966e-10
-9.99966e-10
3.98392e-15
-3.06992e-14
-9.99996e-10
3.42216e-15
-3.08687e-14
-9.99997e-10
2.4777e-15
-3.10239e-14
-9.99998e-10
1.32034e-15
-3.11544e-14
-9.99998e-10
-3.11667e-14
-9.99999e-10
3.85173e-15
-2.5967e-14
-9.99987e-10
3.25618e-15
-2.61799e-14
-9.99988e-10
2.34014e-15
-2.63636e-14
-9.99989e-10
1.2348e-15
-2.6511e-14
-9.9999e-10
-2.65303e-14
-9.9999e-10
3.65931e-15
-1.88121e-14
-9.9998e-10
3.0705e-15
-1.90031e-14
-9.99981e-10
2.19133e-15
-1.91602e-14
-9.99982e-10
1.15731e-15
-1.92631e-14
-9.99983e-10
-1.9258e-14
-9.99983e-10
3.47274e-15
-9.89544e-15
-9.99975e-10
2.91097e-15
-1.00065e-14
-9.99976e-10
2.08606e-15
-1.00848e-14
-9.99977e-10
1.11929e-15
-1.01128e-14
-9.99978e-10
-1.00912e-14
-9.99978e-10
3.35058e-15
-9.99973e-10
2.82325e-15
-9.99974e-10
2.05064e-15
-9.99974e-10
1.11439e-15
-9.99975e-10
-9.99975e-10
2.95048e-15
-2.24861e-14
-9.99997e-10
2.55829e-15
-2.26382e-14
-9.99998e-10
1.88104e-15
-2.27787e-14
-9.99998e-10
1.00677e-15
-2.2914e-14
-9.99999e-10
-2.29507e-14
-9.99999e-10
2.83935e-15
-1.90668e-14
-9.99991e-10
2.4031e-15
-1.92416e-14
-9.99992e-10
1.73716e-15
-1.93846e-14
-9.99992e-10
9.13883e-16
-1.94922e-14
-9.99993e-10
-1.94961e-14
-9.99993e-10
2.69147e-15
-1.38455e-14
-9.99986e-10
2.26122e-15
-1.39827e-14
-9.99986e-10
1.62988e-15
-1.40883e-14
-9.99987e-10
8.67444e-16
-1.41463e-14
-9.99987e-10
-1.4138e-14
-9.99988e-10
2.55756e-15
-7.28305e-15
-9.99982e-10
2.1528e-15
-7.37186e-15
-9.99983e-10
1.57029e-15
-7.41818e-15
-9.99983e-10
8.43121e-16
-7.43283e-15
-9.99984e-10
-7.43032e-15
-9.99984e-10
2.4617e-15
-9.9998e-10
2.09932e-15
-9.99981e-10
1.55036e-15
-9.99981e-10
8.25803e-16
-9.99982e-10
-9.99982e-10
2.17848e-15
-1.65884e-14
-9.99998e-10
1.91617e-15
-1.66762e-14
-9.99998e-10
1.4152e-15
-1.67994e-14
-9.99999e-10
7.43615e-16
-1.69106e-14
-9.99999e-10
-1.69348e-14
-9.99999e-10
2.07871e-15
-1.40572e-14
-9.99993e-10
1.76927e-15
-1.41956e-14
-9.99994e-10
1.29243e-15
-1.42943e-14
-9.99994e-10
6.74982e-16
-1.43555e-14
-9.99995e-10
-1.4348e-14
-9.99995e-10
1.98248e-15
-1.02146e-14
-9.9999e-10
1.6763e-15
-1.03125e-14
-9.9999e-10
1.23392e-15
-1.03743e-14
-9.99991e-10
6.51437e-16
-1.04066e-14
-9.99991e-10
-1.04068e-14
-9.99991e-10
1.88855e-15
-5.36483e-15
-9.99987e-10
1.61001e-15
-5.43748e-15
-9.99987e-10
1.20023e-15
-5.46618e-15
-9.99988e-10
6.26995e-16
-5.48657e-15
-9.99988e-10
-5.49635e-15
-9.99988e-10
1.81285e-15
-9.99985e-10
1.57579e-15
-9.99986e-10
1.17555e-15
-9.99986e-10
6.02197e-16
-9.99987e-10
-9.99987e-10
1.54044e-15
-1.23545e-14
-9.99999e-10
1.37104e-15
-1.23672e-14
-9.99999e-10
1.01289e-15
-1.24266e-14
-9.99999e-10
5.31942e-16
-1.2473e-14
-1e-09
-1.24713e-14
-1e-09
1.48484e-15
-1.04252e-14
-9.99995e-10
1.28287e-15
-1.05043e-14
-9.99996e-10
9.54364e-16
-1.05515e-14
-9.99996e-10
4.99154e-16
-1.05746e-14
-9.99996e-10
-1.05655e-14
-9.99996e-10
1.44224e-15
-7.55745e-15
-9.99992e-10
1.24116e-15
-7.62246e-15
-9.99993e-10
9.34834e-16
-7.6512e-15
-9.99993e-10
4.85972e-16
-7.671e-15
-9.99993e-10
-7.67203e-15
-9.99994e-10
1.38396e-15
-3.98018e-15
-9.9999e-10
1.20729e-15
-4.0214e-15
-9.99991e-10
9.1369e-16
-4.03454e-15
-9.99991e-10
4.66709e-16
-4.05355e-15
-9.99991e-10
-4.05876e-15
-9.99992e-10
1.34217e-15
-9.99989e-10
1.18914e-15
-9.9999e-10
8.91099e-16
-9.9999e-10
4.50032e-16
-9.9999e-10
-9.9999e-10
1.19168e-15
-9.06878e-15
-9.99999e-10
9.80195e-16
-9.13273e-15
-9.99999e-10
7.16563e-16
-9.16729e-15
-1e-09
3.83396e-16
-9.17356e-15
-1e-09
-9.16165e-15
-1e-09
1.07173e-15
-7.70633e-15
-9.99997e-10
9.28935e-16
-7.76374e-15
-9.99997e-10
7.01101e-16
-7.78162e-15
-9.99997e-10
3.68952e-16
-7.78759e-15
-9.99997e-10
-7.77783e-15
-9.99997e-10
1.02912e-15
-5.61442e-15
-9.99995e-10
9.1379e-16
-5.64607e-15
-9.99995e-10
6.97958e-16
-5.65035e-15
-9.99995e-10
3.62713e-16
-5.65692e-15
-9.99995e-10
-5.64984e-15
-9.99995e-10
1.00652e-15
-2.98713e-15
-9.99993e-10
9.05505e-16
-2.98106e-15
-9.99993e-10
6.90461e-16
-2.97368e-15
-9.99994e-10
3.56519e-16
-2.98089e-15
-9.99994e-10
-2.9819e-15
-9.99994e-10
1.0157e-15
-9.99992e-10
9.08537e-16
-9.99993e-10
6.80679e-16
-9.99993e-10
3.46738e-16
-9.99993e-10
-9.99993e-10
9.50315e-16
-6.55618e-15
-9.99999e-10
7.33217e-16
-6.70599e-15
-1e-09
5.24201e-16
-6.74121e-15
-1e-09
2.73025e-16
-6.74539e-15
-1e-09
-6.73215e-15
-1e-09
7.90513e-16
-5.68147e-15
-9.99998e-10
6.86916e-16
-5.73186e-15
-9.99998e-10
5.12817e-16
-5.73609e-15
-9.99998e-10
2.65866e-16
-5.7363e-15
-9.99998e-10
-5.72371e-15
-9.99998e-10
7.50824e-16
-4.18618e-15
-9.99996e-10
6.83029e-16
-4.18429e-15
-9.99996e-10
5.15103e-16
-4.17192e-15
-9.99996e-10
2.67517e-16
-4.16843e-15
-9.99997e-10
-4.1595e-15
-9.99997e-10
7.60375e-16
-2.241e-15
-9.99995e-10
6.926e-16
-2.20263e-15
-9.99995e-10
5.18298e-16
-2.18595e-15
-9.99995e-10
2.66577e-16
-2.18906e-15
-9.99995e-10
-2.19441e-15
-9.99996e-10
8.02493e-16
-9.99994e-10
7.05436e-16
-9.99995e-10
5.13269e-16
-9.99995e-10
2.54796e-16
-9.99995e-10
-9.99995e-10
6.65284e-16
-4.90328e-15
-9.99999e-10
5.45565e-16
-4.95886e-15
-1e-09
3.733e-16
-4.97719e-15
-1e-09
1.6977e-16
-4.98001e-15
-1e-09
-4.95796e-15
-1e-09
5.88254e-16
-4.23356e-15
-9.99998e-10
5.19762e-16
-4.24098e-15
-9.99998e-10
3.65174e-16
-4.23515e-15
-9.99999e-10
1.76466e-16
-4.23269e-15
-9.99999e-10
-4.21996e-15
-9.99999e-10
5.9308e-16
-3.10673e-15
-9.99997e-10
5.25429e-16
-3.09144e-15
-9.99997e-10
3.70082e-16
-3.08057e-15
-9.99997e-10
1.8115e-16
-3.08029e-15
-9.99998e-10
-3.07699e-15
-9.99998e-10
6.15601e-16
-1.64352e-15
-9.99996e-10
5.3445e-16
-1.61781e-15
-9.99996e-10
3.70191e-16
-1.6158e-15
-9.99997e-10
1.7728e-16
-1.62395e-15
-9.99997e-10
-1.62794e-15
-9.99997e-10
6.44777e-16
-9.99996e-10
5.33328e-16
-9.99996e-10
3.60733e-16
-9.99996e-10
1.68669e-16
-9.99996e-10
-9.99996e-10
4.38113e-16
-3.76591e-15
-1e-09
3.91967e-16
-3.70781e-15
-1e-09
2.30563e-16
-3.70263e-15
-1e-09
8.22758e-17
-3.68933e-15
-1e-09
-3.65317e-15
-1e-09
4.74242e-16
-3.16289e-15
-9.99999e-10
3.88868e-16
-3.14696e-15
-9.99999e-10
2.41941e-16
-3.14176e-15
-9.99999e-10
1.07038e-16
-3.13988e-15
-9.99999e-10
-3.1309e-15
-9.99999e-10
4.9953e-16
-2.27375e-15
-9.99998e-10
3.93935e-16
-2.28107e-15
-9.99998e-10
2.45848e-16
-2.28828e-15
-9.99998e-10
1.09572e-16
-2.29568e-15
-9.99998e-10
-2.29222e-15
-9.99998e-10
4.95598e-16
-1.17892e-15
-9.99997e-10
3.85294e-16
-1.19453e-15
-9.99997e-10
2.38211e-16
-1.21128e-15
-9.99998e-10
1.07657e-16
-1.21579e-15
-9.99998e-10
-1.20608e-15
-9.99998e-10
4.8195e-16
-9.99997e-10
3.6664e-16
-9.99997e-10
2.32598e-16
-9.99997e-10
1.13645e-16
-9.99997e-10
-9.99997e-10
3.7521e-16
-2.82532e-15
-1e-09
2.73114e-16
-2.78047e-15
-1e-09
1.25405e-16
-2.76831e-15
-1e-09
5.44167e-17
-2.74452e-15
-1e-09
-2.71559e-15
-1e-09
3.84127e-16
-2.33662e-15
-9.99999e-10
2.63685e-16
-2.35538e-15
-9.99999e-10
1.50419e-16
-2.35792e-15
-9.99999e-10
7.41276e-17
-2.35989e-15
-9.99999e-10
-2.3553e-15
-9.99999e-10
3.80089e-16
-1.67014e-15
-9.99998e-10
2.61101e-16
-1.7078e-15
-9.99999e-10
1.51349e-16
-1.72295e-15
-9.99999e-10
7.28118e-17
-1.72665e-15
-9.99999e-10
-1.71452e-15
-9.99999e-10
3.47958e-16
-8.66154e-16
-9.99998e-10
2.43449e-16
-9.01655e-16
-9.99998e-10
1.47511e-16
-9.12695e-16
-9.99998e-10
8.0827e-17
-9.01955e-16
-9.99998e-10
-8.80384e-16
-9.99998e-10
3.14947e-16
-9.99998e-10
2.30982e-16
-9.99998e-10
1.57057e-16
-9.99998e-10
9.91103e-17
-9.99998e-10
-9.99998e-10
2.47933e-16
-2.17991e-15
-1e-09
1.70163e-16
-2.13558e-15
-1e-09
9.6554e-17
-2.10662e-15
-1e-09
7.99803e-17
-2.10045e-15
-1e-09
-2.10553e-15
-1e-09
2.33226e-16
-1.77131e-15
-9.99999e-10
1.5011e-16
-1.81589e-15
-9.99999e-10
1.03531e-16
-1.81326e-15
-9.99999e-10
6.60383e-17
-1.81835e-15
-9.99999e-10
-1.81197e-15
-9.99999e-10
2.26961e-16
-1.28748e-15
-9.99999e-10
1.53017e-16
-1.31819e-15
-9.99999e-10
1.03742e-16
-1.31699e-15
-9.99999e-10
6.78903e-17
-1.30721e-15
-9.99999e-10
-1.2872e-15
-9.99999e-10
2.05442e-16
-6.81992e-16
-9.99999e-10
1.49683e-16
-6.92706e-16
-9.99999e-10
1.13328e-16
-6.80243e-16
-9.99999e-10
8.45261e-17
-6.59185e-16
-9.99999e-10
-6.40106e-16
-9.99999e-10
1.9706e-16
-9.99999e-10
1.6092e-16
-9.99999e-10
1.33094e-16
-9.99999e-10
1.00445e-16
-9.99999e-10
-9.99999e-10
7.57633e-17
-1.78416e-15
-1e-09
1.1948e-16
-1.71108e-15
-1e-09
1.16802e-16
-1.68215e-15
-1e-09
8.31223e-17
-1.70892e-15
-1e-09
-1.72885e-15
-1e-09
9.86199e-17
-1.42936e-15
-1e-09
9.22234e-17
-1.4538e-15
-1e-09
8.79325e-17
-1.44149e-15
-1e-09
5.59354e-17
-1.44389e-15
-1e-09
-1.42624e-15
-1e-09
1.17623e-16
-1.0475e-15
-9.99999e-10
1.05302e-16
-1.04489e-15
-9.99999e-10
9.41682e-17
-1.02137e-15
-9.99999e-10
7.13234e-17
-1.00193e-15
-9.99999e-10
-9.83339e-16
-9.99999e-10
1.31744e-16
-5.54327e-16
-9.99999e-10
1.2137e-16
-5.34116e-16
-9.99999e-10
1.13674e-16
-5.08796e-16
-9.99999e-10
8.736e-17
-4.92774e-16
-9.99999e-10
-4.88117e-16
-9.99999e-10
1.55114e-16
-9.99999e-10
1.44952e-16
-9.99999e-10
1.28888e-16
-9.99999e-10
8.94881e-17
-9.99999e-10
-9.99999e-10
2.83141e-17
-1.50439e-15
-1e-09
1.42946e-16
-1.42066e-15
-1e-09
1.17028e-16
-1.42234e-15
-1e-09
3.52144e-17
-1.45392e-15
-1e-09
-1.43779e-15
-1e-09
7.0654e-17
-1.18426e-15
-1e-09
9.07724e-17
-1.19713e-15
-1e-09
7.68791e-17
-1.18349e-15
-1e-09
4.197e-17
-1.17636e-15
-1e-09
-1.14983e-15
-1e-09
9.25106e-17
-8.56583e-16
-1e-09
1.03359e-16
-8.4492e-16
-1e-09
9.5634e-17
-8.15741e-16
-1e-09
6.80673e-17
-7.98608e-16
-1e-09
-7.93176e-16
-1e-09
1.18176e-16
-4.38703e-16
-1e-09
1.22616e-16
-4.23211e-16
-1e-09
1.13018e-16
-4.05865e-16
-1e-09
7.14212e-17
-4.04886e-16
-1e-09
-4.16226e-16
-1e-09
1.4121e-16
-9.99999e-10
1.37187e-16
-9.99999e-10
1.13062e-16
-9.99999e-10
5.787e-17
-1e-09
-1e-09
1.25303e-16
-1.23412e-15
1.68579e-16
-1.24908e-15
8.57393e-17
-1.28878e-15
-1.27997e-18
-1.29264e-15
-1.23843e-15
1.19368e-16
-1.01946e-15
1.07147e-16
-1.04772e-15
7.07766e-17
-1.04035e-15
4.33987e-17
-1.02858e-15
-1.01232e-15
1.10616e-16
-7.27877e-16
1.11545e-16
-7.35293e-16
9.55453e-17
-7.17116e-16
6.00793e-17
-7.12575e-16
-7.2474e-16
1.13588e-16
-3.62798e-16
1.18761e-16
-3.76383e-16
9.98196e-17
-3.71354e-16
4.69106e-17
-3.82704e-16
-4.02942e-16
1.09706e-16
1.19087e-16
8.73426e-17
2.54065e-17
)
;

boundaryField
{
    inlet
    {
        type            calculated;
        value           nonuniform List<scalar> 
25
(
-1e-09
-1e-09
-1e-09
-1e-09
-1e-09
-1e-09
-1e-09
-1e-09
-1e-09
-1e-09
-1e-09
-1e-09
-1e-09
-1e-09
-1e-09
-1e-09
-1e-09
-1e-09
-1e-09
-1e-09
-1e-09
-1e-09
-1e-09
-1e-09
-1e-09
)
;
    }
    outlet
    {
        type            calculated;
        value           nonuniform List<scalar> 
25
(
1e-09
1e-09
1e-09
1e-09
1e-09
1e-09
1e-09
1e-09
1e-09
1e-09
1e-09
1e-09
1e-09
1e-09
1e-09
1e-09
1e-09
1e-09
1e-09
1e-09
1e-09
1e-09
1e-09
1e-09
1e-09
)
;
    }
    repeat_boundary
    {
        type            calculated;
        value           uniform 0;
    }
    procBoundary3to1
    {
        type            processor;
        value           nonuniform List<scalar> 
450
(
1.76426e-16
1.82187e-16
1.8471e-16
1.89443e-16
1.89529e-16
4.96867e-16
4.95628e-16
5.10345e-16
5.24695e-16
5.24112e-16
9.25357e-16
8.92271e-16
8.95215e-16
9.09546e-16
9.04096e-16
1.38987e-15
1.36695e-15
1.36684e-15
1.37779e-15
1.36686e-15
1.94954e-15
1.93215e-15
1.94309e-15
1.95443e-15
1.94502e-15
2.83263e-15
2.70664e-15
2.68472e-15
2.68706e-15
2.68252e-15
3.91911e-15
3.73921e-15
3.6804e-15
3.66656e-15
3.66403e-15
5.07961e-15
5.03478e-15
5.01315e-15
5.00117e-15
4.99712e-15
6.63608e-15
6.75837e-15
6.80027e-15
6.80954e-15
6.80064e-15
9.08299e-15
9.21804e-15
9.2529e-15
9.25972e-15
9.23653e-15
1.25503e-14
1.26298e-14
1.26082e-14
1.25876e-14
1.25428e-14
1.70227e-14
1.71618e-14
1.71373e-14
1.71026e-14
1.70433e-14
2.32101e-14
2.33154e-14
2.32889e-14
2.32447e-14
2.31728e-14
3.18174e-14
3.18055e-14
3.17166e-14
3.16306e-14
3.15239e-14
4.34003e-14
4.33381e-14
4.3185e-14
4.30439e-14
4.28795e-14
5.90342e-14
5.89309e-14
5.87161e-14
5.8519e-14
5.8282e-14
8.05407e-14
8.01925e-14
7.98156e-14
7.95114e-14
7.91662e-14
1.09791e-13
1.09103e-13
1.08474e-13
1.07987e-13
1.07477e-13
1.49467e-13
1.483e-13
1.47313e-13
1.46556e-13
1.45814e-13
2.03629e-13
2.01584e-13
1.99971e-13
1.98783e-13
1.97699e-13
2.77136e-13
2.73925e-13
2.71355e-13
2.69499e-13
2.679e-13
3.7665e-13
3.71955e-13
3.68025e-13
3.65175e-13
3.62825e-13
5.11881e-13
5.04907e-13
4.98907e-13
4.94538e-13
4.9108e-13
6.95751e-13
6.85205e-13
6.76029e-13
6.69317e-13
6.64199e-13
9.45693e-13
9.29586e-13
9.1558e-13
9.0525e-13
8.97614e-13
1.28544e-12
1.26075e-12
1.23938e-12
1.22345e-12
1.212e-12
1.7473e-12
1.70949e-12
1.67685e-12
1.65227e-12
1.63507e-12
2.37545e-12
2.31772e-12
2.26789e-12
2.22981e-12
2.20398e-12
3.23023e-12
3.14198e-12
3.06662e-12
3.00717e-12
2.96864e-12
4.39646e-12
4.25792e-12
4.14672e-12
4.0519e-12
3.99661e-12
5.99865e-12
5.76035e-12
5.60743e-12
5.44708e-12
5.381e-12
8.23978e-12
7.73014e-12
7.57072e-12
7.25813e-12
7.26465e-12
1.15407e-11
1.0054e-11
1.01788e-11
9.39986e-12
9.93688e-12
1.70172e-11
1.22649e-11
1.40491e-11
1.16412e-11
1.39494e-11
2.7715e-11
1.33939e-11
2.10622e-11
1.33269e-11
2.02725e-11
5.21296e-11
1.12883e-11
3.42853e-11
1.27375e-11
3.17695e-11
1.09493e-10
3.66884e-12
6.60081e-11
1.42396e-11
7.28144e-11
1.8084e-10
-2.54209e-11
7.24096e-11
-5.5529e-11
3.31245e-11
5.70919e-10
-1.38125e-10
2.62878e-10
-2.74216e-11
4.23957e-10
3.05469e-10
-2.8359e-11
-8.18848e-12
-4.98326e-10
-3.00542e-10
3.74994e-11
-1.01789e-10
-5.00939e-14
-6.02207e-11
3.84686e-11
2.68274e-10
-1.63321e-10
-3.30105e-10
2.41476e-11
-1.70397e-10
2.55576e-10
2.2789e-10
-4.02562e-10
1.30316e-10
-2.27355e-10
-6.86467e-10
-2.66576e-10
5.25303e-10
1.6876e-10
4.31568e-10
-2.37366e-10
-4.14469e-11
7.97038e-10
-8.14971e-11
1.72944e-10
7.37473e-11
5.92116e-12
-5.16702e-10
-1.27405e-10
-5.01766e-10
4.72028e-10
6.50581e-11
-4.50395e-10
5.17432e-12
1.19753e-10
-6.53571e-10
1.79076e-11
1.45554e-10
2.88216e-10
4.48469e-10
-1.59895e-10
1.52969e-10
-1.77322e-10
-3.5346e-11
-1.03277e-10
-7.35468e-11
1.95e-10
-6.70592e-11
-1.36186e-10
-1.02511e-10
1.2406e-10
-4.25797e-10
-1.37512e-11
-1.79669e-10
-1.31613e-11
-6.61839e-11
-5.86768e-11
1.41093e-10
-6.96289e-10
2.11206e-12
2.01839e-10
6.92532e-11
-2.19037e-10
1.19142e-10
-2.21636e-11
1.72295e-10
-6.6785e-11
3.84115e-11
-3.42278e-11
-2.86121e-11
7.4745e-11
4.58951e-12
2.04079e-11
1.23519e-11
1.00759e-11
4.5359e-11
1.03976e-11
2.44944e-11
1.38594e-11
1.60855e-11
2.9046e-11
1.25101e-11
2.11557e-11
1.38821e-11
1.65392e-11
1.94783e-11
1.18599e-11
1.68238e-11
1.25595e-11
1.45526e-11
1.34818e-11
1.02673e-11
1.2911e-11
1.06878e-11
1.18967e-11
9.50779e-12
8.35092e-12
9.64657e-12
8.60148e-12
9.21257e-12
6.77305e-12
6.39764e-12
7.0491e-12
6.57999e-12
6.88009e-12
4.85427e-12
4.76333e-12
5.09594e-12
4.91263e-12
5.05614e-12
3.49383e-12
3.50799e-12
3.67928e-12
3.62625e-12
3.6934e-12
2.52687e-12
2.57079e-12
2.6617e-12
2.66007e-12
2.69142e-12
1.83543e-12
1.87912e-12
1.93068e-12
1.94444e-12
1.95967e-12
1.33749e-12
1.37201e-12
1.40362e-12
1.41866e-12
1.42686e-12
9.76949e-13
1.00164e-12
1.0221e-12
1.0343e-12
1.03927e-12
7.147e-13
7.31557e-13
7.45117e-13
7.54021e-13
7.57272e-13
5.23288e-13
5.34576e-13
5.43643e-13
5.49817e-13
5.5197e-13
3.83447e-13
3.90896e-13
3.96953e-13
4.01117e-13
4.02494e-13
2.81148e-13
2.86021e-13
2.9005e-13
2.92836e-13
2.93688e-13
2.06233e-13
2.09381e-13
2.12044e-13
2.1391e-13
2.1444e-13
1.51335e-13
1.5335e-13
1.55091e-13
1.56324e-13
1.56655e-13
1.10938e-13
1.12314e-13
1.13477e-13
1.14286e-13
1.14487e-13
8.13279e-14
8.22688e-14
8.30546e-14
8.3591e-14
8.37089e-14
5.97982e-14
6.03458e-14
6.08395e-14
6.1186e-14
6.12508e-14
4.39314e-14
4.42792e-14
4.45972e-14
4.4825e-14
4.48605e-14
3.21457e-14
3.24423e-14
3.26832e-14
3.28541e-14
3.28801e-14
2.36205e-14
2.37993e-14
2.39731e-14
2.40974e-14
2.41133e-14
1.73735e-14
1.75224e-14
1.76342e-14
1.7706e-14
1.77021e-14
1.265e-14
1.28893e-14
1.29876e-14
1.30295e-14
1.30127e-14
9.26019e-15
9.47148e-15
9.55935e-15
9.59173e-15
9.57659e-15
6.90411e-15
6.9884e-15
7.0487e-15
7.06873e-15
7.0593e-15
5.12624e-15
5.18147e-15
5.21998e-15
5.22475e-15
5.21899e-15
3.757e-15
3.84444e-15
3.88061e-15
3.88091e-15
3.88101e-15
2.8442e-15
2.87507e-15
2.92033e-15
2.91769e-15
2.92438e-15
2.26704e-15
2.19735e-15
2.25767e-15
2.25075e-15
2.25795e-15
1.8362e-15
1.73815e-15
1.80849e-15
1.80234e-15
1.80534e-15
1.49377e-15
1.42668e-15
1.50632e-15
1.50719e-15
1.50537e-15
1.42392e-15
1.31933e-15
1.35873e-15
1.34986e-15
1.345e-15
)
;
    }
    procBoundary3to2
    {
        type            processor;
        value           nonuniform List<scalar> 
450
(
2.0099e-16
2.07009e-16
2.07741e-16
2.09025e-16
2.07538e-16
5.63813e-16
5.61273e-16
5.69376e-16
5.76014e-16
5.70408e-16
1.04765e-15
9.98128e-16
9.88432e-16
9.93067e-16
9.80094e-16
1.56579e-15
1.5187e-15
1.5028e-15
1.5057e-15
1.48976e-15
2.18172e-15
2.14292e-15
2.14552e-15
2.1553e-15
2.14526e-15
3.1401e-15
3.00787e-15
2.99172e-15
3.00003e-15
2.99668e-15
4.35372e-15
4.18781e-15
4.14026e-15
4.13406e-15
4.12823e-15
5.71527e-15
5.68253e-15
5.66877e-15
5.6619e-15
5.64893e-15
7.52884e-15
7.64938e-15
7.69265e-15
7.70728e-15
7.6904e-15
1.02751e-14
1.0406e-14
1.04424e-14
1.04594e-14
1.04327e-14
1.4127e-14
1.42016e-14
1.41883e-14
1.41784e-14
1.41285e-14
1.91104e-14
1.92456e-14
1.92282e-14
1.9193e-14
1.91168e-14
2.598e-14
2.60713e-14
2.60367e-14
2.59743e-14
2.58709e-14
3.54699e-14
3.54371e-14
3.53223e-14
3.52067e-14
3.50617e-14
4.82151e-14
4.81406e-14
4.79558e-14
4.77839e-14
4.75826e-14
6.5448e-14
6.53459e-14
6.51052e-14
6.48763e-14
6.46029e-14
8.91992e-14
8.8844e-14
8.84423e-14
8.80991e-14
8.77118e-14
1.21563e-13
1.20834e-13
1.20165e-13
1.19633e-13
1.19075e-13
1.65481e-13
1.64246e-13
1.632e-13
1.62398e-13
1.61602e-13
2.25392e-13
2.23294e-13
2.21619e-13
2.20374e-13
2.19218e-13
3.06749e-13
3.03507e-13
3.00878e-13
2.98925e-13
2.9721e-13
4.17021e-13
4.12258e-13
4.08235e-13
4.0523e-13
4.02702e-13
5.66955e-13
5.59799e-13
5.53592e-13
5.48983e-13
5.45271e-13
7.70884e-13
7.59994e-13
7.50367e-13
7.43231e-13
7.37716e-13
1.04827e-12
1.03159e-12
1.01667e-12
1.0055e-12
9.97164e-13
1.42573e-12
1.40003e-12
1.37688e-12
1.35932e-12
1.34657e-12
1.93966e-12
1.89994e-12
1.86385e-12
1.83609e-12
1.81644e-12
2.64025e-12
2.5789e-12
2.52235e-12
2.47793e-12
2.44732e-12
3.59721e-12
3.50326e-12
3.4146e-12
3.34241e-12
3.29396e-12
4.91165e-12
4.76972e-12
4.63199e-12
4.5122e-12
4.43434e-12
6.7403e-12
6.53157e-12
6.32473e-12
6.11885e-12
5.99412e-12
9.35442e-12
9.06218e-12
8.78445e-12
8.4017e-12
8.2124e-12
1.32875e-11
1.28719e-11
1.25985e-11
1.17715e-11
1.14925e-11
1.95717e-11
1.87189e-11
1.87458e-11
1.68452e-11
1.63741e-11
2.99589e-11
2.77285e-11
2.8786e-11
2.4927e-11
2.36313e-11
4.84711e-11
4.24028e-11
4.58513e-11
3.94556e-11
3.4736e-11
9.40344e-11
6.76283e-11
7.94405e-11
7.15579e-11
5.42763e-11
9.56567e-11
8.70035e-11
6.79113e-11
7.32014e-11
2.16072e-11
4.60826e-10
1.92683e-10
3.29007e-10
3.84749e-10
2.7633e-10
-5.85317e-11
3.20558e-10
-9.17259e-11
1.69804e-11
-4.82107e-10
2.04065e-11
-2.0892e-11
3.56285e-11
1.68912e-11
6.90772e-10
3.45201e-10
8.05634e-11
1.84139e-10
-1.74817e-10
3.24559e-10
2.25711e-10
-6.55945e-11
-7.89575e-13
-2.55147e-10
-8.8244e-10
-1.41198e-09
-5.74865e-10
-1.9681e-10
-7.5902e-11
-1.41005e-10
-1.24774e-09
-1.31684e-10
-4.8048e-10
-4.43455e-10
-1.56281e-10
1.61937e-10
2.63117e-10
-3.14635e-10
6.33761e-11
3.2014e-12
5.16621e-10
1.92202e-10
2.87196e-10
1.95225e-10
1.07277e-10
-7.56123e-10
1.2195e-11
3.80882e-10
-4.22008e-12
8.19616e-11
-7.84466e-10
3.7424e-11
6.87296e-10
-1.15432e-11
-1.94962e-11
3.45563e-10
1.25323e-10
1.73728e-10
-1.51066e-10
-9.56427e-11
1.01801e-10
1.73711e-10
1.275e-10
-1.95179e-11
2.92241e-10
-4.90824e-11
-4.99429e-11
-2.08461e-11
-3.78968e-12
1.9099e-10
-7.45177e-11
-3.5175e-10
-1.98042e-10
1.68687e-10
-1.29484e-10
-4.6202e-11
-1.93828e-11
-1.52485e-10
-5.14592e-11
1.05965e-11
-4.64722e-11
-3.94814e-11
-5.1269e-11
3.16052e-12
-6.47291e-12
-1.79822e-11
-1.73682e-11
-1.5791e-11
4.18007e-12
7.16789e-12
-7.22241e-12
-8.89285e-12
-4.077e-12
3.72253e-12
7.12319e-12
-3.05811e-12
-4.66732e-12
-4.25215e-13
2.63293e-12
5.24473e-12
-1.63763e-12
-2.36733e-12
7.58824e-13
1.69347e-12
3.40298e-12
-1.10246e-12
-1.16234e-12
5.3298e-13
1.07812e-12
2.02029e-12
-8.04778e-13
-6.03092e-13
2.17877e-13
6.49641e-13
1.11303e-12
-5.79134e-13
-3.60215e-13
3.67025e-14
3.42516e-13
5.71713e-13
-4.1859e-13
-2.46528e-13
-4.68393e-14
1.47886e-13
2.67853e-13
-3.07745e-13
-1.83356e-13
-8.06764e-14
3.89592e-14
1.05058e-13
-2.28365e-13
-1.43707e-13
-8.12022e-14
-1.5697e-14
2.27307e-14
-1.69115e-13
-1.16123e-13
-7.0474e-14
-3.87749e-14
-1.51912e-14
-1.24617e-13
-9.24289e-14
-6.17825e-14
-4.2893e-14
-3.01107e-14
-9.17085e-14
-7.16526e-14
-5.32996e-14
-3.88852e-14
-3.18216e-14
-6.76682e-14
-5.48553e-14
-4.35412e-14
-3.48367e-14
-2.9886e-14
-4.99674e-14
-4.17506e-14
-3.45339e-14
-2.91597e-14
-2.60979e-14
-3.68969e-14
-3.16281e-14
-2.69909e-14
-2.35656e-14
-2.16301e-14
-2.72353e-14
-2.38445e-14
-2.08633e-14
-1.86536e-14
-1.74196e-14
-2.00385e-14
-1.78697e-14
-1.59692e-14
-1.45625e-14
-1.37692e-14
-1.47815e-14
-1.33677e-14
-1.21382e-14
-1.12407e-14
-1.07332e-14
-1.08803e-14
-9.98872e-15
-9.18117e-15
-8.59477e-15
-8.26428e-15
-7.92129e-15
-7.39179e-15
-6.8851e-15
-6.51006e-15
-6.29496e-15
-5.85681e-15
-5.47347e-15
-5.13354e-15
-4.8995e-15
-4.7615e-15
-4.37594e-15
-4.09752e-15
-3.85138e-15
-3.69393e-15
-3.6005e-15
-3.2238e-15
-3.0463e-15
-2.88888e-15
-2.78819e-15
-2.72292e-15
-2.31943e-15
-2.25408e-15
-2.14041e-15
-2.08048e-15
-2.03721e-15
-1.74157e-15
-1.69749e-15
-1.58014e-15
-1.52708e-15
-1.49353e-15
-1.30505e-15
-1.27584e-15
-1.16595e-15
-1.11052e-15
-1.08064e-15
-1.01027e-15
-9.05486e-16
-8.47962e-16
-8.10532e-16
-7.90653e-16
-7.38283e-16
-6.59785e-16
-6.23676e-16
-6.06607e-16
-5.99376e-16
-5.40915e-16
-5.24533e-16
-4.84496e-16
-4.71005e-16
-4.67161e-16
-3.68369e-16
-4.27945e-16
-3.71617e-16
-3.63315e-16
-3.57386e-16
-1.84395e-16
-3.25997e-16
-2.58525e-16
-2.62782e-16
-2.5774e-16
-1.75017e-16
-2.39822e-16
-1.74071e-16
-1.87278e-16
-1.85284e-16
-9.32385e-17
-2.12683e-16
-1.38901e-16
-1.49523e-16
-1.50042e-16
-1.62813e-17
-1.60854e-16
-1.21239e-16
-1.40867e-16
-1.45632e-16
)
;
    }
}


// ************************************************************************* //
