/*--------------------------------*- C++ -*----------------------------------*\
| =========                 |                                                 |
| \\      /  F ield         | OpenFOAM: The Open Source CFD Toolbox           |
|  \\    /   O peration     | Version:  5.x                                   |
|   \\  /    A nd           | Web:      www.OpenFOAM.org                      |
|    \\/     M anipulation  |                                                 |
\*---------------------------------------------------------------------------*/
FoamFile
{
    version     2.0;
    format      ascii;
    class       surfaceScalarField;
    location    "90000";
    object      phi;
}
// * * * * * * * * * * * * * * * * * * * * * * * * * * * * * * * * * * * * * //

dimensions      [0 3 -1 0 0 0 0];

internalField   nonuniform List<scalar> 
5825
(
-4.47882e-05
0.000245029
-1000
-5.239e-05
0.000215849
-1000
-4.90561e-05
0.000209449
-1000
-2.78896e-05
0.000205948
-1000
0.000205124
-1000
-6.05356e-05
0.000199258
-999.999
-6.00538e-05
0.000186168
-999.999
-5.02641e-05
0.000183363
-1000
-2.78773e-05
0.000178298
-1000
0.000174379
-1000
-7.36886e-05
0.000143139
-999.999
-6.97792e-05
0.000134043
-999.999
-5.37849e-05
0.000129624
-999.999
-3.16142e-05
0.000125703
-999.999
0.000122186
-999.999
-8.06759e-05
6.97039e-05
-999.999
-7.2693e-05
6.68425e-05
-999.999
-5.75195e-05
6.33278e-05
-999.999
-3.41523e-05
6.23959e-05
-999.999
6.10786e-05
-999.999
-8.48252e-05
-999.999
-7.53187e-05
-999.999
-6.0227e-05
-999.999
-3.43999e-05
-999.999
-999.999
-0.000109853
0.00066653
-1000
-0.000128893
0.000599313
-1000
-0.000117421
0.000566127
-1000
-6.41245e-05
0.000550589
-1000
0.000540537
-1000
-0.000154403
0.000534099
-999.999
-0.000155055
0.000498687
-999.999
-0.000128155
0.000483119
-999.999
-7.21907e-05
0.000465607
-1000
0.000450483
-1000
-0.000195443
0.000373442
-999.999
-0.000182641
0.000349815
-999.999
-0.000144596
0.000334956
-999.999
-8.5092e-05
0.000324778
-999.999
0.000314533
-999.999
-0.000215634
0.000181788
-999.999
-0.000194682
0.000172016
-999.999
-0.000155933
0.000162254
-999.999
-9.02559e-05
0.000159873
-999.999
0.00015786
-999.999
-0.000227592
-999.998
-0.000204461
-999.999
-0.00016141
-999.999
-9.03504e-05
-999.999
-999.999
-0.000269121
0.00109302
-1000
-0.000242494
0.00102919
-1000
-0.000187699
0.000994089
-1000
-9.70112e-05
0.000958385
-1000
0.000929925
-1000
-0.00029361
0.000898232
-999.999
-0.000278082
0.000856304
-999.999
-0.000215475
0.000828659
-999.999
-0.0001226
0.000799184
-1000
0.000774971
-1000
-0.000348222
0.000617438
-999.999
-0.000316213
0.000593554
-999.999
-0.000244486
0.000573535
-999.999
-0.000140891
0.000559746
-999.999
0.000549168
-999.999
-0.00037296
0.000305043
-999.998
-0.000332211
0.000293737
-999.999
-0.000257527
0.000282786
-999.999
-0.000144405
0.000281726
-999.999
0.0002825
-999.999
-0.000389681
-999.998
-0.000342576
-999.998
-0.000260097
-999.999
-0.000140584
-999.999
-999.999
-0.000538369
0.00152709
-999.999
-0.000408848
0.00152287
-1000
-0.000285628
0.0014984
-1000
-0.000150566
0.00144624
-1000
0.00140562
-1000
-0.000516884
0.00129054
-999.999
-0.000443702
0.00126935
-999.999
-0.00032674
0.00124393
-999.999
-0.000183572
0.00121179
-1000
0.00119017
-1000
-0.000546777
0.000899699
-999.998
-0.000478423
0.000889912
-999.999
-0.000357951
0.000874733
-999.999
-0.000198343
0.000864381
-999.999
0.000860825
-999.999
-0.000559816
0.000453146
-999.998
-0.000488906
0.000453584
-999.998
-0.000366102
0.000448604
-999.998
-0.000196837
0.000451192
-999.999
0.000458423
-999.999
-0.000570037
-999.998
-0.0004925
-999.998
-0.000363163
-999.998
-0.000187325
-999.998
-999.998
-0.000870128
0.00209294
-1000
-0.000650618
0.00215782
-1000
-0.000441124
0.00214833
-1000
-0.000238746
0.0021009
-1000
0.00206459
-1000
-0.000799492
0.00179053
-999.999
-0.000661992
0.00180975
-999.999
-0.000476296
0.00179736
-999.999
-0.000260638
0.00177625
-999.999
0.00176642
-1000
-0.000794168
0.00127927
-999.998
-0.0006798
0.00129534
-999.998
-0.000497892
0.00129224
-999.998
-0.00026556
0.00128992
-999.999
0.00129386
-999.999
-0.000784451
0.000665263
-999.997
-0.000678433
0.000683837
-999.998
-0.000498337
0.000687414
-999.998
-0.000258041
0.0006924
-999.998
0.000701439
-999.998
-0.000775889
-999.997
-0.000673401
-999.997
-0.000491253
-999.997
-0.00024592
-999.998
-999.998
-0.00118458
0.00299412
-1000
-0.000948938
0.00304739
-1000
-0.000658527
0.00304952
-1000
-0.000354635
0.00302367
-1000
0.00300446
-1000
-0.00112071
0.00254322
-999.998
-0.000942509
0.00257597
-999.999
-0.000676981
0.00257704
-999.999
-0.000361555
0.00257151
-999.999
0.00257125
-999.999
-0.00109739
0.00184931
-999.997
-0.000939073
0.00187741
-999.998
-0.00068353
0.00188135
-999.998
-0.000355456
0.00188378
-999.998
0.00188914
-999.998
-0.0010751
0.00099331
-999.996
-0.000932712
0.00101166
-999.997
-0.000680133
0.00101443
-999.997
-0.00034497
0.00101781
-999.997
0.00102315
-999.997
-0.00105923
-999.996
-0.000927668
-999.996
-0.000674499
-999.997
-0.000335356
-999.997
-999.997
-0.00151672
0.00428574
-999.999
-0.00129189
0.00430698
-1000
-0.000930503
0.0043147
-1000
-0.000495982
0.00430769
-1000
0.00430058
-1000
-0.00149986
0.00365224
-999.998
-0.0012962
0.00366672
-999.998
-0.000937878
0.00366825
-999.999
-0.000491131
0.00366878
-999.999
0.00366921
-999.999
-0.0014957
0.00268817
-999.996
-0.00128783
0.00269376
-999.997
-0.000936292
0.00268939
-999.997
-0.000481519
0.00268899
-999.997
0.00268886
-999.998
-0.00149326
0.00145864
-999.995
-0.00129141
0.00145018
-999.996
-0.000936351
0.00144333
-999.996
-0.000474937
0.00144198
-999.996
0.00144059
-999.997
-0.00149743
-999.994
-0.00129502
-999.995
-0.00093461
-999.995
-0.000471211
-999.996
-999.996
-0.00200134
0.00602492
-999.999
-0.00173345
0.00604235
-1000
-0.0012644
0.00604654
-1000
-0.000665991
0.00604521
-1000
0.0060386
-1000
-0.00202154
0.00517338
-999.997
-0.00174923
0.00516138
-999.998
-0.00127025
0.00515072
-999.998
-0.000659125
0.00514679
-999.999
0.00513936
-999.999
-0.00204452
0.00382926
-999.995
-0.0017553
0.00378958
-999.995
-0.00127245
0.00376811
-999.996
-0.000654349
0.00376064
-999.997
0.00375132
-999.997
-0.00208511
0.0020552
-999.993
-0.00177599
0.0020154
-999.994
-0.00127896
0.00200088
-999.995
-0.000655004
0.00199616
-999.995
0.00199088
-999.995
-0.00212016
-999.992
-0.00178567
-999.993
-0.00127934
-999.994
-0.000653849
-999.994
-999.995
-0.00272271
0.00835678
-999.999
-0.00233029
0.00837878
-1000
-0.00169303
0.0083734
-1000
-0.000886374
0.00836753
-1000
0.00835217
-1000
-0.00273572
0.00718797
-999.996
-0.0023394
0.00715805
-999.997
-0.00169891
0.00713298
-999.997
-0.00088265
0.00712131
-999.998
0.0071024
-999.998
-0.00277906
0.00529744
-999.993
-0.00236465
0.00523238
-999.994
-0.00171063
0.00520087
-999.995
-0.000886129
0.00518842
-999.995
0.00517247
-999.996
-0.00284141
0.00279947
-999.991
-0.00239365
0.00275613
-999.992
-0.00172159
0.00274356
-999.993
-0.000890661
0.00274009
-999.993
0.00273612
-999.994
-0.00287779
-999.99
-0.00240027
-999.991
-0.00172073
-999.992
-0.000885495
-999.992
-999.993
-0.00366695
0.0115347
-999.999
-0.00312237
0.0115115
-1000
-0.00226825
0.0114932
-1000
-0.00119239
0.0114792
-1000
0.0114512
-1000
-0.00368775
0.00985036
-999.994
-0.0031314
0.00982387
-999.995
-0.00227717
0.00979003
-999.997
-0.00119239
0.00977368
-999.997
0.00974658
-999.998
-0.00373826
0.00720355
-999.99
-0.00316693
0.00715461
-999.992
-0.00229566
0.0071256
-999.993
-0.00119939
0.00711454
-999.994
0.00709898
-999.994
-0.00378561
0.00378127
-999.988
-0.00319159
0.00376349
-999.989
-0.00230567
0.00375707
-999.99
-0.0011991
0.00375787
-999.991
0.00375674
-999.991
-0.00379408
-999.986
-0.00319068
-999.988
-0.00229966
-999.989
-0.00118842
-999.99
-999.99
-0.00490679
0.0158096
-999.998
-0.00420142
0.0157537
-1000
-0.00307297
0.015712
-1000
-0.00162631
0.0156924
-1000
0.0156552
-1000
-0.0049814
0.0134455
-999.992
-0.00423429
0.0134226
-999.994
-0.0030868
0.013386
-999.995
-0.00162538
0.0133716
-999.997
0.0133433
-999.997
-0.00502886
0.0097752
-999.987
-0.00426885
0.00976079
-999.989
-0.00310293
0.00974134
-999.99
-0.00162483
0.00973896
-999.991
0.00972635
-999.992
-0.0050477
0.00514108
-999.983
-0.00428415
0.00514708
-999.985
-0.00310435
0.00514517
-999.987
-0.00161529
0.00515006
-999.988
0.00514471
-999.988
-0.0050305
-999.981
-0.00427579
-999.983
-0.003092
-999.985
-0.00160474
-999.986
-999.986
-0.00665451
0.0216036
-999.997
-0.00572165
0.0215163
-1000
-0.00419761
0.02146
-1000
-0.00222033
0.0214432
-1000
0.0214018
-1000
-0.0067886
0.0183447
-999.989
-0.00577765
0.0183157
-999.992
-0.00421121
0.0182823
-999.994
-0.00221266
0.0182761
-999.995
0.0182474
-999.996
-0.00682982
0.013318
-999.982
-0.00580802
0.0133154
-999.985
-0.00421664
0.0133071
-999.987
-0.00220114
0.0133151
-999.988
0.0132956
-999.989
-0.00683529
0.00701963
-999.977
-0.00581357
0.00702785
-999.98
-0.00420688
0.00703031
-999.982
-0.00219006
0.00703461
-999.983
0.00701638
-999.984
-0.00681229
-999.974
-0.00579722
-999.977
-0.00419251
-999.979
-0.00218723
-999.981
-999.982
-0.00912341
0.0294288
-999.996
-0.00784146
0.0293386
-999.999
-0.00572384
0.0292888
-1000
-0.00300707
0.0292813
-1000
0.029229
-1000.01
-0.00927737
0.0249986
-999.985
-0.00789144
0.0249634
-999.988
-0.00572992
0.0249386
-999.991
-0.00299442
0.0249419
-999.993
0.0248985
-999.995
-0.00931996
0.0181522
-999.976
-0.00791256
0.0181456
-999.979
-0.00572403
0.0181475
-999.982
-0.00298189
0.0181567
-999.984
0.0181144
-999.985
-0.00932768
0.00956289
-999.969
-0.00790831
0.00956611
-999.973
-0.00571185
0.00957217
-999.975
-0.00298227
0.00956957
-999.978
0.00953873
-999.979
-0.00930452
-999.965
-0.00788424
-999.969
-0.00570068
-999.972
-0.00298435
-999.974
-999.975
-0.0125051
0.0399805
-999.994
-0.0107008
0.0399149
-999.999
-0.0077603
0.0398915
-1000
-0.00405506
0.0398905
-1000.01
0.0398083
-1000.01
-0.0126312
0.0339814
-999.98
-0.0107213
0.0339577
-999.984
-0.00775774
0.0339482
-999.988
-0.00404727
0.0339517
-999.991
0.0338734
-999.993
-0.0126664
0.0246852
-999.967
-0.0107275
0.0246833
-999.972
-0.00775018
0.0246893
-999.976
-0.00404872
0.024686
-999.979
0.0246169
-999.98
-0.0126702
0.0129933
-999.958
-0.0107185
0.0129975
-999.963
-0.00774857
0.0130007
-999.967
-0.00406035
0.0129919
-999.97
0.0129563
-999.971
-0.0126393
-999.953
-0.0106914
-999.958
-0.0077391
-999.962
-0.00405793
-999.965
-999.966
-0.0170212
0.0542573
-999.993
-0.0145016
0.0542173
-999.999
-0.0104932
0.0542155
-1000
-0.00548808
0.0542093
-1000.01
0.0540798
-1000.01
-0.0171043
0.0461301
-999.973
-0.014499
0.0461299
-999.979
-0.010492
0.0461291
-999.984
-0.00549521
0.0461187
-999.988
0.046
-999.99
-0.0171157
0.0335324
-999.956
-0.0144968
0.0335383
-999.962
-0.0104961
0.0335344
-999.967
-0.00550919
0.0335168
-999.971
0.0334311
-999.973
-0.0171119
0.0176573
-999.943
-0.0144964
0.0176571
-999.95
-0.0105067
0.0176507
-999.955
-0.00551762
0.0176417
-999.959
0.0175988
-999.961
-0.017077
-999.937
-0.0144713
-999.943
-0.0104917
-999.948
-0.00550977
-999.952
-999.954
-0.0230276
0.0736671
-999.99
-0.0195889
0.0736344
-999.999
-0.0142079
0.0736232
-1000.01
-0.00747035
0.0735999
-1000.01
0.0734193
-1000.01
-0.0230999
0.0626642
-999.963
-0.0196002
0.0626628
-999.971
-0.0142217
0.0626456
-999.979
-0.00748401
0.0626179
-999.984
0.0624683
-999.987
-0.0231072
0.0455798
-999.94
-0.0196141
0.0455662
-999.948
-0.0142408
0.0455413
-999.956
-0.00749194
0.04552
-999.961
0.0454166
-999.964
-0.0231208
0.0240183
-999.923
-0.0196338
0.0239958
-999.932
-0.0142535
0.0239792
-999.939
-0.00749115
0.0239673
-999.944
0.0239039
-999.947
-0.0230962
-999.914
-0.0196095
-999.922
-0.0142333
-999.93
-0.0074862
-999.935
-999.938
-0.0311398
0.100144
-999.987
-0.0265008
0.100069
-999.998
-0.0192805
0.100018
-1000.01
-0.010174
0.0999796
-1000.02
0.0997547
-1000.02
-0.031248
0.085215
-999.95
-0.0265566
0.0851637
-999.961
-0.0193076
0.0851117
-999.971
-0.0101726
0.0850759
-999.978
0.0848909
-999.982
-0.031299
0.0619881
-999.918
-0.0266059
0.0619258
-999.93
-0.0193321
0.061882
-999.94
-0.0101649
0.0618569
-999.947
0.061713
-999.951
-0.0313575
0.0326606
-999.895
-0.0266449
0.0326122
-999.907
-0.0193463
0.0325852
-999.917
-0.0101678
0.0325609
-999.924
0.0324755
-999.928
-0.0313419
-999.883
-0.0266177
-999.895
-0.0193275
-999.904
-0.0101604
-999.912
-999.915
-0.04224
0.136177
-999.982
-0.0359456
0.136043
-999.998
-0.0261632
0.135956
-1000.01
-0.0137964
0.135915
-1000.02
0.13563
-1000.03
-0.0423965
0.11589
-999.932
-0.0360367
0.115774
-999.947
-0.026189
0.115692
-999.961
-0.0137743
0.115646
-999.97
0.115389
-999.975
-0.0425116
0.0842762
-999.889
-0.0361177
0.0841723
-999.905
-0.0262192
0.0841107
-999.918
-0.0137693
0.0840637
-999.928
0.0838565
-999.933
-0.0426098
0.0443801
-999.858
-0.0361754
0.0443202
-999.874
-0.0262522
0.0442775
-999.887
-0.0137852
0.0442418
-999.897
0.0441374
-999.902
-0.0425832
-999.841
-0.0361457
-999.857
-0.0262296
-999.87
-0.0137635
-999.88
-999.885
-0.0573906
0.185119
-999.976
-0.0487693
0.184946
-999.997
-0.0354271
0.184841
-1000.01
-0.0186345
0.184784
-1000.03
0.184377
-1000.03
-0.0575768
0.157553
-999.907
-0.0488757
0.157386
-999.929
-0.0354614
0.157271
-999.946
-0.0186215
0.157187
-999.959
0.156805
-999.966
-0.0577458
0.114553
-999.849
-0.048992
0.11442
-999.87
-0.0355266
0.114318
-999.888
-0.0186469
0.114228
-999.901
0.11394
-999.909
-0.0578738
0.060322
-999.807
-0.0490908
0.0602463
-999.828
-0.0355979
0.0601766
-999.846
-0.0186754
0.060128
-999.859
0.0599781
-999.867
-0.0578338
-999.784
-0.0490636
-999.805
-0.0355681
-999.823
-0.0186541
-999.836
-999.844
-0.0778546
0.251656
-999.967
-0.0660475
0.251413
-999.996
-0.047886
0.251256
-1000.02
-0.025157
0.25113
-1000.04
0.250525
-1000.05
-0.0781072
0.214211
-999.874
-0.0662083
0.213956
-999.903
-0.0479815
0.213755
-999.927
-0.0251915
0.213583
-999.945
0.21303
-999.954
-0.0783662
0.155774
-999.795
-0.0664144
0.155558
-999.824
-0.0481284
0.155365
-999.848
-0.0252606
0.155208
-999.866
0.154797
-999.876
-0.0785759
0.0820668
-999.737
-0.0666055
0.0819266
-999.767
-0.048262
0.0818026
-999.791
-0.0253163
0.0817079
-999.809
0.0814759
-999.819
-0.0785631
-999.706
-0.0666005
-999.735
-0.0482536
-999.76
-0.0253172
-999.778
-999.788
-0.105395
0.342186
-999.956
-0.089306
0.341764
-999.994
-0.0646984
0.341456
-1000.03
-0.0339957
0.341201
-1000.05
0.340332
-1000.06
-0.105832
0.291345
-999.83
-0.0896235
0.290871
-999.868
-0.0649157
0.290479
-999.901
-0.0340881
0.290165
-999.924
0.289378
-999.937
-0.106315
0.211946
-999.722
-0.0900259
0.21152
-999.761
-0.0651986
0.211154
-999.794
-0.0342137
0.210872
-999.818
0.210272
-999.831
-0.106737
0.111705
-999.643
-0.0903914
0.111426
-999.683
-0.0654511
0.111191
-999.716
-0.0343294
0.111008
-999.74
0.110678
-999.753
-0.106816
-999.6
-0.0904579
-999.64
-0.0655011
-999.674
-0.0343473
-999.698
-999.711
-0.142577
0.465264
-999.941
-0.12066
0.464536
-999.992
-0.0873644
0.463968
-1000.04
-0.0459013
0.463529
-1000.07
0.462314
-1000.08
-0.143329
0.396314
-999.769
-0.121245
0.395433
-999.821
-0.0877539
0.394708
-999.865
-0.0460586
0.394158
-999.897
0.393027
-999.914
-0.144236
0.288452
-999.622
-0.121994
0.287637
-999.675
-0.0882666
0.286963
-999.72
-0.0462872
0.286456
-999.752
0.28558
-999.77
-0.145058
0.15206
-999.515
-0.122675
0.151549
-999.569
-0.0887388
0.151124
-999.614
-0.0465042
0.150815
-999.647
0.150341
-999.664
-0.145312
-999.457
-0.122884
-999.511
-0.0888744
-999.556
-0.046556
-999.589
-999.607
-0.192758
0.632461
-999.921
-0.162809
0.631275
-999.99
-0.117734
0.630313
-1000.05
-0.0617978
0.629591
-1000.09
0.627863
-1000.11
-0.193987
0.539108
-999.688
-0.163803
0.537545
-999.758
-0.118396
0.536245
-999.817
-0.0620815
0.535274
-999.859
0.53361
-999.882
-0.19561
0.392643
-999.488
-0.165151
0.391168
-999.56
-0.119327
0.389949
-999.619
-0.0625187
0.389051
-999.662
0.387744
-999.686
-0.197113
0.207067
-999.342
-0.166393
0.206163
-999.415
-0.120189
0.205421
-999.476
-0.0629301
0.204882
-999.52
0.204152
-999.544
-0.197693
-999.262
-0.166861
-999.336
-0.120506
-999.397
-0.0630908
-999.442
-999.466
-0.260021
0.859638
-999.895
-0.219084
0.857648
-999.987
-0.158138
0.856002
-1000.06
-0.0829007
0.854763
-1000.12
0.852233
-1000.15
-0.262095
0.733437
-999.579
-0.220791
0.730658
-999.672
-0.159303
0.728317
-999.75
-0.083456
0.726575
-999.806
0.724056
-999.837
-0.264997
0.534688
-999.307
-0.223227
0.532056
-999.403
-0.161016
0.529857
-999.483
-0.0843086
0.528234
-999.541
0.52621
-999.573
-0.267703
0.282204
-999.107
-0.225484
0.280597
-999.206
-0.162608
0.279258
-999.288
-0.0851114
0.278254
-999.347
0.277105
-999.38
-0.268911
-998.997
-0.226485
-999.097
-0.163336
-999.181
-0.085492
-999.241
-999.275
-0.349477
1.16829
-999.863
-0.293646
1.16481
-999.984
-0.211516
1.16187
-1000.08
-0.110759
1.15969
-1000.16
1.15588
-1000.2
-0.35312
0.998067
-999.433
-0.296693
0.993055
-999.557
-0.21361
0.98877
-999.66
-0.111858
0.98559
-999.734
0.981651
-999.775
-0.358387
0.728672
-999.062
-0.30117
0.723941
-999.191
-0.216802
0.719913
-999.299
-0.113534
0.716934
-999.375
0.71372
-999.418
-0.363287
0.385059
-998.789
-0.305324
0.382165
-998.922
-0.21977
0.379677
-999.033
-0.115079
0.37784
-999.113
0.376003
-999.157
-0.365715
-998.638
-0.307417
-998.774
-0.221281
-998.888
-0.115883
-998.969
-999.014
-0.467542
1.58711
-999.823
-0.391614
1.58116
-999.98
-0.281424
1.57574
-1000.11
-0.147269
1.57197
-1000.2
1.56607
-1000.25
-0.473831
1.35856
-999.241
-0.397177
1.34955
-999.402
-0.285095
1.34152
-999.538
-0.14942
1.33565
-999.633
1.32922
-999.687
-0.483395
0.994115
-998.736
-0.4056
0.985623
-998.905
-0.291102
0.978138
-999.05
-0.152785
0.972739
-999.151
0.967497
-999.209
-0.492253
0.526255
-998.36
-0.413321
0.521074
-998.536
-0.296535
0.516456
-998.688
-0.155725
0.513143
-998.794
0.510096
-998.855
-0.496957
-998.151
-0.417512
-998.332
-0.299498
-998.489
-0.157384
-998.598
-998.662
-0.621178
2.15422
-999.778
-0.518963
2.14482
-999.976
-0.371833
2.1344
-1000.14
-0.194747
2.12845
-1000.26
2.11886
-1000.33
-0.631261
1.8497
-998.994
-0.529417
1.83388
-999.193
-0.377642
1.81823
-999.374
-0.198952
1.80739
-999.491
1.79617
-999.564
-0.648337
1.35826
-998.306
-0.545866
1.34346
-998.517
-0.389044
1.32933
-998.718
-0.206032
1.31985
-998.846
1.31097
-998.93
-0.663907
0.720928
-997.788
-0.560341
0.711993
-998.008
-0.398625
0.703241
-998.224
-0.21162
0.697305
-998.358
0.692015
-998.448
-0.67257
-997.498
-0.568674
-997.724
-0.404304
-997.95
-0.21503
-998.09
-998.185
-0.815146
2.91857
-999.743
-0.68286
2.90792
-999.97
-0.486519
2.88567
-1000.19
-0.25643
2.87929
-1000.33
2.86233
-1000.43
-0.827845
2.51807
-998.7
-0.703805
2.4927
-998.902
-0.492601
2.45963
-999.159
-0.264715
2.43984
-999.28
2.41804
-999.384
-0.857241
1.85903
-997.768
-0.738156
1.83589
-997.979
-0.51462
1.80782
-998.289
-0.280766
1.79263
-998.433
1.77679
-998.57
-0.882791
0.990614
-997.053
-0.765946
0.976851
-997.266
-0.530055
0.959072
-997.611
-0.29131
0.948981
-997.753
0.939102
-997.902
-0.89786
-996.648
-0.783088
-996.862
-0.540628
-997.234
-0.298521
-997.383
-997.544
-1.0451
3.93593
-999.765
-0.895239
3.94749
-999.961
-0.627383
3.88873
-1000.28
-0.33897
3.89878
-1000.44
3.86354
-1000.59
-1.04957
3.42257
-998.42
-0.94047
3.3933
-998.457
-0.619969
3.31322
-998.904
-0.354528
3.2776
-998.924
3.2277
-999.103
-1.10024
2.54703
-997.167
-1.01795
2.52321
-997.191
-0.665809
2.46084
-997.789
-0.394234
2.44402
-997.871
2.41312
-998.149
-1.13901
1.36501
-996.186
-1.07177
1.35092
-996.161
-0.685707
1.31032
-996.846
-0.413068
1.29562
-996.877
1.27482
-997.176
-1.16475
-995.617
-1.10792
-995.568
-0.705534
-996.326
-0.429047
-996.364
-996.698
-1.29114
5.24832
-999.983
-1.18302
5.3979
-999.963
-0.795487
5.20669
-1000.53
-0.460649
5.31818
-1000.69
5.22568
-1000.98
-1.26261
4.63136
-998.335
-1.26262
4.63529
-997.694
-0.728794
4.41828
-998.649
-0.47655
4.35182
-998.21
4.22954
-998.583
-1.36796
3.48623
-996.644
-1.44348
3.508
-995.988
-0.848015
3.35294
-997.319
-0.584156
3.36622
-997.149
3.29814
-997.802
-1.42859
1.8852
-995.294
-1.53515
1.89478
-994.441
-0.859774
1.79287
-995.962
-0.608179
1.77741
-995.54
1.72701
-996.213
-1.47712
-994.476
-1.60995
-993.54
-0.902019
-995.241
-0.645286
-994.843
-995.617
-1.53905
6.84894
-1000.72
-1.58508
7.50578
-1000.09
-1.02538
6.90136
-1001.22
-0.664954
7.36875
-1001.36
7.09346
-1001.97
-1.41771
6.24273
-998.85
-1.61882
6.33467
-996.322
-0.761933
5.78763
-998.392
-0.605687
5.69353
-996.691
5.4171
-997.513
-1.68574
4.76929
-996.407
-2.07374
4.96101
-994.226
-1.13285
4.58421
-997.056
-0.923143
4.72233
-996.387
4.55766
-997.866
-1.77616
2.61985
-994.542
-2.1764
2.71063
-991.79
-1.0665
2.45912
-994.946
-0.90732
2.44474
-993.422
2.32975
-994.893
-1.8752
-993.295
-2.33699
-990.368
-1.17394
-993.945
-1.00344
-992.569
-994.291
-1.78831
8.63477
-1002.56
-2.14744
10.6331
-1000.66
-1.43331
9.00429
-1002.77
-1.03534
10.2982
-1002.93
9.55866
-1004.17
-1.35892
8.47994
-1000.94
-1.78801
8.64361
-993.903
-0.582837
7.47264
-998.066
-0.650369
7.41238
-993.737
6.80382
-995.408
-2.10676
6.54183
-996.705
-3.02305
7.15668
-991.823
-1.67708
6.32299
-997.253
-1.57251
6.73324
-995.813
6.3394
-998.974
-2.19085
3.70332
-994.234
-2.96446
3.97676
-987.837
-1.28665
3.39019
-993.691
-1.3551
3.42986
-990.05
3.20623
-993.115
-2.40444
-992.12
-3.35145
-985.444
-1.59459
-992.311
-1.62048
-989.113
-992.705
-2.00326
10.1521
-1006.44
-2.93004
15.1449
-1002.07
-2.20083
11.3555
-1005.67
-1.72754
14.3296
-1006.08
12.6278
-1008.49
-0.694306
11.9168
-1007.25
-1.15133
11.9128
-990.214
0.0633371
9.64899
-997.574
-0.421208
9.65297
-988.576
8.31261
-991.514
-2.75346
8.98184
-997.611
-4.51255
10.4711
-988.623
-2.76294
8.81939
-998.173
-2.90014
9.68573
-995.709
8.82658
-1002.39
-2.6484
5.42206
-995.108
-3.73878
6.04004
-982.316
-1.47262
4.7753
-991.914
-2.0925
5.06691
-984.812
4.62815
-991.009
-3.13554
-990.86
-4.74186
-977.798
-2.27832
-990
-2.755
-983.57
-990.832
-2.09177
9.76755
-1013.38
-3.96402
21.2724
-1004.99
-3.68006
13.5895
-1010.32
-3.05833
19.6885
-1011.95
16.2403
-1016.46
2.28793
17.9827
-1026.15
1.52832
16.6968
-984.879
2.56406
12.5909
-997.612
0.369896
12.5828
-979.277
9.61595
-984.52
-3.92515
12.7406
-998.677
-6.96018
15.399
-984.29
-4.97344
12.4639
-1000.03
-5.76193
14.1291
-996.467
12.3379
-1010.87
-3.0897
8.38456
-998.513
-3.94864
9.70039
-975.758
-1.5853
7.0033
-988.817
-3.54164
7.98184
-976.708
7.14583
-989.359
-4.23172
-988.867
-6.56497
-965.764
-3.41298
-986.149
-4.96518
-974.036
-988.651
-2.20151
5.77755
-1026.4
-5.38171
29.202
-1010.96
-6.76115
14.795
-1016.83
-5.73041
26.8291
-1022.9
20.1449
-1030.86
11.6079
30.43
-1078.17
7.53734
23.3397
-974.946
8.20571
17.1323
-1000.62
1.86844
16.1877
-962.298
9.56993
-972.077
-6.52107
19.9836
-997.954
-11.2888
22.4234
-978.606
-9.72854
18.2431
-1002.7
-12.2301
20.98
-998.758
17.3953
-1030.93
-3.7406
13.693
-1005.86
-1.85207
16.8793
-972.103
-1.57288
10.6719
-981.525
-6.93735
13.5122
-963.876
12.0963
-990.998
-6.22913
-983.925
-8.8204
-946.294
-5.3035
-978.994
-9.47131
-956.356
-986.027
-3.19783
-5.56016
-1049.58
-6.9082
39.4973
-1025.33
-12.9578
13.6078
-1025.04
-10.4909
36.8381
-1044.72
23.7598
-1056.48
31.3029
54.4718
-1201.21
22.5851
31.2995
-958.031
19.5602
24.2645
-1008.25
5.79925
20.8138
-932.513
5.64764
-948.165
-13.0154
34.3765
-990.595
-18.8644
31.1527
-972.611
-19.6834
28.7483
-1006.37
-26.8413
32.7266
-1003.51
25.3832
-1077.5
-5.99147
22.6397
-1016.86
4.88135
32.1366
-983.96
-1.25372
16.4653
-963.107
-15.6026
25.653
-942.454
23.0695
-1004.29
-10.6707
-970.495
-11.2793
-913.549
-7.92483
-965.883
-18.7316
-919.896
-981.688
16.5029
-74.1924
-1132.49
19.3805
52.3228
-1073.34
-20.8322
-9.82259
-1000.12
-14.5711
50.9656
-1085.27
25.4063
-1080.04
104.324
134.658
-1604.69
70.4456
45.051
-916.881
49.766
55.1728
-1052.56
14.3536
35.784
-881.919
-6.70039
-901.705
-11.8598
80.5698
-973.194
-14.8919
40.2282
-964.756
-33.5326
49.36
-981.916
-60.279
57.9929
-998.975
37.8702
-1182.35
-3.17855
46.3322
-1044.41
33.5556
76.7942
-1057.26
3.5297
35.0436
-918.765
-45.9033
64.8142
-899.842
72.5595
-1084.88
-4.13449
-936.432
4.4934
-845.382
-3.18453
-923.161
-32.0302
-826.236
-941.159
-48.7555
-96.068
-1150.92
-55.6358
64.1606
-1107.59
-60.6253
20.6938
-1063.02
-55.6762
56.9467
-1148.55
24.8993
-1198.91
165.618
214.576
-2217.44
130.774
21.4846
-839.362
65.9487
46.0009
-1013.05
28.8351
11.6052
-799.464
-69.8251
-778.146
-82.7897
127.909
-853.629
-77.3639
27.0685
-975.766
-96.3853
70.5058
-987.399
-131.982
44.7033
-996.477
14.3803
-1398.54
-39.5584
53.7099
-976.744
43.8802
68.1855
-1181.82
-16.4216
19.3447
-807.302
-73.3554
39.3917
-837.596
29.8107
-1173.66
-60.7563
-819.718
-43.7779
-794.175
-63.0478
-884.546
-103.445
-746.447
-1014.79
68.6405
-649.804
-1642.1
248.818
102.334
-1653.28
-69.3891
-215.396
-730.889
-22.8961
142.679
-1438.05
41.2073
-1184.02
693.141
842.881
-5073.3
461.626
25.3718
-530.886
251.752
238.171
-1256.74
114.344
116.839
-636.216
-246.942
-375.653
-73.7092
484.882
-625.333
17.9509
12.5794
-1054.63
-162.553
206.525
-775.25
-350.077
232.21
-924.324
106.058
-2101.62
-91.1742
181.423
-945.398
308.242
448.199
-2016.85
30.7181
94.4587
-417.711
-362.587
389.997
-602.078
565.729
-1995.92
-44.4321
-562.879
90.4518
-480.86
152.944
-852.58
-19.6096
-183.897
-468.674
-366.332
622.122
-1037.67
-623.962
183.684
-1131.94
-133.762
294.366
-1540.52
-264.265
3.56777
-1210.66
98.2469
-1793.73
-275.18
-476.976
-3134.68
-229.788
-116.806
-275.787
-13.9493
32.184
-1210.4
-11.9807
-132.164
-502.453
33.7946
-323.181
-273.025
-329.142
-412.654
-345.734
-17.2731
-1081.46
-151.876
55.4148
-992.339
-202.373
-112.739
-893.251
-194.331
-2075.87
4.67099
-79.7489
-922.975
-91.3475
-183.847
-1754.26
-58.9494
-10.3381
-384.357
114.88
-220.522
-668.125
-708.76
-1366.61
51.6399
-481.014
-216.373
-396.694
-515.529
-563.762
-654.553
-265.394
-1831.99
0.787956
-0.598799
-1076.73
120.296
12.6339
-1412.87
24.3699
-148.423
-1319.66
107.119
22.2622
-1321.38
81.617
-1654.68
62.5542
35.8401
-3591.15
-3.47623
-59.8794
-137.243
18.9087
87.1256
-1468.33
2.88414
7.6562
-471.822
-62.1801
-176.5
-9.08828
-8.89101
-348.159
12.2815
-89.4366
-1073.27
-13.8958
40.3638
-919.4
-79.933
0.437459
-819.995
-72.9606
-2145.02
-30.5454
-16.7711
-914.428
61.1975
69.2805
-2004.72
-14.9637
-24.1487
-243.683
-47.7249
-2.48377
-632.443
203.523
-1690.82
54.7968
-448.533
-8.45434
-264.163
21.3039
-617.669
95.9148
-342.489
-1532.55
916.119
-106.369
-2255.03
803.477
2.03846
-1423.38
-145.987
-40.3453
-141.834
137.51
147.212
-1759.75
-99.2627
-1461.72
-261.853
446.214
-4689.48
-9.22946
7.11987
-394.948
-41.012
66.201
-1543.09
-73.797
-11.3469
-280.478
33.2161
-382.776
269.187
213.044
-428.506
218.438
137.073
-1152.47
-118.752
-39.6251
-476.383
-140.063
-79.7945
-730.237
-425.29
-1826.57
115.49
-70.4943
-547.888
-66.0699
29.7283
-1715.81
-47.4266
46.7692
-348.72
-210.108
-34.0817
-515.474
-193.87
-2132.35
36.2751
-513.556
-64.0913
-134.068
-116.049
-518.942
-0.04414
-492.575
-1726.46
-14.0509
1339.32
-1671.25
-9.67539
-67.9185
-1129.94
-15.0883
-52.3633
-4.34353
319.243
37.2665
-2177.2
-234.11
-960.146
-43.6752
-351.573
-2719.47
16.2696
-122.204
-400.607
-53.3135
-146.111
-1379.76
-74.1204
-93.7356
-128.669
-85.6232
-605.383
-41.9124
6.87551
-499.783
-55.2485
35.7784
-1297.12
-14.8677
-24.2084
-638.666
194.903
-54.9553
-978.789
-189.679
-1527.62
-32.0605
-56.8958
-273.948
-150.901
-78.8537
-1482.34
-15.2481
11.5348
-520.117
185.973
-27.131
-744.52
-759.191
-1376.87
24.4841
-819.086
17.3964
-205.834
-92.7796
-397.231
-164.493
-447.993
-2650.15
-266.312
-848.137
-29.0067
-193.343
-17.2229
-1125.19
147.591
-9.26459
-350.469
98.9959
-66.1707
-2014.74
-65.6244
-412.608
61.689
-871.649
-2500.74
-76.2496
-161.215
-118.676
-164.005
-519.148
-782.123
66.308
-108.429
-316.725
-178.246
-426.453
422.99
41.0332
-2216.87
207.344
-262.814
-979.876
-18.1616
-442.424
-489.885
378.933
-50.1186
-1434.19
-332.849
-994.079
272.839
-39.4688
-516.558
22.5299
-168.24
-1326.61
167.241
0.406307
-1107.66
155.429
24.026
-806.852
-345.041
-1209.24
104.11
-1812.01
14.4891
-284.453
36.3693
-418.705
-106.456
-281.141
-3101.64
38.1013
97.9393
-675.777
99.5517
-44.66
-1164.32
96.9386
-15.0244
-437.941
-321.856
134.887
-1041.14
52.0537
-548.373
-249.937
-1223.15
-949.12
23.5549
162.261
-599.089
-34.9425
1.67323
-740.324
98.8251
36.2593
-351.865
62.0818
-337.656
636.286
-506.391
-3536.17
114.278
48.4321
-344.038
-15.8849
-156.698
-201.35
124.051
-94.6533
-1443.22
-330.18
-477.766
88.4298
-471.515
-610.772
-109.607
-24.5198
-1055.62
-241.176
-41.8446
-1090.94
230.077
24.9999
-1397.76
-900.393
-408.955
49.443
-3141.01
141.008
-400.537
-88.0905
-231.452
24.3886
-368.62
-3977.65
-205.849
174.215
-602.689
-96.3824
73.528
-1034.63
1.62958
19.3022
-560.696
-221.848
-3.41829
-13.801
-65.9981
-548.205
-264.842
-64.3033
-186.789
-14.3081
116.788
-892.882
-7.66031
37.0348
-764.704
-0.421133
170.852
-533.374
0.890963
-404.966
61.573
24.1183
-3998.55
-19.7898
54.3261
-200.213
116.835
187.906
-488.846
4.80867
146.038
-1306.38
3.41136
-475.478
299.182
-396.816
-478.3
399.934
-46.1839
-1055.86
171.325
2.6646
-677.09
449.561
-11.4861
-1518.47
67.594
-23.5766
240.75
-3992.36
83.7912
-289.762
-0.460539
-144.536
1039.91
-1420.48
-2870.14
-0.257455
-16.5114
-603.724
-12.4022
47.2362
-1016.47
-16.7366
-72.6115
-754.863
-11.7937
-68.7429
-14.7973
45.642
-624.11
200.762
1231.59
-1776.46
39.9541
126.637
-811.476
-242.366
51.5634
-606.559
-332.012
98.2644
-610.735
96.9379
-788.274
-196.351
1450.88
-4489.76
-152.067
56.9105
-174.769
-145.516
233.435
-677.268
-237.049
143.821
-1260.4
-134.118
-481.47
145.844
1429.03
-399.655
-49.181
4.87161
-808.796
-87.0915
34.3063
-440.052
-140.177
154.823
-1476.39
2.94277
-300.815
251.99
-2585.81
-8.7953
-24.1058
32.4297
-151.454
9.14117
-1242.37
-2858.06
152.218
2460.73
-3615.3
292.139
148.23
-1679.87
-118.591
-17.3919
-386.19
478.065
2.53324
-730.842
83.6628
-797.188
59.1759
2849.28
-2146.92
-77.3587
36.9005
-563.612
6.22229
-101.846
-605.686
62.1417
-150.046
-514.076
-105.025
-537.444
15.87
-130.05
-1278.61
-1.07144
-65.749
-55.1786
212.477
34.4289
-1027.09
60.7298
-50.3379
-1208.36
159.45
-685.215
21.7706
541.165
-1103.33
36.7623
-52.9935
-836.544
-193.087
0.634698
-176.408
185.514
443.14
-2348.47
832.554
-788.406
-29.6752
-1629.64
1.40905
-108.183
14.201
-163.612
-703.096
-81.9293
-2728.6
-754.995
1350.71
-4190.57
11.4376
-80.0607
-2201.33
275.878
-127.383
-460.37
297.832
10.2149
-520.063
33.7211
-575.869
-200.608
96.2428
-612.672
-13.0126
-76.5917
-754.676
166.797
60.8927
-973.771
122.401
-149.945
-309.52
-133.768
-247.555
-77.0228
-410.15
-689.62
139.763
8.55871
-357.115
15.279
80.9323
-922.647
389.4
107.635
-1840.06
145.654
-575.237
83.7367
-47.709
-1591.41
67.9575
-100.123
-712.083
337.452
-34.8959
-330.074
857.714
-101.252
-2659.84
896.103
-681.14
-176.965
-1393.93
52.7791
-438.051
-2.23842
-143.49
731.577
-916.997
-1100.92
-774.068
-86.2282
-2757.77
-499.378
-381.02
-2263.64
17.9315
133.746
-1107.67
-5.24004
-49.2186
-44.3076
77.256
-1155.09
26.2797
-76.4897
-652.237
71.9103
-180.412
-1000.91
113.212
169.093
-1050.42
-50.6752
326.058
-520.909
42.2822
-263.256
136.822
106.748
-944.111
168.224
-79.5884
-489.34
-36.2073
-13.7736
-535.348
-61.6021
645.629
-2134.24
-1.12583
-593.431
-86.8063
251.178
-1930.35
203.296
-216.591
-865.182
83.7148
26.6246
-250.891
-136.259
39.3117
-1833.55
85.9153
-904.44
-369.946
-858.393
221.307
-1245.9
144.229
-39.7879
384.039
-1117.49
-630.967
138.989
-201.383
-2722.27
-163.72
-174.729
-1784.87
-129.615
-133.171
-989.111
7.13227
2.37197
-233.309
-333.34
-1085.17
-115.903
-97.6316
-698.85
51.4857
-46.0242
-1297.01
44.169
-41.1479
-1135.13
-31.6043
-28.9446
-413.819
-21.312
-606.889
-97.7598
-253.338
-701.94
30.3277
-13.1019
-650.35
17.8379
9.50193
-573.508
12.3733
178.511
-2336.23
-155.649
-446.721
-147.107
-73.8819
-2135.36
71.1999
-98.2388
-998.352
36.6187
-5.34367
-201.464
-813.381
24.6404
-829.682
-66.9491
-1806.52
-112.882
-771.137
-93.0755
-1363.94
7.32818
-145.535
-67.9208
-1017.6
-765.837
182.961
-98.0875
-2488.17
127.182
-204.476
-1539.52
3.73464
-253.79
-620.88
2.60129
-24.6072
-197.772
-166.443
-834.926
-127.187
-10.991
-696.409
34.0829
-44.2717
-1618.48
102.861
-190.323
-1267.37
-65.3152
-47.9764
-222.273
-124.633
-714.014
-87.2762
-126.035
-505.85
-121.659
157.637
-817.877
-115.317
-21.9788
-748.193
84.5516
52.6717
-2636.75
-97.3881
-389.414
-69.0373
-313.165
-1727.63
-55.971
134.756
-988.537
9.77664
-9.57306
-279.618
5.6914
-81.9458
-690.98
-335.382
-1562.84
42.6316
-1135.52
-9.50609
-1177.05
-25.6779
-138.936
84.6305
-1209.86
-1016.59
-185.911
-339.557
-1793.65
-366.4
149.641
-1404.37
-71.7417
33.1573
-1006.93
-165.187
209.427
-505.142
190.492
-1427.84
385.57
-238.849
-1067.25
16.3282
-98.8358
-1000.76
-137.8
-208.037
-872.051
35.5446
415.987
-602.178
210.566
-698.543
241.309
163.608
-967.641
340.983
-121.616
-894.771
457.403
-181.478
-891.173
-566.787
-223.351
-973.218
198.583
-944.22
-139.185
35.6255
-1293.24
-204.96
31.3543
-1075.73
95.4653
-53.2664
-708.254
222.889
55.7999
-1097.56
147.446
-1288.81
-39.9747
-849.579
62.3996
-1248.07
413.412
-543.215
1.3554
-742.002
-867.788
-9.00373
-227.978
-1324.38
-129.896
-97.2831
-1112.72
-47.3545
-260.524
-1031.11
219.758
-209.218
-806.398
-242.076
-945.927
-27.912
-182.737
-1015.79
-71.8925
-38.0709
-1016
-68.3038
-146.15
-990.014
-17.4817
-23.6087
-838.61
-71.3324
-886.769
-80.6942
-118.49
-963.687
-89.1711
63.4405
-987.806
-61.0186
-130.773
-934.702
94.8562
36.3183
-1189.02
-5.40101
-915.295
-41.0285
-140.009
-1075.9
-88.4997
45.8931
-1010.71
58.7321
-135.599
-850.661
94.0982
-120.92
-975.683
-147.615
-1052.5
-33.0947
-943.737
-186.105
-1049.16
-81.3732
-783.546
71.3073
-1015.6
-944.096
-7.89752
-107.093
-1151.91
-64.4502
-23.9995
-1038.77
-70.9219
-76.1265
-1020.54
-26.3786
-12.9704
-935.767
-42.2461
-1017.23
29.0171
-87.8959
-1016.32
-12.3565
-14.3637
-984.259
-28.6638
-70.8255
-979.007
-10.3818
64.0437
-933.907
3.292
-942.688
21.6597
-38.5115
-992.179
19.4692
0.66511
-1000.64
44.0926
-68.7187
-961.432
-50.0504
-18.2401
-1012.59
4.45294
-966.506
-2.60757
-42.4441
-1002.84
-26.2296
12.433
-998.86
30.157
-47.0062
-928.76
28.1654
-4.58808
-987.343
-15.7795
-1004.1
-0.55598
-955.963
-15.9946
-1021.29
47.3707
-893.918
2.43961
-975.26
-957.436
4.24959
-71.7199
-1071.07
-14.7688
-26.4222
-1011.01
-13.2255
-66.3606
-1018.72
7.0457
-39.7997
-981.439
-58.072
-1000.17
12.9472
-56.1444
-1009.25
-2.15211
-11.9221
-983.659
-6.49572
-50.7249
-990.3
-0.883114
-8.68952
-970.63
-26.7481
-974.895
7.58093
-38.4134
-995.564
-1.94154
-5.53502
-997.509
4.30237
-40.705
-977.696
-2.32437
-11.5222
-1003.13
-14.9791
-980.599
5.49453
-25.7222
-987.048
-7.82482
0.948077
-992.024
11.6811
-28.2557
-960.715
11.6839
-13.3528
-985.516
-19.2503
-988.143
3.82867
-969.378
-14.6324
-1001.88
7.88441
-944.69
5.79346
-986.522
-970.892
7.09052
-42.3036
-1034.07
0.167775
-21.739
-1001.92
-1.74315
-43.5023
-1014.64
1.10034
-30.0528
-996.173
-37.9799
-1003.2
10.6947
-33.3684
-1003.82
5.11928
-11.1667
-988.656
1.25434
-33.5137
-996.424
0.718996
-13.0669
-987.08
-22.4796
-989.676
6.81193
-25.4406
-995.468
2.54699
-8.59828
-995.813
4.56962
-26.089
-987.144
-0.849609
-13.347
-997.434
-15.5369
-988.392
7.42042
-14.0433
-985.986
0.538748
-2.48337
-991.258
6.82197
-15.9351
-977.153
4.30544
-7.36833
-988.978
-11.7479
-987.626
6.4077
-978.778
-2.50692
-995.453
6.36022
-969.492
1.94247
-989.472
-980.698
7.79567
-26.4047
-1016.07
6.84628
-17.6235
-1000.61
2.49433
-28.836
-1009.91
2.09742
-22.857
-1001.62
-26.7433
-1004.79
8.90434
-20.5813
-1000.73
6.92248
-10.6966
-993.602
2.90633
-22.3629
-998.881
1.77483
-13.7419
-995.064
-18.3077
-996.337
6.35212
-16.253
-995.212
4.16446
-8.74328
-995.579
3.8999
-16.9612
-992.281
0.73293
-11.4334
-996.576
-12.927
-993.04
7.23939
-8.18632
-988.592
3.0048
-3.30321
-992.463
4.73067
-9.64093
-986.199
2.12445
-5.61024
-992.195
-7.89287
-990.536
6.44069
-985.252
1.52908
-993.845
4.58177
-982.186
1.29774
-991.798
-987.293
7.4041
-16.8411
-1007.13
7.55298
-13.7586
-1001.04
3.50172
-19.2036
-1006.44
2.36179
-17.0605
-1003.51
-18.9365
-1004.98
7.34723
-13.0995
-999.206
6.45978
-9.58954
-996.883
3.22856
-15.0928
-999.76
1.90788
-12.0072
-998.796
-14.0796
-999.286
5.82114
-10.2754
-995.434
4.3945
-7.6144
-996.127
3.47198
-11.2362
-995.215
1.21227
-9.13038
-997.193
-9.96066
-995.946
6.31464
-5.06574
-991.487
3.53512
-3.26157
-994.036
3.689
-6.118
-991.471
1.43805
-4.44841
-994.626
-5.53594
-993.523
5.7384
-989.695
2.6673
-994.035
3.58793
-989.225
1.13519
-993.794
-991.694
6.51791
-11.0073
-1002.81
6.49013
-10.4614
-1001.5
3.47604
-12.9851
-1004.25
2.13406
-12.5899
-1003.82
-13.453
-1004.47
6.0036
-8.69584
-998.617
5.33949
-8.06685
-998.614
3.07954
-10.3956
-1000.09
1.68884
-9.66738
-1000.33
-10.5255
-1000.52
5.15948
-6.65136
-996.069
3.97431
-6.04685
-996.962
3.03105
-7.63505
-997.032
1.26265
-6.97769
-998.114
-7.44628
-997.763
5.17656
-3.31971
-993.802
3.35804
-2.84364
-995.421
2.97961
-4.07076
-994.657
1.18746
-3.50406
-996.307
-3.97176
-995.81
4.82492
-992.744
2.87963
-994.934
2.88099
-993.297
1.04735
-995.465
-994.618
5.48218
-7.43396
-1000.97
5.06808
-7.80724
-1001.54
3.10137
-8.97035
-1003
1.72463
-9.19738
-1003.41
-9.59
-1003.79
4.89273
-6.04038
-998.58
4.18724
-6.3495
-999.366
2.75246
-7.33032
-1000.29
1.39054
-7.36764
-1000.8
-7.73062
-1000.99
4.35714
-4.50639
-996.865
3.39136
-4.59436
-997.751
2.53816
-5.31957
-998.19
1.14736
-5.22603
-998.865
-5.47516
-998.871
4.13507
-2.28942
-995.49
2.9579
-2.29284
-996.545
2.40289
-2.80555
-996.616
1.03174
-2.6791
-997.483
-2.8726
-997.381
3.90587
-994.818
2.67727
-995.998
2.31264
-995.738
0.946382
-996.777
-996.544
4.45503
-5.21161
-1000.34
3.84168
-5.71921
-1001.29
2.59011
-6.33614
-1002.24
1.3572
-6.64004
-1002.78
-6.85374
-1003.08
3.93815
-4.33774
-998.813
3.27116
-4.74691
-999.671
2.27552
-5.2425
-1000.39
1.14629
-5.43409
-1000.87
-5.61414
-1001.09
3.50957
-3.18059
-997.61
2.80487
-3.4139
-998.379
2.0501
-3.77466
-998.903
0.985423
-3.86036
-999.374
-3.98989
-999.509
3.25647
-1.64159
-996.7
2.50256
-1.75414
-997.451
1.91267
-1.97934
-997.821
0.887136
-1.99728
-998.32
-2.08207
-998.401
3.09547
-996.236
2.32549
-996.982
1.83649
-997.228
0.82854
-997.767
-997.798
3.4786
-3.74733
-1000.14
2.9167
-4.14868
-1000.99
2.04687
-4.52709
-1001.71
1.06071
-4.76751
-1002.19
-4.90097
-1002.44
3.07981
-3.15492
-999.086
2.54892
-3.47401
-999.814
1.80473
-3.77358
-1000.4
0.923608
-3.94962
-1000.81
-4.05538
-1001.01
2.75851
-2.29527
-998.217
2.25776
-2.50242
-998.85
1.62422
-2.71102
-999.332
0.816114
-2.81967
-999.695
-2.89342
-999.855
2.55027
-1.1964
-997.579
2.05665
-1.30191
-998.158
1.50803
-1.41777
-998.565
0.744119
-1.46654
-998.909
-1.50865
-999.042
2.43166
-997.242
1.94107
-997.793
1.44582
-998.15
0.703218
-998.49
-998.603
2.64091
-2.7231
-1000.07
2.20835
-3.00342
-1000.74
1.57284
-3.24886
-1001.3
0.817032
-3.41814
-1001.69
-3.50544
-1001.89
2.3618
-2.30312
-999.316
1.96613
-2.52709
-999.895
1.40345
-2.72218
-1000.37
0.726016
-2.85298
-1000.7
-2.92158
-1000.87
2.13851
-1.67135
-998.683
1.77428
-1.82332
-999.189
1.27242
-1.95815
-999.593
0.654475
-2.04538
-999.885
-2.09248
-1000.03
1.98739
-0.875359
-998.223
1.64225
-0.953361
-998.682
1.18445
-1.02408
-999.041
0.605339
-1.06722
-999.308
-1.0921
-999.437
1.90286
-997.976
1.56726
-998.41
1.13651
-998.743
0.577728
-998.999
-999.118
1.98138
-1.9867
-1000.04
1.66213
-2.17523
-1000.56
1.19207
-2.33659
-1000.98
0.621494
-2.45119
-1001.28
-2.50874
-1001.44
1.79356
-1.68372
-999.494
1.50192
-1.83567
-999.943
1.07756
-1.96521
-1000.31
0.560829
-2.05621
-1000.57
-2.10194
-1000.71
1.64242
-1.22123
-999.032
1.3737
-1.32641
-999.429
0.986778
-1.41646
-999.755
0.512569
-1.47896
-999.988
-1.5105
-1000.11
1.53789
-0.641006
-998.697
1.28467
-0.695072
-999.06
0.924324
-0.741602
-999.356
0.479222
-0.773292
-999.569
-0.789544
-999.678
1.47932
-998.516
1.23473
-998.861
0.88974
-999.14
0.460636
-999.343
-999.446
1.47826
-1.45187
-1000.03
1.24439
-1.57684
-1000.41
0.896081
-1.68309
-1000.74
0.468487
-1.75941
-1000.97
-1.79727
-1001.09
1.35366
-1.23173
-999.627
1.13861
-1.33337
-999.971
0.819794
-1.41959
-1000.26
0.428197
-1.48125
-1000.46
-1.51171
-1000.57
1.25254
-0.893519
-999.289
1.05298
-0.964702
-999.598
0.758285
-1.02511
-999.855
0.395716
-1.06809
-1000.04
-1.08926
-1000.14
1.18171
-0.469493
-999.045
0.992987
-0.506172
-999.33
0.715368
-0.537314
-999.566
0.373062
-0.559315
-999.735
-0.570186
-999.824
1.1417
-998.912
0.959125
-999.184
0.69127
-999.409
0.36034
-999.571
-999.656
1.09914
-1.06193
-1000.02
0.927849
-1.14421
-1000.31
0.669909
-1.21407
-1000.55
0.350932
-1.26452
-1000.73
-1.28931
-1000.82
1.01706
-0.901438
-999.726
0.858186
-0.968958
-999.988
0.619448
-1.0262
-1000.21
0.324276
-1.06743
-1000.36
-1.08758
-1000.45
0.949836
-0.654134
-999.479
0.801226
-0.701794
-999.717
0.578282
-0.742166
-999.916
0.302565
-0.771169
-1000.06
-0.7853
-1000.13
0.902339
-0.343929
-999.3
0.761013
-0.368552
-999.522
0.549289
-0.389389
-999.707
0.287286
-0.404318
-999.84
-0.411579
-999.911
0.875219
-999.203
0.738087
-999.416
0.532799
-999.593
0.27862
-999.721
-999.789
0.815367
-0.777129
-1000.01
0.689695
-0.831134
-1000.23
0.498863
-0.876987
-1000.41
0.261691
-0.910172
-1000.54
-0.926319
-1000.61
0.761465
-0.659981
-999.799
0.643927
-0.704635
-999.997
0.46564
-0.742483
-1000.16
0.244129
-0.769825
-1000.28
-0.783067
-1000.35
0.716972
-0.479095
-999.619
0.606216
-0.510781
-999.8
0.438314
-0.537624
-999.953
0.229703
-0.556991
-1000.06
-0.566338
-1000.12
0.685348
-0.252024
-999.488
0.579428
-0.268422
-999.658
0.418923
-0.282305
-999.802
0.219478
-0.292301
-999.905
-0.297108
-999.96
0.667084
-999.416
0.563973
-999.581
0.407759
-999.72
0.213618
-999.819
-999.873
0.603879
-0.568883
-1000.01
0.511494
-0.604317
-1000.17
0.370431
-0.634356
-1000.31
0.194531
-0.656098
-1000.4
-0.666572
-1000.46
0.568501
-0.483404
-999.853
0.481493
-0.512815
-1000
0.348648
-0.537737
-1000.13
0.182993
-0.555766
-1000.22
-0.564416
-1000.27
0.539176
-0.351048
-999.721
0.456639
-0.371987
-999.859
0.330608
-0.389743
-999.975
0.17345
-0.402577
-1000.06
-0.40871
-1000.1
0.518251
-0.184736
-999.625
0.438893
-0.195579
-999.755
0.317738
-0.204775
-999.865
0.166655
-0.211412
-999.945
-0.214579
-999.988
0.506022
-999.573
0.428523
-999.699
0.310231
-999.806
0.162703
-999.883
-999.925
0.446578
-0.416682
-1000.01
0.378684
-0.439833
-1000.13
0.27454
-0.45945
-1000.23
0.144309
-0.473671
-1000.3
-0.480462
-1000.34
0.423458
-0.354226
-999.892
0.359084
-0.373495
-1000
0.260283
-0.389849
-1000.1
0.136724
-0.401701
-1000.17
-0.407332
-1000.2
0.404235
-0.257304
-999.795
0.342762
-0.27107
-999.9
0.248411
-0.282763
-999.988
0.130422
-0.29123
-1000.05
-0.29524
-1000.09
0.390463
-0.135418
-999.725
0.33106
-0.142556
-999.824
0.239907
-0.148627
-999.909
0.125915
-0.153025
-999.969
-0.155114
-1000
0.3823
-999.687
0.324118
-999.784
0.234864
-999.865
0.123244
-999.925
-999.957
0.329883
-0.305347
-1000
0.280017
-0.320426
-1000.09
0.203207
-0.333222
-1000.17
0.106883
-0.342542
-1000.22
-0.346958
-1000.25
0.314822
-0.259636
-999.921
0.26723
-0.27222
-1000
0.193858
-0.282939
-1000.07
0.101877
-0.290732
-1000.13
-0.294399
-1000.15
0.302259
-0.188612
-999.85
0.256526
-0.197639
-999.929
0.186045
-0.205329
-999.995
0.0977095
-0.210913
-1000.04
-0.213531
-1000.07
0.293216
-0.0992595
-999.798
0.248823
-0.10396
-999.874
0.180428
-0.10797
-999.938
0.0947205
-0.110885
-999.984
-0.112255
-1000.01
0.287758
-999.77
0.244168
-999.844
0.177036
-999.906
0.0929185
-999.952
-999.976
0.243599
-0.223702
-1000
0.206906
-0.23361
-1000.07
0.150246
-0.242009
-1000.12
0.0790393
-0.248157
-1000.16
-0.251039
-1000.19
0.233704
-0.190273
-999.942
0.198514
-0.198532
-1000
0.144078
-0.205586
-1000.06
0.0757182
-0.210725
-1000.09
-0.213105
-1000.12
0.225452
-0.138251
-999.89
0.191467
-0.144186
-999.949
0.138921
-0.149253
-999.999
0.0729652
-0.152934
-1000.04
-0.15463
-1000.05
0.219498
-0.0727656
-999.852
0.186388
-0.0758699
-999.909
0.135213
-0.0785182
-999.957
0.0709923
-0.0804401
-999.992
-0.0813289
-1000.01
0.215833
-999.832
0.183265
-999.888
0.132938
-999.935
0.0697842
-999.969
-999.988
0.179727
-0.163948
-1000
0.152728
-0.170482
-1000.05
0.110932
-0.176015
-1000.09
0.058336
-0.180073
-1000.12
-0.181931
-1000.14
0.173204
-0.139468
-999.958
0.147201
-0.144903
-1000
0.106859
-0.149556
-1000.04
0.056153
-0.152937
-1000.07
-0.15446
-1000.09
0.167772
-0.101357
-999.92
0.14255
-0.105264
-999.964
0.103463
-0.108598
-1000
0.0543533
-0.111011
-1000.03
-0.112099
-1000.04
0.163848
-0.0533592
-999.892
0.139205
-0.0554114
-999.935
0.101029
-0.0571484
-999.971
0.0530599
-0.0584039
-999.997
-0.0589777
-1000.01
0.161383
-999.877
0.137119
-999.919
0.0995129
-999.955
0.0522505
-999.98
-999.994
0.132378
-0.120337
-1000
0.112543
-0.124594
-1000.04
0.0817489
-0.12819
-1000.07
0.0429775
-0.130816
-1000.09
-0.131967
-1000.1
0.128131
-0.10234
-999.969
0.108951
-0.105875
-1000
0.0791106
-0.108911
-1000.03
0.0415859
-0.111105
-1000.05
-0.112064
-1000.06
0.124598
-0.0743584
-999.941
0.105914
-0.0769089
-999.974
0.0769044
-0.0790817
-1000
0.0404228
-0.0806488
-1000.02
-0.0813453
-1000.03
0.122034
-0.0391416
-999.921
0.103732
-0.0404903
-999.953
0.0753203
-0.0416193
-999.98
0.0395753
-0.0424359
-1000
-0.0428072
-1000.01
0.120383
-999.91
0.102347
-999.941
0.0743119
-999.968
0.0390303
-999.988
-999.998
0.0974404
-0.0883956
-1000
0.0828425
-0.0911457
-1000.03
0.0601708
-0.0934406
-1000.05
0.0316472
-0.0951014
-1000.07
-0.0957974
-1000.08
0.0947052
-0.0751562
-999.977
0.0805471
-0.0774328
-1000
0.058499
-0.0793863
-1000.02
0.0307726
-0.0807918
-1000.04
-0.0813927
-1000.05
0.0924314
-0.0545775
-999.957
0.0785924
-0.0562348
-999.982
0.0570846
-0.0576397
-1000
0.0300215
-0.0586526
-1000.02
-0.0590971
-1000.03
0.0907638
-0.0287153
-999.942
0.0771793
-0.0296022
-999.966
0.0560592
-0.0303354
-999.986
0.0294653
-0.0308666
-1000
-0.0311068
-1000.01
0.0896557
-999.934
0.0762574
-999.958
0.0553871
-999.978
0.0290969
-999.992
-1000
0.0716696
-0.0650195
-1000
0.0609588
-0.0667362
-1000.02
0.0442768
-0.0681808
-1000.04
0.0233025
-0.0692275
-1000.05
-0.0696556
-1000.06
0.0699732
-0.0552307
-999.983
0.0595121
-0.0566867
-1000
0.0432209
-0.057936
-1000.02
0.0227416
-0.0588335
-1000.03
-0.0592061
-1000.04
0.0685208
-0.0400796
-999.969
0.0582607
-0.0411628
-999.987
0.0423177
-0.0420711
-1000
0.0222577
-0.0427226
-1000.01
-0.0430013
-1000.02
0.0674307
-0.0210812
-999.958
0.0573452
-0.0216691
-999.976
0.0416575
-0.0221453
-999.991
0.021896
-0.0224895
-1000
-0.0226437
-1000.01
0.0666803
-999.952
0.0567303
-999.969
0.04121
-999.984
0.0216471
-999.995
-1000
0.0525773
-0.0479887
-1000
0.04479
-0.0489783
-1000.02
0.0325398
-0.0498589
-1000.03
0.0171207
-0.0505074
-1000.04
-0.0507629
-1000.04
0.0516056
-0.0406716
-999.988
0.0439067
-0.0415779
-1000
0.031885
-0.0423624
-1000.01
0.0167669
-0.0429253
-1000.02
-0.0431443
-1000.03
0.050702
-0.0295011
-999.977
0.0431198
-0.0301932
-999.991
0.0313187
-0.0307695
-1000
0.0164653
-0.0311804
-1000.01
-0.0313477
-1000.02
0.0500049
-0.0155298
-999.969
0.0425376
-0.0159016
-999.982
0.0309015
-0.0162018
-999.994
0.0162358
-0.0164216
-1000
-0.0165168
-1000.01
0.0495132
-999.965
0.0421351
-999.978
0.0306061
-999.989
0.0160703
-999.997
-1000
0.0385697
-0.0353759
-1000
0.032877
-0.0359937
-1000.01
0.023866
-0.0365291
-1000.02
0.0125374
-0.0369124
-1000.03
-0.0370401
-1000.03
0.0379974
-0.029977
-999.992
0.0323356
-0.0305516
-1000
0.0234779
-0.0310298
-1000.01
0.0123362
-0.0313686
-1000.02
-0.031486
-1000.02
0.037431
-0.0217809
-999.983
0.0318544
-0.0221983
-999.993
0.0231374
-0.0225462
-1000
0.0121576
-0.0227971
-1000.01
-0.022891
-1000.01
0.0370126
-0.0114898
-999.978
0.0315004
-0.0116957
-999.987
0.0228817
-0.0118752
-999.996
0.0120167
-0.0120122
-1000
-0.0120644
-1000.01
0.0367198
-999.974
0.0312448
-999.984
0.0226895
-999.992
0.0119118
-999.998
-1000
0.0284381
-0.0259065
-1000
0.0241867
-0.0263803
-1000.01
0.0175123
-0.0267412
-1000.02
0.00918775
-0.0269669
-1000.02
-0.0270165
-1000.02
0.0280226
-0.0220314
-999.994
0.0238194
-0.022434
-1000
0.0172817
-0.0227336
-1000.01
0.00908216
-0.0229375
-1000.01
-0.0229995
-1000.02
0.0276328
-0.0160703
-999.988
0.0235164
-0.0163221
-999.995
0.0170774
-0.0165315
-1000
0.00897431
-0.016685
-1000.01
-0.0167348
-1000.01
0.0273845
-0.00849014
-999.984
0.0233004
-0.00859813
-999.991
0.0169203
-0.00870682
-999.997
0.00888882
-0.00879076
-1000
-0.0088143
-1000
0.0272152
-999.981
0.0231353
-999.989
0.016796
-999.995
0.00882583
-999.999
-1000
0.0209718
-0.0189889
-1000
0.0178269
-0.0192968
-1000.01
0.0128946
-0.0195472
-1000.01
0.00677671
-0.0196927
-1000.01
-0.0197199
-1000.02
0.020705
-0.016157
-999.996
0.0175791
-0.0164374
-1000
0.0127465
-0.0166439
-1000.01
0.00670764
-0.0167805
-1000.01
-0.0168215
-1000.01
0.0204312
-0.0118003
-999.991
0.0173694
-0.0119728
-999.997
0.0126088
-0.0121166
-1000
0.00663224
-0.0122191
-1000
-0.012247
-1000.01
0.0202616
-0.00622895
-999.988
0.0172204
-0.00630504
-999.994
0.0125034
-0.00637963
-999.998
0.0065776
-0.00643234
-1000
-0.00644092
-1000
0.020141
-999.986
0.0171051
-999.992
0.0124214
-999.996
0.00653938
-1000
-1000
0.0153767
-0.0140188
-1000
0.0131164
-0.0141662
-1000
0.00952787
-0.0143201
-1000.01
0.00502772
-0.0144263
-1000.01
-0.0144612
-1000.01
0.0152772
-0.0118769
-999.997
0.0129832
-0.0120467
-1000
0.00942363
-0.0121982
-1000
0.0049636
-0.012303
-1000.01
-0.0123362
-1000.01
0.0151008
-0.0086403
-999.994
0.0128283
-0.00877273
-999.998
0.00931573
-0.00888588
-1000
0.00490447
-0.00896239
-1000
-0.00897966
-1000.01
0.0149661
-0.00455633
-999.991
0.0127137
-0.0046233
-999.995
0.0092373
-0.00467784
-999.999
0.00486736
-0.00471207
-1000
-0.00471394
-1000
0.0148642
-999.99
0.0126309
-999.994
0.00918161
-999.998
0.00484307
-1000
-1000
0.0113126
-0.010318
-1000
0.00966965
-0.0104245
-1000
0.00705489
-0.0105358
-1000.01
0.00372872
-0.010626
-1000.01
-0.0106666
-1000.01
0.0112661
-0.00874297
-999.998
0.00958533
-0.00886062
-1000
0.00697057
-0.00897188
-1000
0.0036678
-0.00905557
-1000.01
-0.00907918
-1000.01
0.0111448
-0.00634957
-999.996
0.00946886
-0.00645011
-999.999
0.00688347
-0.00653555
-1000
0.00362416
-0.00659242
-1000
-0.00660078
-1000
0.0110405
-0.00335752
-999.994
0.0093843
-0.00340413
-999.997
0.00682574
-0.00343856
-999.999
0.00360103
-0.00345943
-1000
-0.00345627
-1000
0.0109656
-999.993
0.00933
-999.996
0.00678895
-999.998
0.00358682
-1000
-1000
0.00842167
-0.00752216
-1000
0.00716197
-0.00766263
-1000
0.00522601
-0.00776292
-1000
0.00275401
-0.00784221
-1000.01
-0.00787538
-1000.01
0.00833895
-0.00644291
-999.999
0.00707773
-0.00654289
-1000
0.00514954
-0.00662222
-1000
0.00270484
-0.00668458
-1000
-0.00669535
-1000
0.00824206
-0.00470529
-999.997
0.00699542
-0.00477017
-999.999
0.00508672
-0.00482275
-1000
0.00267934
-0.00485909
-1000
-0.00485798
-1000
0.00817596
-0.00249512
-999.996
0.00694191
-0.00251384
-999.998
0.00504977
-0.00252942
-1000
0.00266891
-0.00253994
-1000
-0.00253295
-1000
0.00813689
-999.995
0.00691087
-999.997
0.00502775
-999.999
0.00266222
-1000
-1000
0.00621222
-0.00556016
-1000
0.00528704
-0.00564895
-1000
0.00386092
-0.00571462
-1000
0.00203076
-0.00577134
-1000
-0.00578723
-1000.01
0.00617898
-0.00477956
-999.999
0.00523104
-0.00484208
-1000
0.0038018
-0.00489098
-1000
0.00200074
-0.00493177
-1000
-0.00493212
-1000
0.00612739
-0.00350249
-999.998
0.0051822
-0.00353608
-999.999
0.00376505
-0.0035596
-1000
0.0019902
-0.00357867
-1000
-0.00357187
-1000
0.00609789
-0.00184838
-999.997
0.00515359
-0.00185158
-999.998
0.00374528
-0.00185588
-1000
0.00198652
-0.00186048
-1000
-0.00185284
-1000
0.00608411
-999.996
0.00513637
-999.998
0.00373313
-999.999
0.00198253
-1000
-1000
0.00451825
-0.00419248
-1000
0.00389438
-0.00418005
-1000
0.00285491
-0.00421278
-1000
0.0015091
-0.00424003
-1000
-0.00423993
-1000
0.0045544
-0.00356471
-999.999
0.00388643
-0.00357963
-1000
0.00282219
-0.00360677
-1000
0.00149632
-0.00363266
-1000
-0.00363097
-1000
0.00456163
-0.00259772
-999.998
0.00385487
-0.00261359
-1000
0.00280136
-0.00262284
-1000
0.00149066
-0.00263324
-1000
-0.0026285
-1000
0.00455624
-0.00135754
-999.998
0.00383799
-0.00136174
-999.999
0.00279077
-0.00136224
-1000
0.00148664
-0.00136405
-1000
-0.00135843
-1000
0.00454716
-999.997
0.00382709
-999.999
0.00278335
-1000
0.00148413
-1000
-1000
0.00343802
-0.00307626
-1000
0.00292852
-0.00308021
-1000
0.0021509
-0.00312299
-1000
0.00114547
-0.00314255
-1000
-0.00314022
-1000
0.00340401
-0.00263765
-1000
0.00293071
-0.00264514
-1000
0.00213512
-0.00267267
-1000
0.00114343
-0.00269214
-1000
-0.00269607
-1000
0.00340359
-0.00191581
-999.999
0.00289383
-0.00193185
-1000
0.00211335
-0.00194251
-1000
0.00113268
-0.00195122
-1000
-0.00195188
-1000
0.00339775
-0.00100977
-999.998
0.00288247
-0.00101139
-999.999
0.00210382
-0.00101023
-1000
0.00112681
-0.00101045
-1000
-0.0010064
-1000
0.00338935
-999.998
0.00287595
-999.999
0.00209901
-1000
0.00112535
-1000
-1000
0.0027744
-0.00217609
-1000
0.00229924
-0.00229137
-1000
0.00168941
-0.00235827
-1000
0.000906631
-0.00238792
-1000
-0.00239613
-1000
0.00264344
-0.00194668
-1000
0.00227257
-0.00198571
-1000
0.00167086
-0.00202315
-1000
0.000899735
-0.00204201
-1000
-0.00205018
-1000
0.00259795
-0.00143227
-999.999
0.00223125
-0.00145113
-1000
0.00164147
-0.0014674
-1000
0.000884697
-0.00147605
-1000
-0.00147892
-1000
0.00258316
-0.000768332
-999.999
0.00222097
-0.000764913
-1000
0.00163248
-0.000763532
-1000
0.000878918
-0.000762676
-1000
-0.00075961
-1000
0.00258302
-999.999
0.00221713
-999.999
0.00162881
-1000
0.00087742
-1000
-1000
0.00225902
-0.00164939
-1000
0.00188768
-0.00178101
-1000
0.00140094
-0.00184825
-1000
0.000751641
-0.0018922
-1000
-0.00191019
-1000
0.00215125
-0.00149708
-1000
0.00185162
-0.00155294
-1000
0.00137377
-0.00159076
-1000
0.000737438
-0.00161048
-1000
-0.0016187
-1000
0.00209975
-0.00110685
-1000
0.00181536
-0.00112552
-1000
0.0013423
-0.0011441
-1000
0.000723786
-0.00115316
-1000
-0.00115759
-1000
0.00207922
-0.000589186
-999.999
0.00180271
-0.000587268
-1000
0.00133132
-0.000589238
-1000
0.00071894
-0.000590542
-1000
-0.000592546
-1000
0.00207935
-999.999
0.00179532
-1000
0.00132436
-1000
0.000714057
-1000
-1000
0.00186743
-0.00144789
-1000
0.00162597
-0.00148789
-1000
0.00122249
-0.00152629
-1000
0.000650362
-0.00157148
-1000
-0.0015923
-1000
0.00185323
-0.00122765
-1000
0.00159497
-0.00128219
-1000
0.00118802
-0.00131188
-1000
0.000635736
-0.00133068
-1000
-0.00133765
-1000
0.00182582
-0.0008845
-1000
0.00157121
-0.000909575
-1000
0.00116095
-0.000929372
-1000
0.000623294
-0.000941632
-1000
-0.000949005
-1000
0.00179583
-0.000450391
-1000
0.00155298
-0.000458735
-1000
0.00114622
-0.000469263
-1000
0.000615914
-0.000479569
-1000
-0.000488388
-1000
0.00178334
-1000
0.00153911
-1000
0.00113257
-1000
0.000604384
-1000
-1000
0.00161821
-0.00139693
0.00149494
-0.00136878
0.00112814
-0.00137219
0.000591793
-0.00141357
-0.00143417
0.00170554
-0.00108113
0.00146692
-0.00115212
0.00109207
-0.00117034
0.000580675
-0.00118625
-0.00119108
0.00171007
-0.000757844
0.00145441
-0.000801912
0.00106859
-0.000823444
0.000568558
-0.00083943
-0.000849989
0.00167178
-0.000371759
0.00143027
-0.000394093
0.00105021
-0.00041243
0.000556678
-0.000430028
-0.000443303
0.00164843
0.0014109
0.00103171
0.000542572
)
;

boundaryField
{
    inlet
    {
        type            calculated;
        value           nonuniform List<scalar> 
25
(
-1000
-1000
-1000
-1000
-1000
-1000
-1000
-1000
-1000
-1000
-1000
-1000
-1000
-1000
-1000
-1000
-1000
-1000
-1000
-1000
-1000
-1000
-1000
-1000
-1000
)
;
    }
    outlet
    {
        type            calculated;
        value           nonuniform List<scalar> 
25
(
1000
999.999
999.999
999.999
999.999
1000
999.999
999.999
999.999
999.999
1000
999.999
999.999
999.999
999.999
1000
1000
999.999
999.999
999.999
1000
1000
999.999
999.999
999.999
)
;
    }
    repeat_boundary
    {
        type            calculated;
        value           uniform 0;
    }
    procBoundary3to1
    {
        type            processor;
        value           nonuniform List<scalar> 
450
(
-0.000224205
-0.000227253
-0.000224889
-0.000224786
-0.000222103
-0.000598046
-0.000596986
-0.000598051
-0.000598655
-0.000590245
-0.0010748
-0.00104249
-0.00104375
-0.0010391
-0.0010313
-0.00175175
-0.00162164
-0.00159917
-0.00158207
-0.00157691
-0.00263564
-0.00238798
-0.00232765
-0.00229641
-0.00229246
-0.00359579
-0.0033812
-0.00331047
-0.0032701
-0.00325914
-0.00473529
-0.00467414
-0.00462667
-0.0045922
-0.00457564
-0.00632872
-0.0063904
-0.00639133
-0.00637734
-0.00636116
-0.00867417
-0.00874874
-0.00879008
-0.00879038
-0.00877755
-0.0119849
-0.0120389
-0.0120692
-0.0120659
-0.0120515
-0.0164707
-0.0165217
-0.0165283
-0.0165164
-0.0164906
-0.0224527
-0.0225589
-0.0225655
-0.0225522
-0.0225072
-0.0305855
-0.0307214
-0.0307416
-0.0307314
-0.0306628
-0.0417245
-0.0418234
-0.041838
-0.041826
-0.0417296
-0.0568334
-0.0569094
-0.056908
-0.0568899
-0.05676
-0.077265
-0.0773762
-0.0773746
-0.0773522
-0.0771774
-0.105048
-0.105178
-0.105181
-0.105153
-0.104914
-0.142927
-0.14299
-0.142973
-0.142933
-0.142604
-0.194457
-0.194414
-0.194348
-0.194285
-0.193839
-0.264385
-0.264302
-0.264187
-0.264093
-0.263487
-0.359266
-0.359225
-0.359096
-0.358967
-0.358137
-0.48825
-0.488188
-0.48804
-0.487867
-0.486723
-0.663708
-0.663453
-0.6632
-0.662945
-0.661367
-0.901974
-0.901466
-0.901014
-0.900618
-0.898423
-1.22492
-1.22425
-1.22351
-1.22291
-1.21979
-1.66204
-1.6613
-1.65996
-1.65915
-1.6545
-2.25178
-2.25161
-2.24842
-2.2477
-2.24004
-3.04105
-3.04553
-3.03527
-3.03658
-3.02148
-4.0771
-4.10597
-4.06625
-4.07795
-4.0402
-5.36992
-5.50449
-5.3459
-5.40666
-5.29971
-6.79595
-7.32795
-6.7742
-7.05922
-6.76358
-8.02809
-9.71283
-8.16119
-9.12645
-8.38997
-8.44812
-12.8004
-9.18759
-11.6531
-10.0359
-6.64534
-16.4845
-9.22852
-14.4375
-11.3302
0.751577
-20.053
-6.90005
-16.9155
-11.475
19.415
-21.4178
0.647943
-17.4869
-8.63009
115.013
-7.18777
25.1195
-16.6755
-16.418
114.001
-23.0263
47.1957
1.38706
38.2909
909.138
263.179
201.471
100.332
-78.9875
-829.746
-447.393
25.0656
-100.457
247.191
39.6577
148.782
23.4859
5.70452
-113.542
421.786
121.116
-188.013
7.66252
43.8121
-1660.95
-229.895
-79.714
45.8567
51.778
-520.179
-60.495
14.4562
-47.6997
-382.917
13.0657
22.3306
105.11
-689.689
-238.144
-320.69
-312.678
5.44001
-800.445
-156.018
21.1117
-53.253
271.114
64.7965
18.4692
44.2822
375.244
59.4486
116.856
567.481
-805.769
-164.909
-62.8777
-242.948
42.7916
-551.123
168.636
-3.7525
-403.365
496.725
191.874
-1.3228
-19.4972
49.8822
270.558
54.4248
14.8985
9.00721
-9.79653
-81.2046
-196.114
-104.296
58.2346
191.388
237.235
33.7272
-73.4757
202.162
243.361
-20.0788
6.19634
6.59535
72.0289
97.7969
87.1655
30.0614
17.6842
62.9961
65.2
48.0661
24.1724
19.5671
41.3375
41.9429
42.1028
18.5949
17.2664
28.4595
28.7038
30.4341
13.6555
14.0385
19.7761
20.0923
21.4839
9.93627
10.9492
13.8158
14.233
15.0851
7.28362
8.26253
9.67994
10.1668
10.6257
5.3552
6.07825
6.83558
7.24896
7.5074
3.92177
4.4133
4.86335
5.1578
5.31691
2.86663
3.19142
3.47456
3.67218
3.77391
2.0947
2.30711
2.48917
2.61927
2.68496
1.53121
1.66945
1.78737
1.8724
1.91486
1.11971
1.20959
1.28615
1.34156
1.36896
0.819008
0.877443
0.927252
0.963354
0.981002
0.599632
0.637412
0.669765
0.69326
0.704595
0.439239
0.463667
0.484653
0.499917
0.507181
0.321662
0.337565
0.351227
0.36116
0.365818
0.235813
0.246055
0.25492
0.261381
0.264361
0.172954
0.179577
0.185325
0.189518
0.191412
0.126681
0.131107
0.134893
0.137634
0.138839
0.0929367
0.0958443
0.0983058
0.100087
0.100852
0.0682312
0.070192
0.0717589
0.0728866
0.0733573
0.0497915
0.0513258
0.0524031
0.0531368
0.053427
0.0363494
0.0374802
0.0382523
0.0387579
0.0389489
0.0269139
0.027525
0.0279826
0.0283049
0.028426
0.0198628
0.0203034
0.0205435
0.0207255
0.0207887
0.0142526
0.0148607
0.0150745
0.0152054
0.0152409
0.0102218
0.0108072
0.0110341
0.0111594
0.0111943
0.00770009
0.00795858
0.00810736
0.00820205
0.00823543
0.00589265
0.00594377
0.00600268
0.00605286
0.00607393
0.00426241
0.00439168
0.00443848
0.00448357
0.00449512
0.00298894
0.00320041
0.00327427
0.00333601
0.00334698
0.00229389
0.00240395
0.00245818
0.00251995
0.00252975
0.00196671
0.00192836
0.00193256
0.00197235
0.00197272
0.00170533
0.001615
0.0016051
0.00162055
0.00160828
0.00146384
0.00139448
0.00141884
0.00143295
0.00141866
)
;
    }
    procBoundary3to2
    {
        type            processor;
        value           nonuniform List<scalar> 
450
(
7.3502e-05
5.48833e-05
6.29178e-05
6.84951e-05
7.00988e-05
0.000233674
0.000179998
0.000166623
0.000182289
0.00018644
0.000421692
0.000342212
0.0003253
0.000337561
0.000341908
0.000590867
0.000511662
0.000529817
0.000546971
0.000554113
0.000765544
0.000725961
0.000788753
0.000818961
0.00083237
0.00103115
0.0010165
0.00111732
0.00115979
0.00118133
0.00155229
0.00147124
0.00155521
0.00159571
0.00161651
0.00230902
0.00210167
0.00214356
0.00217368
0.00218278
0.00306374
0.00291994
0.00292526
0.00294663
0.00294128
0.00389675
0.00395247
0.00395755
0.00397907
0.00396922
0.0052628
0.00533686
0.00534392
0.00536563
0.00535924
0.007282
0.00722852
0.00723224
0.00724645
0.00723819
0.00996401
0.00981877
0.00980244
0.00980366
0.00978328
0.0133981
0.0132893
0.0132721
0.0132704
0.013237
0.0180053
0.017959
0.0179604
0.0179685
0.017931
0.0243629
0.0243079
0.0243297
0.0243545
0.0243196
0.0330187
0.0329642
0.0330079
0.0330535
0.0330199
0.0447151
0.0447398
0.0448271
0.0449053
0.044872
0.0605702
0.0607195
0.0608967
0.0610414
0.0610218
0.0821684
0.0824102
0.0827323
0.0830063
0.0830309
0.11157
0.111886
0.112425
0.112922
0.113035
0.151308
0.151866
0.152802
0.153685
0.153969
0.204747
0.205925
0.207647
0.209247
0.209881
0.276673
0.278934
0.282116
0.285064
0.286401
0.373395
0.377483
0.383321
0.388765
0.391468
0.502693
0.510297
0.521187
0.531308
0.536684
0.674497
0.68947
0.710577
0.729838
0.740592
0.902543
0.934389
0.977729
1.01604
1.03816
1.20864
1.28216
1.37561
1.45364
1.49873
1.63089
1.79528
1.99019
2.13783
2.22149
2.2186
2.53862
2.92206
3.17289
3.31388
3.02817
3.60166
4.34287
4.72171
4.93208
4.17611
5.24064
6.59373
7.08264
7.29733
5.91243
8.40304
10.2329
10.8497
10.6233
8.68944
15.7544
16.2444
17.3792
14.9795
12.5245
31.7094
25.7514
28.7277
19.8807
25.5904
90.3015
48.5479
64.97
16.4032
49.2554
136.484
49.8919
46.0866
-2.247
163.2
670.043
203.412
363.288
-30.9842
-30.4683
-564.351
-87.487
-276.487
-213.253
-0.790962
357.479
-10.6763
29.8789
-104.05
-53.2327
807.6
44.3303
-198.492
-41.7466
-248.102
-235.437
-245.26
-178.108
224.15
-7.61606
-256.91
381.42
50.273
849.349
497.663
19.4054
-33.7491
-29.0925
808.036
279.237
-258.971
312.38
-10.719
213.786
-3.30803
140.807
468.274
-202.639
-229.512
354.344
-77.2614
-247.692
10.6938
-385.325
785.325
-79.1716
-5.5736
41.8935
-106.459
-21.3835
3.54597
-65.5688
281.315
85.588
-164.979
58.7649
11.2954
172.662
-48.2555
-373.402
37.6494
6.23016
-151.56
8.58263
27.0708
-115.44
-181.976
-167.225
-210.336
-266.016
-68.7853
12.4926
-154.785
-12.7559
-63.6836
-47.6881
-42.5525
-66.5293
-29.6618
-43.4258
-35.5892
-21.9272
-33.9737
-16.1362
-25.9619
-25.0626
-14.8356
-19.8794
-11.0509
-17.9878
-17.8164
-10.9365
-12.6998
-8.15291
-13.1585
-12.6106
-8.42268
-8.62975
-6.36059
-9.75894
-8.90363
-6.56854
-6.1926
-5.09586
-7.17639
-6.32376
-5.09507
-4.66425
-4.12108
-5.23458
-4.57877
-3.92193
-3.58484
-3.31937
-3.84833
-3.39812
-3.01042
-2.77054
-2.62152
-2.85288
-2.55147
-2.30389
-2.13861
-2.04332
-2.11879
-1.91884
-1.75606
-1.64383
-1.58039
-1.57208
-1.44038
-1.33272
-1.2573
-1.2146
-1.16491
-1.07846
-1.00736
-0.957059
-0.928318
-0.862272
-0.805614
-0.758743
-0.725368
-0.706069
-0.637282
-0.600429
-0.569664
-0.547635
-0.534725
-0.470562
-0.446642
-0.426511
-0.412035
-0.403423
-0.347428
-0.331824
-0.318626
-0.309115
-0.303366
-0.256186
-0.246129
-0.23753
-0.231303
-0.22747
-0.188773
-0.182281
-0.176704
-0.172646
-0.170107
-0.139251
-0.134928
-0.131257
-0.128594
-0.126912
-0.102574
-0.099752
-0.0973611
-0.0956145
-0.0944971
-0.075521
-0.0736262
-0.0720906
-0.0709659
-0.0702268
-0.055941
-0.0544295
-0.0533485
-0.0525983
-0.0520987
-0.0413936
-0.0402819
-0.0394895
-0.0389591
-0.0386043
-0.0302195
-0.029646
-0.0291708
-0.0288232
-0.0285765
-0.0221677
-0.0217454
-0.0214882
-0.0212847
-0.0211277
-0.0166718
-0.0160919
-0.0158644
-0.0157176
-0.0156149
-0.0125418
-0.0120023
-0.0117724
-0.0116402
-0.0115602
-0.00907475
-0.00885694
-0.00873457
-0.00864341
-0.00858171
-0.0064904
-0.00646692
-0.0064622
-0.00642288
-0.00638386
-0.00492241
-0.00480785
-0.00481292
-0.00478309
-0.00476287
-0.00388391
-0.0036793
-0.00365676
-0.00360882
-0.00359629
-0.00295606
-0.00283214
-0.00281958
-0.00277201
-0.00276407
-0.00220422
-0.00219637
-0.00221454
-0.00218897
-0.00218417
-0.00183301
-0.00180386
-0.00179725
-0.00179718
-0.0017955
-0.00171381
-0.00174397
-0.00161833
-0.00159955
-0.00159457
)
;
    }
}


// ************************************************************************* //
