/*--------------------------------*- C++ -*----------------------------------*\
| =========                 |                                                 |
| \\      /  F ield         | OpenFOAM: The Open Source CFD Toolbox           |
|  \\    /   O peration     | Version:  5.x                                   |
|   \\  /    A nd           | Web:      www.OpenFOAM.org                      |
|    \\/     M anipulation  |                                                 |
\*---------------------------------------------------------------------------*/
FoamFile
{
    version     2.0;
    format      ascii;
    class       surfaceScalarField;
    location    "80000";
    object      phi;
}
// * * * * * * * * * * * * * * * * * * * * * * * * * * * * * * * * * * * * * //

dimensions      [0 3 -1 0 0 0 0];

internalField   nonuniform List<scalar> 
5825
(
-1.08938e-05
7.9683e-05
-1000
-2.6715e-05
8.17918e-05
-1000
-4.01113e-05
8.00647e-05
-1000
-5.15554e-05
7.80732e-05
-1000
6.99168e-05
-1000
-6.77251e-06
0.000146933
-1000
-2.99172e-05
0.000145255
-1000
-4.54659e-05
0.000138349
-1000
-5.54815e-05
0.000125234
-1000
0.000118605
-1000
-9.45996e-06
0.000202326
-1000
-4.0443e-05
0.000199586
-1000
-5.99529e-05
0.000183952
-1000
-7.48344e-05
0.000166558
-1000
0.000146097
-1000
-1.24851e-05
0.000259307
-1000
-5.72658e-05
0.000245862
-1000
-7.76219e-05
0.000216173
-1000
-9.74428e-05
0.000196497
-1000
0.000168451
-1000
-2.01655e-05
-1000
-8.01055e-05
-1000
-9.53508e-05
-1000
-0.000108067
-1000
-1000
-3.42217e-05
0.000206134
-1000
-7.45796e-05
0.000210175
-1000
-0.000107693
0.000207198
-1000
-0.000131058
0.000201165
-1000
0.000189479
-1000
-2.91663e-05
0.000389507
-1000
-8.22641e-05
0.000384807
-1000
-0.000117524
0.000365795
-1000
-0.000142762
0.000334571
-1000
0.000319555
-1000
-3.55258e-05
0.000537993
-1000
-0.000107927
0.000527698
-1000
-0.000149533
0.000488623
-1000
-0.000191024
0.000448984
-1000
0.000400877
-1000
-4.72992e-05
0.000664027
-1000
-0.000149845
0.000622851
-1000
-0.000190739
0.000561015
-1000
-0.000245443
0.000527589
-1000
0.000460349
-1000
-7.71155e-05
-1000
-0.000198743
-1000
-0.00022566
-1000
-0.000241085
-1000
-1000
-7.56107e-05
0.000338929
-1000
-0.000145676
0.000344691
-1000
-0.000201656
0.000342499
-1000
-0.000244639
0.000336517
-1000
0.000327031
-1000
-7.32539e-05
0.000650823
-1000
-0.000151916
0.000645939
-1000
-0.000212488
0.000621073
-1000
-0.000262108
0.000590724
-1000
0.000565226
-1000
-8.07082e-05
0.000892076
-1000
-0.000177525
0.000875992
-1000
-0.000241745
0.000835259
-1000
-0.000282394
0.000798198
-1000
0.000749978
-1000
-9.99735e-05
0.00103906
-1000
-0.000218344
0.000997046
-1000
-0.000275631
0.000952642
-1000
-0.000317103
0.000922604
-1000
0.000882191
-1000
-0.000146569
-1000
-0.000276231
-1000
-0.000322366
-1000
-0.000341204
-1000
-1000
-0.000131843
0.000500102
-1000
-0.000242832
0.000505656
-1000
-0.000344224
0.000506381
-1000
-0.00042821
0.000500211
-1000
0.000492452
-1000
-0.000129341
0.000952641
-1000
-0.000246714
0.000947769
-1000
-0.000355464
0.000929271
-1000
-0.000445298
0.000905894
-1000
0.00089229
-1000
-0.000134229
0.00128921
-1000
-0.000266961
0.00127234
-1000
-0.000372614
0.00125098
-1000
-0.00045665
0.00123243
-1000
0.00120205
-1000
-0.000152807
0.00145854
-1000
-0.000291969
0.00143656
-1000
-0.000383377
0.00142893
-1000
-0.000468683
0.00143556
-1000
0.00138225
-1000
-0.000186016
-1000
-0.000307025
-1000
-0.000390967
-1000
-0.000438233
-1000
-1000
-0.000198149
0.000717927
-1000
-0.0003861
0.000719683
-1000
-0.000556814
0.000721747
-1000
-0.000699406
0.000712135
-1000
0.00070424
-1000
-0.000196114
0.00133763
-1000
-0.000390988
0.00133208
-1000
-0.000568401
0.00132266
-1000
-0.000714705
0.00131085
-1000
0.00131622
-1000
-0.000199747
0.00179463
-1000
-0.00040189
0.00177978
-1000
-0.000573527
0.00178066
-1000
-0.000711653
0.00178374
-1000
0.00179393
-1000
-0.000215463
0.00202605
-1000
-0.00040493
0.0020222
-1000
-0.000562444
0.002049
-1000
-0.000696199
0.00208131
-1000
0.00206159
-1000
-0.000227353
-1000
-0.000384122
-1000
-0.000516611
-1000
-0.000629668
-1000
-1000
-0.000274344
0.00102117
-1000
-0.000589397
0.00101374
-1000
-0.000851217
0.00100899
-1000
-0.00105566
0.000995749
-1000
0.000987693
-1000
-0.000282197
0.00185596
-1000
-0.000599115
0.00184729
-1000
-0.000866491
0.00184294
-1000
-0.00106697
0.00184182
-1000
0.00185821
-1000
-0.000292256
0.00248988
-1000
-0.000604182
0.00247711
-1000
-0.00086382
0.00248998
-1000
-0.00105355
0.00250563
-1000
0.00254086
-1000
-0.000307967
0.00284575
-1000
-0.000592754
0.00285265
-1000
-0.000841529
0.00289214
-1000
-0.00102756
0.0029319
-1000
0.00291867
-1000
-0.000310378
-1000
-0.0005617
-1000
-0.00077972
-1000
-0.000969283
-1000
-1000
-0.000385043
0.00142793
-1000
-0.00086151
0.0014051
-1000
-0.00122762
0.00139389
-1000
-0.00147316
0.00138089
-1000.01
0.00137229
-1000.01
-0.000409907
0.00256846
-1000
-0.0008778
0.00255506
-1000
-0.00124468
0.00255361
-1000
-0.00148551
0.00255717
-1000
0.00256561
-1000.01
-0.000426838
0.00347337
-1000
-0.000880364
0.00346399
-1000
-0.00124081
0.00347881
-1000
-0.00147671
0.00349244
-1000
0.00350272
-1000
-0.000441296
0.00403912
-1000
-0.000865884
0.00405256
-1000
-0.00122105
0.00408144
-1000
-0.00145865
0.00410762
-1000
0.0040929
-1000
-0.000442752
-999.999
-0.000848163
-1000
-0.00119121
-1000
-0.0014361
-1000
-1000
-0.000553872
0.00196174
-1000.01
-0.00121349
0.00192903
-1000.01
-0.00169679
0.00191609
-1000.01
-0.00197813
0.00190372
-1000.01
0.00188527
-1000.01
-0.00059164
0.00355633
-1000
-0.00123229
0.00354402
-1000.01
-0.00171325
0.00354432
-1000.01
-0.0020027
0.00354221
-1000.01
0.00352879
-1000.01
-0.000610513
0.00486252
-1000
-0.00123394
0.00486322
-1000
-0.00171561
0.00487223
-1000
-0.00201518
0.00487128
-1000
0.00483705
-1000.01
-0.000619864
0.0057372
-1000
-0.00122723
0.00575465
-1000
-0.0017144
0.00575918
-1000
-0.00202329
0.00575562
-1000
0.00570801
-1000
-0.000616759
-999.999
-0.00122752
-999.999
-0.00172334
-1000
-0.00202156
-1000
-1000
-0.000796217
0.00267157
-1000.01
-0.00166533
0.00264008
-1000.01
-0.00230274
0.00262838
-1000.01
-0.00266966
0.00261274
-1000.01
0.00258091
-1000.01
-0.000837631
0.0049256
-1000.01
-0.00168398
0.00492156
-1000.01
-0.00232274
0.0049209
-1000.01
-0.00271042
0.00490862
-1000.01
0.00488562
-1000.01
-0.000852311
0.00678689
-1000
-0.00168678
0.00680009
-1000.01
-0.00233262
0.00679955
-1000.01
-0.00273365
0.00678318
-1000.01
0.00673929
-1000.01
-0.00085507
0.00805213
-1000
-0.00169356
0.00806929
-1000
-0.00234986
0.00805252
-1000
-0.0027601
0.00802227
-1000
0.00794608
-1000
-0.000854542
-999.999
-0.00170712
-999.999
-0.00236727
-1000
-0.00274617
-1000
-1000
-0.00112374
0.00363626
-1000.01
-0.00225349
0.00361554
-1000.01
-0.00311208
0.00360452
-1000.01
-0.00364097
0.00358629
-1000.01
0.00356331
-1000.01
-0.0011569
0.00680445
-1000.01
-0.00227311
0.00680908
-1000.01
-0.00313698
0.00680581
-1000.01
-0.00367543
0.0067923
-1000.01
0.00678545
-1000.01
-0.00116726
0.00939265
-1000.01
-0.00227848
0.00941164
-1000.01
-0.00314569
0.0094038
-1000.01
-0.00368386
0.00938335
-1000.01
0.00936506
-1000.01
-0.00117139
0.0111156
-1000
-0.00229408
0.011127
-1000
-0.0031652
0.0111062
-1000
-0.00371048
0.0110747
-1000.01
0.010991
-1000.01
-0.00118421
-999.999
-0.00231118
-999.999
-0.00315914
-1000
-0.00367314
-1000
-1000
-0.00154257
0.00496405
-1000.01
-0.00302903
0.00495584
-1000.01
-0.0041878
0.00494415
-1000.02
-0.00491622
0.00493257
-1000.02
0.00493805
-1000.02
-0.00156787
0.00935499
-1000.01
-0.00305141
0.00936394
-1000.01
-0.00420879
0.00935916
-1000.01
-0.00492363
0.00935398
-1000.02
0.00935947
-1000.02
-0.00158
0.0128888
-1000.01
-0.00305783
0.0129074
-1000.01
-0.00421016
0.0128984
-1000.01
-0.00491871
0.0128827
-1000.01
0.0128738
-1000.01
-0.00159158
0.0151788
-1000
-0.00307259
0.0151932
-1000
-0.00422509
0.0151823
-1000.01
-0.0049454
0.015161
-1000.01
0.0150967
-1000.01
-0.0016117
-999.998
-0.00308367
-999.999
-0.00421132
-1000
-0.00491691
-1000
-1000
-0.00208637
0.00678483
-1000.02
-0.00406691
0.00678305
-1000.02
-0.00561234
0.00677078
-1000.02
-0.00656164
0.00676903
-1000.02
0.00678042
-1000.03
-0.00211061
0.0128061
-1000.02
-0.00409138
0.0128181
-1000.02
-0.00562709
0.0128135
-1000.02
-0.00656575
0.0128112
-1000.02
0.0127997
-1000.02
-0.00212739
0.0176094
-1000.01
-0.00409753
0.0176329
-1000.01
-0.00562918
0.0176265
-1000.01
-0.00657714
0.0176125
-1000.02
0.0175771
-1000.02
-0.00214308
0.020691
-1000
-0.00410732
0.0207231
-1000.01
-0.00564571
0.0207191
-1000.01
-0.00661795
0.0206961
-1000.01
0.0206472
-1000.01
-0.00215868
-999.997
-0.00411412
-999.998
-0.00565642
-999.999
-0.00661601
-1000
-1000
-0.0028222
0.0092583
-1000.03
-0.00547651
0.00925851
-1000.03
-0.00754045
0.00924551
-1000.03
-0.00880912
0.00924275
-1000.03
0.00923097
-1000.03
-0.00285097
0.0174878
-1000.02
-0.00550411
0.0175087
-1000.02
-0.00756094
0.0175053
-1000.03
-0.00884232
0.0174987
-1000.03
0.0174726
-1000.03
-0.00286944
0.0240387
-1000.02
-0.00551036
0.0240769
-1000.02
-0.0075697
0.0240732
-1000.02
-0.00886944
0.0240602
-1000.02
0.0240179
-1000.02
-0.00288469
0.0282553
-1000.01
-0.00551751
0.0283036
-1000.01
-0.0075864
0.0282968
-1000.01
-0.00890794
0.0282715
-1000.01
0.0282077
-1000.02
-0.00289968
-999.996
-0.00552647
-999.997
-0.00760733
-999.999
-0.00893038
-1000
-1000
-0.00383934
0.0126059
-1000.03
-0.00740158
0.012612
-1000.04
-0.0101861
0.0126
-1000.04
-0.0119501
0.012592
-1000.04
0.0125769
-1000.05
-0.00387135
0.0238573
-1000.03
-0.00743207
0.0238962
-1000.03
-0.0102176
0.0238972
-1000.03
-0.0119946
0.0238965
-1000.04
0.0238949
-1000.04
-0.00388676
0.0328097
-1000.02
-0.00743553
0.0328689
-1000.02
-0.0102207
0.0328709
-1000.03
-0.0119994
0.0328728
-1000.03
0.0328639
-1000.03
-0.00390149
0.0385822
-1000.01
-0.00743837
0.0386443
-1000.01
-0.0102226
0.0386406
-1000.01
-0.012007
0.0386324
-1000.02
0.0385737
-1000.02
-0.00392402
-999.994
-0.00744209
-999.996
-0.0102262
-999.998
-0.012018
-1000
-1000.01
-0.00523338
0.017147
-1000.05
-0.0100125
0.0171701
-1000.05
-0.0137803
0.0171664
-1000.05
-0.0162109
0.0171651
-1000.06
0.0171787
-1000.06
-0.00526054
0.0325298
-1000.04
-0.0100404
0.0325951
-1000.04
-0.0138131
0.0326048
-1000.05
-0.0162369
0.0326191
-1000.05
0.0326499
-1000.06
-0.00527001
0.044754
-1000.03
-0.0100366
0.0448417
-1000.03
-0.0138009
0.0448535
-1000.03
-0.0162099
0.0448719
-1000.04
0.0448919
-1000.04
-0.00528385
0.0526158
-1000.01
-0.0100309
0.0527146
-1000.01
-0.0137859
0.0527273
-1000.02
-0.0161923
0.0527407
-1000.02
0.0527118
-1000.03
-0.00530157
-999.992
-0.0100189
-999.994
-0.0137666
-999.997
-0.0161806
-1000
-1000.01
-0.00711502
0.0233272
-1000.06
-0.0135339
0.0233782
-1000.07
-0.018621
0.0233875
-1000.07
-0.0218996
0.0233969
-1000.08
0.023421
-1000.09
-0.00713184
0.0443324
-1000.05
-0.0135574
0.0444303
-1000.06
-0.0186546
0.044444
-1000.06
-0.0219265
0.044459
-1000.07
0.0444822
-1000.08
-0.00713574
0.0610082
-1000.04
-0.013551
0.0611356
-1000.04
-0.0186421
0.0611495
-1000.05
-0.0219049
0.0611624
-1000.05
0.0611709
-1000.06
-0.00714561
0.0717195
-1000.01
-0.013544
0.07188
-1000.02
-0.0186319
0.071899
-1000.02
-0.0218959
0.0719082
-1000.03
0.0719074
-1000.04
-0.00714532
-999.988
-0.0135316
-999.991
-0.0186192
-999.996
-0.0218566
-1000
-1000.01
-0.00964893
0.0317444
-1000.09
-0.0183043
0.0318263
-1000.09
-0.0251752
0.0318414
-1000.1
-0.0295846
0.031848
-1000.1
0.0318554
-1000.12
-0.00965922
0.0603793
-1000.07
-0.0183344
0.0605126
-1000.08
-0.025227
0.0605168
-1000.08
-0.0296448
0.0605128
-1000.09
0.0605053
-1000.1
-0.00966255
0.0831175
-1000.05
-0.0183394
0.0832924
-1000.05
-0.0252344
0.0832909
-1000.06
-0.0296527
0.0832778
-1000.07
0.0832532
-1000.08
-0.00967247
0.0977483
-1000.02
-0.0183497
0.0979674
-1000.02
-0.0252491
0.0979627
-1000.03
-0.0296727
0.0979378
-1000.04
0.0979285
-1000.05
-0.0096715
-999.983
-0.0183666
-999.987
-0.025275
-999.994
-0.0296465
-1000
-1000.01
-0.0130857
0.0431923
-1000.12
-0.024815
0.043302
-1000.12
-0.0341155
0.0433119
-1000.13
-0.0400563
0.0433099
-1000.14
0.0433117
-1000.16
-0.0131007
0.0821711
-1000.1
-0.024867
0.0823432
-1000.1
-0.0341964
0.0823294
-1000.11
-0.0401459
0.0823044
-1000.13
0.0822762
-1000.14
-0.0131124
0.113154
-1000.07
-0.024893
0.113383
-1000.07
-0.0342256
0.113356
-1000.08
-0.040176
0.113314
-1000.1
0.113257
-1000.11
-0.013135
0.133137
-1000.03
-0.0249313
0.133408
-1000.03
-0.0342673
0.133366
-1000.04
-0.040226
0.133298
-1000.05
0.133239
-1000.07
-0.0131609
-999.977
-0.0249891
-999.982
-0.0343361
-999.992
-0.0402575
-1000
-1000.02
-0.0177791
0.0587343
-1000.16
-0.0337306
0.0588723
-1000.16
-0.0463359
0.058876
-1000.18
-0.054329
0.0588736
-1000.19
0.0588748
-1000.21
-0.0178098
0.111737
-1000.13
-0.0338108
0.111961
-1000.14
-0.0464452
0.111934
-1000.15
-0.0544511
0.111896
-1000.17
0.111853
-1000.19
-0.0178357
0.153921
-1000.09
-0.0338538
0.154219
-1000.1
-0.0464882
0.15417
-1000.11
-0.0544955
0.154102
-1000.13
0.154021
-1000.15
-0.0178784
0.181181
-1000.04
-0.0339174
0.181523
-1000.04
-0.0465536
0.181446
-1000.06
-0.0545671
0.18134
-1000.07
0.181237
-1000.09
-0.0179399
-999.969
-0.0340144
-999.976
-0.0466604
-999.988
-0.0546442
-1000.01
-1000.03
-0.0242102
0.0798069
-1000.21
-0.0459433
0.079985
-1000.22
-0.06305
0.0799932
-1000.24
-0.0738349
0.0799995
-1000.26
0.0799932
-1000.29
-0.0242609
0.151831
-1000.18
-0.0460481
0.152135
-1000.19
-0.063188
0.152115
-1000.21
-0.0740073
0.152081
-1000.23
0.15204
-1000.26
-0.0242947
0.209234
-1000.13
-0.0460891
0.209638
-1000.14
-0.0632263
0.209578
-1000.15
-0.0740462
0.209487
-1000.18
0.209389
-1000.2
-0.0243523
0.246416
-1000.05
-0.0461671
0.246864
-1000.06
-0.0633107
0.246745
-1000.08
-0.0741281
0.246575
-1000.1
0.246409
-1000.13
-0.0244506
-999.957
-0.0463146
-999.967
-0.0634812
-999.984
-0.0742711
-1000.01
-1000.04
-0.0330364
0.108349
-1000.29
-0.0626766
0.108596
-1000.3
-0.0859234
0.108637
-1000.32
-0.100519
0.108682
-1000.36
0.10872
-1000.39
-0.0330992
0.206176
-1000.25
-0.0627881
0.206617
-1000.26
-0.0860719
0.206644
-1000.28
-0.100704
0.206665
-1000.31
0.206686
-1000.35
-0.0331163
0.284272
-1000.17
-0.0627849
0.284842
-1000.18
-0.0860518
0.284798
-1000.21
-0.100677
0.284706
-1000.24
0.284596
-1000.28
-0.0331718
0.335013
-1000.07
-0.0628512
0.335615
-1000.08
-0.0861301
0.335441
-1000.1
-0.100759
0.335161
-1000.13
0.334826
-1000.17
-0.0333088
-999.942
-0.0630624
-999.955
-0.0864083
-999.979
-0.101069
-1000.01
-1000.05
-0.0451692
0.146968
-1000.39
-0.0856297
0.14734
-1000.41
-0.117232
0.147471
-1000.44
-0.136931
0.147633
-1000.48
0.14782
-1000.54
-0.0452156
0.279774
-1000.33
-0.085701
0.280438
-1000.35
-0.117327
0.28059
-1000.38
-0.137043
0.280763
-1000.43
0.28095
-1000.48
-0.0451679
0.386005
-1000.23
-0.0855746
0.386828
-1000.25
-0.117146
0.386851
-1000.28
-0.13684
0.386827
-1000.33
0.386784
-1000.38
-0.0451903
0.455314
-1000.09
-0.0855738
0.456139
-1000.11
-0.117143
0.455911
-1000.14
-0.136843
0.455526
-1000.18
0.455031
-1000.23
-0.0453661
-999.922
-0.0858466
-999.94
-0.117518
-999.972
-0.137305
-1000.02
-1000.07
-0.0618985
0.199132
-1000.53
-0.117214
0.199724
-1000.55
-0.160181
0.200052
-1000.6
-0.186673
0.200463
-1000.66
0.200926
-1000.73
-0.0618702
0.379277
-1000.45
-0.117153
0.380299
-1000.48
-0.160106
0.380712
-1000.52
-0.186601
0.381212
-1000.58
0.381772
-1000.65
-0.0616771
0.523739
-1000.31
-0.116762
0.524941
-1000.34
-0.159575
0.525139
-1000.38
-0.186
0.525347
-1000.44
0.525593
-1000.51
-0.0616137
0.618534
-1000.12
-0.116584
0.619665
-1000.15
-0.159317
0.619408
-1000.19
-0.185684
0.619012
-1000.25
0.618547
-1000.32
-0.0618366
-999.896
-0.116894
-999.92
-0.159689
-999.964
-0.186105
-1000.02
-1000.09
-0.0850984
0.269405
-1000.71
-0.160943
0.270366
-1000.75
-0.219406
0.271085
-1000.81
-0.254984
0.271994
-1000.89
0.273015
-1000.99
-0.0848921
0.513453
-1000.61
-0.160569
0.515053
-1000.64
-0.218928
0.516013
-1000.71
-0.254462
0.51723
-1000.79
0.518628
-1000.89
-0.0844019
0.709827
-1000.43
-0.159613
0.711625
-1000.46
-0.217635
0.712247
-1000.52
-0.25297
0.713035
-1000.6
0.713987
-1000.7
-0.0841347
0.839698
-1000.17
-0.159
0.841267
-1000.2
-0.216747
0.841063
-1000.26
-0.251887
0.840789
-1000.34
0.840516
-1000.44
-0.0843917
-999.861
-0.159264
-999.895
-0.216972
-999.954
-0.25209
-1000.03
-1000.13
-0.117544
0.363697
-1000.96
-0.222014
0.365291
-1001.01
-0.30161
0.366818
-1001.1
-0.349335
0.368769
-1001.21
0.371012
-1001.35
-0.116954
0.693741
-1000.82
-0.220919
0.696343
-1000.87
-0.30019
0.698496
-1000.96
-0.347708
0.701273
-1001.08
0.704498
-1001.21
-0.115829
0.96056
-1000.58
-0.218726
0.963374
-1000.62
-0.297237
0.964978
-1000.71
-0.344281
0.96706
-1000.82
0.969536
-1000.95
-0.115064
1.13892
-1000.23
-0.217094
1.14119
-1000.28
-0.294955
1.14124
-1000.36
-0.341571
1.14129
-1000.47
1.14143
-1000.6
-0.115251
-999.817
-0.217107
-999.863
-0.294812
-999.945
-0.341316
-1000.05
-1000.18
-0.163351
0.489549
-1001.28
-0.308295
0.492282
-1001.35
-0.416488
0.495535
-1001.48
-0.480724
0.49963
-1001.65
0.504496
-1001.84
-0.161936
0.934835
-1001.11
-0.305566
0.939274
-1001.18
-0.412989
0.944006
-1001.3
-0.476589
0.950044
-1001.46
0.957167
-1001.65
-0.15944
1.29712
-1000.78
-0.30069
1.30173
-1000.84
-0.406557
1.30549
-1000.96
-0.469063
1.3103
-1001.12
1.31606
-1001.3
-0.157546
1.54296
-1000.32
-0.29682
1.54634
-1000.38
-0.401344
1.54706
-1000.5
-0.462891
1.54785
-1000.65
1.54911
-1000.82
-0.157459
-999.762
-0.296154
-999.824
-0.400369
-999.937
-0.461477
-1000.08
-1000.25
-0.228535
0.656375
-1001.71
-0.432317
0.661183
-1001.81
-0.577937
0.668152
-1002.01
-0.666619
0.676415
-1002.24
0.686986
-1002.53
-0.225418
1.25509
-1001.48
-0.425976
1.26295
-1001.58
-0.570192
1.27324
-1001.76
-0.656917
1.2858
-1001.99
1.30135
-1002.26
-0.220045
1.74628
-1001.05
-0.415341
1.75409
-1001.14
-0.556728
1.76247
-1001.31
-0.640663
1.77279
-1001.52
1.78581
-1001.77
-0.215789
2.08698
-1000.44
-0.406707
2.09199
-1000.53
-0.545561
2.09438
-1000.69
-0.626985
2.09667
-1000.89
2.10089
-1001.12
-0.21516
-999.696
-0.404422
-999.78
-0.542903
-999.936
-0.622667
-1000.13
-1000.36
-0.321152
0.875534
-1002.26
-0.615885
0.883866
-1002.4
-0.803656
0.899221
-1002.72
-0.938076
0.914703
-1003.02
0.938755
-1003.49
-0.314891
1.67641
-1001.97
-0.601533
1.6906
-1002.1
-0.788161
1.71325
-1002.39
-0.915678
1.73803
-1002.68
1.77299
-1003.11
-0.303696
2.34026
-1001.41
-0.578328
2.35376
-1001.53
-0.761231
2.37215
-1001.79
-0.88018
2.39297
-1002.06
2.42302
-1002.43
-0.294728
2.81729
-1000.63
-0.559576
2.82437
-1000.74
-0.738523
2.83094
-1000.97
-0.849659
2.83516
-1001.22
2.84758
-1001.55
-0.293442
-999.62
-0.553475
-999.73
-0.733563
-999.952
-0.837977
-1000.21
-1000.51
-0.448969
1.16033
-1002.98
-0.901706
1.17305
-1003.12
-1.10828
1.20962
-1003.72
-1.35804
1.23298
-1004
1.29395
-1004.94
-0.437669
2.22326
-1002.59
-0.869189
2.24852
-1002.74
-1.07992
2.30099
-1003.27
-1.30613
2.34454
-1003.57
2.43
-1004.37
-0.415005
3.11335
-1001.89
-0.817464
3.13671
-1002.01
-1.02888
3.17782
-1002.45
-1.22665
3.21593
-1002.73
3.29055
-1003.38
-0.396902
3.79693
-1000.91
-0.776968
3.80462
-1001.02
-0.985173
3.82316
-1001.41
-1.1567
3.82399
-1001.66
3.86143
-1002.17
-0.396718
-999.532
-0.761652
-999.662
-0.98254
-1000
-1.12601
-1000.3
-1000.73
-0.621321
1.52662
-1003.88
-1.37424
1.53687
-1003.9
-1.51342
1.63433
-1005.21
-2.04273
1.64521
-1005.12
1.81726
-1007.22
-0.601301
2.92122
-1003.38
-1.30298
2.96254
-1003.46
-1.45868
3.09475
-1004.57
-1.92875
3.14976
-1004.6
3.37972
-1006.34
-0.554014
4.08545
-1002.5
-1.18569
4.12542
-1002.55
-1.35828
4.22013
-1003.41
-1.7552
4.27876
-1003.46
4.48347
-1004.8
-0.517226
5.12166
-1001.43
-1.09919
5.11695
-1001.43
-1.27054
5.17781
-1002.19
-1.59524
5.13562
-1002.19
5.26065
-1003.15
-0.524508
-999.4
-1.0618
-999.503
-1.28982
-1000.09
-1.51865
-1000.36
-1001.03
-0.870149
1.99339
-1005
-2.16105
1.9627
-1004.57
-2.10589
2.23462
-1007.5
-3.14991
2.14184
-1006.21
2.62974
-1010.95
-0.836861
3.80018
-1004.35
-2.0189
3.8565
-1004.18
-1.9959
4.20115
-1006.56
-2.91385
4.21249
-1005.75
4.82477
-1009.5
-0.729757
5.21954
-1003.18
-1.75542
5.28399
-1002.95
-1.7823
5.49841
-1004.68
-2.56487
5.56607
-1004.03
6.12505
-1006.86
-0.651125
6.96215
-1002.52
-1.58262
6.89237
-1002.11
-1.5737
7.10193
-1003.81
-2.21642
6.85194
-1002.83
7.27735
-1004.85
-0.678727
-999.039
-1.50902
-998.994
-1.6577
-1000.11
-2.07273
-1000.14
-1001.39
-1.25
2.57754
-1006.33
-3.45289
2.38193
-1004.75
-3.03949
3.11037
-1011.03
-4.9353
2.67583
-1006.99
3.96378
-1017.15
-1.21859
4.89522
-1005.45
-3.18791
4.95351
-1004.78
-2.8366
5.79992
-1009.6
-4.43236
5.64969
-1007.13
7.14149
-1014.58
-0.957826
6.42308
-1003.75
-2.58203
6.51696
-1002.89
-2.38692
6.98718
-1006.06
-3.77736
7.00166
-1004
8.34272
-1009.6
-0.793714
9.59198
-1004.9
-2.26834
9.34128
-1003.46
-1.84643
9.94135
-1007.18
-2.99487
9.08865
-1003.77
10.343
-1007.93
-0.874578
-997.958
-2.16731
-997.551
-2.14321
-999.656
-2.8752
-999.039
-1001.62
-1.82727
3.27998
-1007.78
-5.6039
2.68512
-1003.66
-4.58173
4.46612
-1016.52
-7.89945
3.19571
-1006.87
6.31688
-1027.81
-1.89173
6.04124
-1006.32
-5.15079
6.11167
-1004.94
-4.22527
8.04817
-1014.11
-6.78809
7.59581
-1008.97
11.006
-1022.79
-1.22305
7.58389
-1004.07
-3.70005
7.77563
-1002.07
-3.26289
8.68635
-1007.13
-5.63585
8.6167
-1002.64
11.4209
-1012.88
-0.924891
13.2957
-1009.69
-3.20118
12.6797
-1006.09
-1.93161
14.0371
-1013.8
-3.80843
11.9084
-1005.18
15.0559
-1013.41
-1.1155
-995.338
-3.11116
-994.224
-2.84384
-997.965
-4.11262
-995.947
-1001.47
-2.72665
4.30077
-1009.36
-9.27362
2.67523
-999.791
-7.28023
6.9914
-1025.5
-12.991
3.53057
-1004.69
10.898
-1047.12
-3.15799
6.61071
-1005.47
-8.63097
6.64429
-1003.44
-6.67853
11.033
-1020.11
-10.5566
10.108
-1011.67
17.5854
-1035.75
-1.41851
8.46168
-1004.51
-4.9459
8.98958
-1000.89
-4.47402
10.3955
-1006.97
-8.54542
10.6568
-999.121
15.7762
-1016.25
-0.992815
18.4496
-1018.68
-4.45938
17.1926
-1010.82
-1.50334
19.7045
-1026.07
-4.41432
15.1987
-1006.82
22.1144
-1022.64
-1.38608
-989.718
-4.41047
-987.548
-3.9081
-993.615
-6.25274
-988.837
-1001.11
-4.11159
6.11271
-1011.36
-15.8162
1.69495
-989.781
-12.3069
12.3905
-1041.4
-21.9859
3.15205
-998.165
20.8457
-1084.66
-5.78172
4.83005
-998.41
-15.3337
4.8811
-997.075
-11.5931
15.0306
-1026.49
-16.8768
13.3535
-1016.59
29.2169
-1055.37
-1.27099
8.49571
-1006.9
-5.67975
10.1292
-1001.73
-6.06536
11.5838
-1003.14
-13.2469
13.7439
-992.33
21.7552
-1018.06
-0.965703
25.8914
-1035.11
-6.23303
23.6927
-1019.12
-0.0162439
27.1594
-1047.86
-4.28368
18.977
-1007.78
32.4154
-1037.54
-1.72205
-977.685
-6.13449
-974.786
-5.80905
-983.324
-10.5815
-973.334
-1002.5
-7.8062
8.45058
-1012
-28.8133
-2.41079
-966.363
-22.1472
23.7844
-1071.85
-37.2745
0.639322
-983.677
41.9685
-1160.5
-11.899
-2.25631
-975.804
-29.3357
-1.97013
-980.079
-21.6758
20.1242
-1030.49
-27.1022
17.5825
-1028.1
49.6592
-1083.35
-0.50946
6.56037
-1015.21
-5.3799
10.4937
-1009.32
-8.31825
10.8195
-990.893
-21.2905
19.4183
-981.194
28.8347
-1014.04
-1.28791
37.0859
-1064.35
-9.53134
33.55
-1033.93
5.70302
35.4391
-1087.71
-1.88357
23.4611
-1004.24
46.9645
-1064.83
-2.83347
-952.057
-9.01422
-951.335
-9.73035
-961.427
-20.1918
-940.754
-1013.61
4.14738
24.955
-1041.11
-27.5132
-19.1375
-915.565
-37.4722
50.8993
-1112.79
-84.2987
-13.8528
-922.998
121.148
-1354.32
-17.8179
-22.2379
-910.793
-40.1289
-32.2904
-944.615
-32.4701
27.9022
-1015.15
-47.2555
23.4274
-1050.6
105.923
-1087.22
11.7254
2.3675
-1051.54
32.5576
14.9338
-1077.38
10.4754
8.94614
-949.854
-24.1309
36.503
-959.663
44.6831
-972.807
11.796
60.6495
-1134.43
8.58411
61.8158
-1077.6
40.5703
49.3541
-1160.11
18.45
29.8879
-975.502
79.8226
-1122.16
5.96962
-893.842
17.9646
-919.54
2.26256
-888.643
-20.4261
-842.363
-1020.77
-35.2427
17.5138
-1023.38
-120.047
-31.4138
-799.347
-79.3474
98.7975
-1252.29
-88.8197
-18.0023
-895.524
139.14
-1643.78
-51.9784
-53.5705
-787.73
-121.581
-47.386
-859.041
-94.7826
34.5187
-977.667
-68.0571
40.6449
-1135.97
116.58
-1147.13
8.813
-8.91583
-1105.01
-10.7365
8.14469
-1113.36
-33.4944
-19.4077
-873.17
-77.1374
45.819
-921.194
-6.95157
-906.047
-11.0076
85.7708
-1218.11
-42.5191
69.3069
-1107.25
3.81269
23.9751
-1249.82
-36.6361
41.2216
-930.455
33.1492
-1206.08
-26.192
-761.648
-60.7199
-827.131
-81.9025
-795.554
-131.596
-733.636
-1239.18
105.495
148.869
-1277.74
-18.1816
-180.788
-494.881
-189.813
269.249
-1349.91
-417.257
-196.18
-471.9
792.258
-2936.52
-114.015
-240.528
-284.318
-171.93
-331.898
-650.016
-138.191
40.442
-782.6
-102.979
49.3282
-1416.69
397.638
-644.73
70.4121
-75.5627
-1340.38
321.53
56.4076
-1752.78
129.04
-76.0495
-564.189
-53.0139
212.18
-901.992
14.499
-541.085
74.2544
231.707
-1599.63
99.995
282.527
-1359.11
249.822
50.0559
-1525.75
148.715
44.5819
-661.751
283.483
-1706.02
20.8959
-276.259
196.02
-763.923
74.6224
-266.837
-66.7275
-139.659
-1406.78
-289.368
-122.914
-865.46
-496.926
43.5081
-330.83
13.0001
375.828
-2235.66
232.39
82.35
-773.639
-216.359
-2621.1
-81.1565
-120.642
-205.433
-291.138
58.4644
-454.992
-317.452
137.294
-517.751
-121.805
152.024
-1682.01
163.689
-1586.87
101.533
34.8618
-1597.42
-217.69
-52.2149
-1322.88
-200.747
-52.4204
-391.417
-169.277
28.3917
-809.83
-173.496
-313.162
-56.1133
147.067
-1655.72
-181.936
-38.9297
-1246.58
-103.456
-67.7789
-1588.88
-249.027
121.782
-609.571
-323.779
-1474.15
-99.5712
-199.438
-330.82
-536.727
-511.349
-119.809
-592.117
-201.884
-2645.32
0.385033
-0.374799
-865.47
27.7056
-0.956362
-357.194
-1.48027
-1.22348
-2205.25
-141.594
-88.9574
-544.569
383.431
-3290.57
0.118962
-21.2079
-184.719
0.00591935
-2.97573
-452.859
24.3132
1.18755
-544.469
77.8247
-6.71762
-1817.76
157.432
-1250.3
-35.9237
-36.3053
-1546.4
11.2812
16.8412
-1389.9
1.31557
-17.9971
-362.267
13.921
22.0923
-851.245
-29.4501
-98.4089
22.8257
14.3035
-1729.16
5.46198
7.76169
-1220.13
38.8888
12.3949
-1652.69
-13.5186
3.37417
-538.445
308.31
-2010.03
0.396936
-173.686
0.476068
-545.655
0.126881
-7.76377
-5.49394
-176.499
-2506.5
-19.1049
-178.326
-668.04
336.322
99.8897
-812.512
19.5171
-412.555
-1475.89
184.919
127.583
-837.554
-242.689
-2945.59
80.0216
151.111
-594.177
1.52071
309.602
-584.071
343.848
112.547
-1411.9
102.933
231.9
-1681.16
-1.87874
-1375.72
274.785
190.37
-1860.44
162.485
322.614
-1290.62
93.9069
136.184
-317.327
-21.4143
-34.9686
-469.055
354.754
-570.46
205.896
-29.6919
-1714.99
189.439
42.1033
-923.166
-32.8755
-29.719
-1264.48
-122.938
20.8301
-504.182
105.303
-1506.67
106.352
-160.356
58.7209
-511.153
2.0658
-360.002
-9.33129
-11.6918
-2181.93
-166.786
-212.084
-289.171
19.7685
196.256
-1195.32
468.131
-132.906
-1791.35
487.999
81.6915
-939.114
-774.048
-1327.81
118.201
-129.961
-794.501
-33.9281
19.1645
-254.851
514.097
22.3054
-2115.14
-198.73
148.011
-1034.66
-568.782
-1327.27
72.7399
-102.497
-1960.65
-0.213856
112.583
-1311.08
47.7961
216.352
-559.383
-136.616
-74.2596
-62.3726
229.777
-1556.56
519.778
32.8538
-2370.12
94.953
32.2069
-417.965
-77.1912
-41.1872
-834.794
44.8558
-113.49
-586.998
-347.52
-11.9073
4.16838
-13.4248
-67.7408
-399.475
-93.1272
-359.286
-189.977
-33.3001
-2414.71
-65.7361
103.129
-326.564
-476.761
15.2734
-799.571
-97.3127
-370.497
-1800.3
-61.6246
-19.2245
-955.577
114.913
-1398.39
-62.2154
-205.249
-423.907
-33.9672
-203.378
-64.4478
406.636
197.977
-3124.21
42.9682
-196.408
-493.804
-136.767
-112.178
-272.553
-986.426
-906.919
-413.456
-139.109
-1234.45
-197.303
299.216
-876.775
-67.0976
35.0911
-424.077
-253.789
-1039.96
-46.9742
-852.296
-2457.27
34.4374
-50.5886
-587.898
-65.9551
-8.06452
-427.121
-20.149
-62.1268
-535.586
-320.968
-19.0215
88.9951
-1501.48
77.2618
-304.693
-11.5655
-26.3673
624.19
-896.026
-1492.46
41.8322
-7.96839
-360.427
-353.949
-134.767
-269.023
-940.164
-80.7444
-1133.34
-382.033
73.1251
-1586.83
28.4974
-1859.49
-18.9126
99.4842
-512.447
-142.29
30.2321
-106.069
-384.193
-70.1213
-2892.93
-3.15266
-3.83012
-797.89
5.38654
-514.558
-50.9331
-137.27
-619.233
-300.304
-183.535
-771.31
-594.607
-66.283
-586.31
47.0506
243.342
-1312.91
-0.34175
-723.946
-705.627
-522.696
-1366.22
-311.314
-85.2093
-1080.54
-19.9326
-17.2036
-767.582
15.4325
50.7368
-378.346
-1.02306
-22.6829
-110.112
-1809.02
-34.7378
-101.518
580.708
-1272.71
500.255
-728.874
-21.6511
-37.3322
96.1107
-419.205
169.08
2.98572
-478.421
-440.525
60.6768
-584.413
-212.327
223.316
-2038.35
-232.043
-1908.23
-189.802
154.441
-380.976
183.738
342.753
-819.377
-667.096
-4.02856
-1977.39
-441.612
264.977
-1065.03
452.734
-1973.81
-107.223
-2.1539
-355.415
-93.5625
167.115
-609.333
-527.265
-30.098
-126.538
-392.316
-56.1574
-1126.72
170.969
-1088.37
-241.902
-86.5479
-1039.92
-269.815
3.89682
-889.405
-342.793
182.151
-906.852
0.322835
10.661
-788.28
-3.47029
-19.0537
-9.60582
-1744.55
63.5725
-126.461
224.473
-1669.48
-9.09974
-263.448
-542.246
223.26
86.5604
-729.025
343.117
199.854
-798.132
-183.036
-28.2182
-30.0418
-59.0113
32.6208
-2194.99
-27.9261
-1796.68
-24.7082
-34.5451
-235.162
603.609
71.9048
-1319.74
156.903
60.3776
-1619.28
-80.6825
7.47994
-802.307
289.016
-2238.99
22.1021
184.303
-596.365
0.0332032
63.8738
-579.233
-21.0341
-6.43584
-38.6567
149.397
-252.372
-1037.3
-117.194
-704.067
-19.0923
-212.183
-624.346
48.1313
12.9977
-905.753
-278.624
56.0961
-642.629
-168.318
-220.28
-930.678
45.6665
-669.544
-130.08
-1596.01
27.4736
-550.398
-213.718
-1183.73
367.485
-1324.96
-920.501
-84.1337
12.8338
-657.726
27.6228
77.6229
-987.511
64.6678
8.51034
-75.5971
191.981
59.1766
-2381.48
-79.8253
-1505.52
106.245
-48.5982
-279.975
429.509
-88.3537
-1477.03
-235.162
-216.797
-729.306
-118.899
16.7097
-876.104
45.9579
-2457.6
2.067
222.236
-869.267
-74.2871
62.7006
-653.932
360.104
141.67
-831.515
278.684
72.4269
-1011.6
-76.2353
-302.1
-29.4908
193.702
-566.321
104.718
157.448
-1134.71
71.2213
137.968
-605.43
100.916
-287.777
-600.168
-95.3398
-801.636
-249.475
-81.0803
-139.549
-723.704
132.796
-1503.67
467.472
-1783.71
-504.208
53.3697
1.98048
-713.076
-177.602
37.4971
-794.037
420.384
29.6639
-703.246
652.774
408.72
-3022.59
-240.014
-515.752
440.305
-95.014
-623.285
305.631
-266.02
-1038.84
-17.8227
-312.706
-63.483
500.996
-14.4609
-971.741
-489.35
-2113.37
178.147
-115.205
-1027.22
102.91
-38.6261
-806.09
136.505
-252.824
-924.991
9.56966
28.5258
-927.649
31.0532
-975.732
391.61
10.6593
-1083.8
241.516
-2.45191
-1020.79
106.066
149.787
-872.591
156.242
-123.21
-498.61
-72.6259
-267.649
73.1786
-45.8773
260.361
-768.215
139.068
-1313.57
-162.602
-935.754
-797.294
357.255
-153.844
-916.487
0.352078
3.14194
-440.276
298.33
-254.675
-746.55
63.5472
-659.722
-2128.09
66.3394
-204.676
231.504
-68.0608
-940.573
-25.2067
-210.655
-568.334
291.852
5.88249
-641.099
387.486
-371.309
-1355.79
-553.207
-982.68
196.065
-436.243
-855.105
133.667
-206.814
-747.532
-65.9709
-155.013
-564.458
315.098
-87.6093
-1592.42
-376.109
-935.497
228.18
-82.1315
-1666.09
-79.8798
-158.858
-760.685
-76.058
-8.20232
-1023.22
-3.87199
-6.73452
-651.67
-56.4507
-625.014
6.97591
-74.4981
71.2541
-519.964
-116.619
-1116.42
25.367
-1257.27
-1423.95
-271.932
-138.247
-506.308
-22.3368
68.2223
-758.094
0.926813
43.8639
-813.677
8.93242
-16.0413
-2120.05
-24.9483
-199.491
-61.1234
5.41421
-1023.11
-145.785
60.6836
-476.134
42.5519
306.991
-1092.56
52.7941
27.2337
-1409.31
57.3163
-1061.66
-4.82974
-50.6879
-794.173
10.3083
-5.11322
-696.874
-63.4777
108.654
-292.335
130.045
211.419
-1970.13
-101.672
-484.19
-68.37
-131.608
-1516.8
56.6666
3.12428
-893.96
-166.233
-23.6103
-668.061
-59.7538
-13.1071
-533.623
-257.751
-570.115
19.1749
-542.114
68.9122
-502.428
-334.488
-688.094
-135.126
-1298.36
-1703.85
-201.387
-108.755
-196.166
-269.3
115.962
-806.143
-140.173
283.67
-1226.47
68.0993
450.78
-2779.1
5.12754
-170.815
30.5632
-132.898
-1029.53
-120.693
10.1606
-219.077
-181.465
112.993
-861.114
31.9954
376.639
-1548.62
51.712
-1093.99
43.6952
41.9099
-1012.68
40.1727
60.288
-743.479
-53.5024
29.2562
-114.923
69.7888
208.524
-1925.3
8.19236
-524.141
61.378
161.96
-1698.23
55.9309
36.9202
-865.145
-14.4847
31.0791
-599.468
4.42014
21.2019
-365.206
-29.8438
-431.978
155.067
-717.327
103.029
-614.795
11.3907
-547.099
-26.1916
-971.813
-1505.11
185.181
95.0289
-476.376
468.898
-217.598
-872.262
271.099
-255.804
-772.872
-996.689
-511.497
-999.817
143.744
-634.539
-165.259
73.9718
-843.216
142.949
129.395
-874.276
289.493
-366.234
-897.227
-393.243
-328.321
-1049.07
-32.3974
-836.43
-157.454
-75.8904
-705.36
-120.881
69.7786
-720.434
229.626
-211.105
-620.559
-51.4989
-770.034
-1202.46
-112.577
-464.809
-75.2368
-490.964
-1207.92
-147.134
57.2887
-780.758
-74.8434
-121.928
-760.936
77.3877
-180.204
-1107.27
32.8506
-942.67
-199.813
-667.805
-245.385
-726.918
61.3673
-963.292
-45.1415
-1557.13
-1550.1
132.89
103.291
-712.556
155.822
56.6609
-951.855
212.259
80.599
-909.908
416.147
76.1758
-1279.88
22.3605
-826.471
96.7153
120.549
-957.19
111.378
42.23
-874.508
154.61
56.4553
-916.315
157.56
129.334
-1105.17
39.3272
-944.199
100.354
214.651
-899.816
198.819
152.606
-929.275
244.278
158.319
-767.882
226.375
160.443
-1215.67
212.143
-817.206
-38.8845
143.827
-1098.21
79.7532
252.167
-998.956
179.773
121.988
-824.625
110.596
118.993
-996.641
159.829
-862.253
130.785
-857.201
253.455
-875.958
335.744
-847.91
97.116
-1096.54
-1051.47
82.7882
51.3129
-846.657
96.871
-19.5131
-946.425
117.81
-26.4908
-904.356
-1.462
-77.0168
-1083.59
11.1051
-908.496
-0.267351
27.3219
-932.932
45.9485
15.4454
-955.683
93.5283
-53.8287
-936.558
9.38813
-46.8169
-1051.23
-22.0796
-948.685
11.1523
6.96668
-890.613
38.4302
-1.99968
-939.108
119.318
-21.1079
-881.491
30.9404
-80.007
-1094.1
-3.27747
-902.715
-32.8824
-34.89
-1023.47
-41.3128
7.01719
-999.543
44.7347
-10.2337
-921.547
36.0913
-22.5516
-1045.45
10.1941
-941.102
16.2041
-908.63
35.7696
-945.641
104.126
-910.124
30.9994
-1072.48
-1005.53
45.3817
24.5743
-916.613
56.6268
8.52805
-966.198
88
5.50721
-941.237
66.8848
-8.52263
-1053.95
-0.580886
-956.433
25.7853
20.5386
-954.682
38.4624
12.3593
-972.192
67.9846
-4.94058
-955.633
40.7178
-1.67604
-1030.81
-9.73365
-970.413
30.8006
32.4191
-933.295
46.8869
21.9001
-964.736
86.0567
4.2253
-929.827
46.901
-11.4816
-1045.14
0.513503
-954.145
-2.40089
7.99304
-996.641
6.71871
15.7126
-1002.48
45.7443
0.38521
-956.733
29.4202
-8.59576
-1032.01
-0.795392
-969.953
24.071
-940.975
35.1535
-968.738
74.4004
-940.692
33.0299
-1030.07
-983.536
26.0184
9.65515
-952.287
34.4663
2.74095
-977.388
58.2139
-0.080702
-964.905
40.1818
-8.7096
-1027.21
-2.7988
-982.118
16.6574
7.67616
-969.361
24.9175
5.11495
-982.827
46.4659
-4.54389
-972.718
30.8788
-5.35028
-1018.59
-8.55236
-986.242
19.5401
12.693
-957.852
28.022
9.1816
-977.284
54.2038
-0.816712
-959.736
33.3574
-8.48229
-1021.16
-6.32281
-979.743
4.95037
1.77373
-990.672
8.37281
3.41262
-1000.13
31.3724
-4.69732
-975.852
21.3709
-11.1955
-1019.3
-9.38585
-985.653
16.2135
-961.509
21.5235
-978.93
44.1257
-962.672
23.8803
-1011.56
-985.687
15.8779
3.7954
-971.961
21.909
1.21933
-984.639
37.8712
-0.599152
-980.268
28.3913
-4.63032
-1013.1
-3.27001
-995.236
11.7971
2.58576
-979.949
17.0486
1.60563
-988.465
31.555
-3.64968
-984.175
23.6478
-5.18254
-1010.13
-7.38365
-995.918
13.3026
4.88042
-973.449
18.8037
3.1471
-984.327
34.866
-2.00329
-977.445
24.0951
-6.30177
-1009.27
-7.54024
-992.748
6.04033
-0.873412
-990.959
7.9024
-0.782498
-998.061
22.0736
-5.87043
-986.156
16.3863
-9.9114
-1010
-10.5971
-994.124
10.961
-974.141
14.6193
-983.851
27.8606
-977.176
17.6396
-1003.11
-991.431
10.0042
1.20612
-983.171
14.5967
0.127676
-989.359
24.6699
-0.866177
-989.475
20.1677
-2.70163
-1005.9
-2.93042
-1001.31
8.0861
0.349074
-987.178
11.9085
-0.145863
-992.014
21.3226
-3.18873
-991.266
17.7545
-4.36849
-1004.89
-6.03103
-1000.93
8.90789
0.98003
-982.988
13.0152
-0.0305025
-988.55
22.6155
-2.53543
-987.699
17.4072
-4.95338
-1003.48
-6.92452
-999.035
5.10515
-2.57622
-992.508
6.778
-3.01242
-996.753
15.6051
-5.59391
-991.925
12.7684
-7.95783
-1004.16
-9.28804
-998.544
7.26801
-982.926
10.0427
-988.092
17.8677
-986.402
12.987
-999.563
-995.925
6.428
0.0541555
-989.654
10.0544
-0.277557
-992.708
16.0707
-0.906411
-994.585
14.5099
-1.80617
-1002.53
-2.39673
-1003.48
5.44591
-0.831826
-991.738
8.58938
-1.25274
-994.183
14.3879
-2.67865
-995.293
13.2729
-3.50002
-1002.08
-4.67583
-1002.91
5.88667
-0.567045
-989.14
9.07275
-0.971241
-992.018
14.6484
-2.54564
-993.407
12.6615
-4.01762
-1000.98
-5.75482
-1001.6
3.87575
-2.8866
-994.064
5.64327
-3.31152
-996.18
11.0442
-4.75179
-995.12
10.0075
-6.12855
-1001.01
-7.37707
-1000.54
4.75943
-988.851
7.00383
-991.485
11.5662
-991.979
9.58156
-998.378
-998.491
4.16651
-0.263281
-993.557
7.08974
-0.453664
-995.178
10.5156
-0.840778
-997.171
10.5539
-1.35789
-1001.21
-1.85282
-1003.61
3.68935
-1.20165
-994.489
6.33388
-1.47456
-995.807
9.71425
-2.16036
-997.354
9.91543
-2.72877
-1000.91
-3.51348
-1003.12
3.83791
-1.04173
-993.138
6.39241
-1.37286
-994.674
9.534
-2.31533
-996.394
9.29375
-3.31107
-1000.15
-4.5473
-1002.16
2.84268
-2.66928
-995.279
4.60819
-2.99405
-996.324
7.77964
-3.78703
-996.82
7.82417
-4.62882
-999.742
-5.59368
-1001.11
3.10568
-992.719
4.95437
-994.066
7.57218
-995.155
7.13642
-998.272
-999.59
2.77155
-0.38782
-995.941
5.01328
-0.509636
-996.91
7.0303
-0.744097
-998.444
7.67074
-1.05923
-1000.79
-1.38488
-1002.97
2.54837
-1.17574
-996.25
4.65586
-1.34971
-997.074
6.65594
-1.6976
-998.4
7.32562
-2.0905
-1000.55
-2.60788
-1002.59
2.53983
-1.20783
-995.645
4.5221
-1.46035
-996.546
6.35232
-2.02129
-997.901
6.82922
-2.70284
-1000.02
-3.48446
-1001.89
2.05881
-2.25017
-996.296
3.66363
-2.47343
-996.916
5.50047
-2.91597
-997.762
6.01
-3.47204
-999.482
-4.16682
-1001.02
2.05656
-995.171
3.55298
-995.91
5.0878
-996.88
5.36096
-998.558
-999.907
1.88931
-0.417093
-997.413
3.51181
-0.495108
-998.038
4.82445
-0.639131
-999.117
5.48852
-0.824643
-1000.63
-1.02437
-1002.26
1.79028
-1.00877
-997.449
3.34979
-1.1155
-998.013
4.63631
-1.31932
-999.007
5.2879
-1.59269
-1000.43
-1.93167
-1001.98
1.72358
-1.19921
-997.179
3.18075
-1.37614
-997.743
4.37349
-1.71876
-998.694
4.94917
-2.1459
-1000.04
-2.62046
-1001.46
1.49945
-1.79964
-997.195
2.78954
-1.94667
-997.636
3.92688
-2.22646
-998.392
4.46591
-2.61685
-999.55
-3.09422
-1000.78
1.40604
-996.686
2.5633
-997.13
3.55577
-997.843
3.99218
-998.892
-999.965
1.30971
-0.393116
-998.33
2.46113
-0.440868
-998.748
3.36597
-0.525122
-999.497
3.88994
-0.633554
-1000.52
-0.756468
-1001.69
1.26284
-0.823545
-998.281
2.37853
-0.894922
-998.675
3.26011
-1.02869
-999.385
3.76944
-1.2116
-1000.37
-1.42988
-1001.48
1.19883
-1.08865
-998.113
2.24829
-1.20082
-998.486
3.07753
-1.40162
-999.151
3.55002
-1.65909
-1000.07
-1.95314
-1001.09
1.0868
-1.41817
-997.952
2.04522
-1.52144
-998.274
2.81692
-1.71388
-998.851
3.25234
-1.98012
-999.665
-2.2961
-1000.58
0.994644
-997.638
1.8588
-997.932
2.55261
-998.448
2.93599
-999.17
-999.972
0.918383
-0.338378
-998.91
1.73363
-0.366581
-999.197
2.37064
-0.416115
-999.718
2.75731
-0.482076
-1000.43
-0.558591
-1001.25
0.892725
-0.665998
-998.846
1.68625
-0.713892
-999.121
2.30728
-0.800536
-999.622
2.68367
-0.918662
-1000.31
-1.05777
-1001.09
0.847836
-0.917012
-998.71
1.59996
-0.984675
-998.968
2.18876
-1.10429
-999.436
2.54379
-1.26399
-1000.08
-1.44962
-1000.81
0.783572
-1.12292
-998.53
1.47994
-1.19377
-998.761
2.02779
-1.32159
-999.182
2.35665
-1.49653
-999.761
-1.70203
-1000.43
0.717626
-998.286
1.35297
-998.493
1.85283
-998.868
2.15058
-999.384
-999.974
0.648824
-0.275753
-999.283
1.22736
-0.292964
-999.483
1.67994
-0.323297
-999.847
1.9602
-0.364436
-1000.35
-0.412448
-1000.92
0.633526
-0.532048
-999.224
1.19874
-0.56303
-999.417
1.64102
-0.618246
-999.769
1.91472
-0.693596
-1000.25
-0.782011
-1000.81
0.604514
-0.737866
-999.108
1.14355
-0.779976
-999.29
1.56542
-0.854402
-999.622
1.82591
-0.955392
-1000.07
-1.07348
-1000.6
0.564945
-0.884563
-998.948
1.06894
-0.931265
-999.114
1.46389
-1.01414
-999.418
1.70714
-1.1274
-999.833
-1.26013
-1000.31
0.52146
-998.749
0.986236
-998.899
1.35047
-999.172
1.57406
-999.546
-999.978
0.46084
-0.218452
-999.526
0.872916
-0.229224
-999.666
1.19606
-0.24824
-999.922
1.39827
-0.274181
-1000.27
-0.30451
-1000.68
0.451493
-0.41856
-999.475
0.855233
-0.438454
-999.611
1.17188
-0.473564
-999.86
1.36997
-0.521535
-1000.2
-0.577831
-1000.6
0.43301
-0.58008
-999.38
0.820138
-0.606929
-999.509
1.12379
-0.654077
-999.745
1.3135
-0.718437
-1000.07
-0.793896
-1000.44
0.408048
-0.689585
-999.247
0.772926
-0.719994
-999.366
1.05918
-0.773403
-999.584
1.23773
-0.846448
-999.883
-0.932008
-1000.23
0.379925
-999.087
0.719574
-999.195
0.986016
-999.394
1.15198
-999.666
-999.982
0.328804
-0.170121
-999.684
0.623353
-0.176959
-999.783
0.854871
-0.189025
-999.965
1.00071
-0.205489
-1000.21
-0.224776
-1000.5
0.323022
-0.325003
-999.643
0.612303
-0.337828
-999.74
0.839765
-0.360196
-999.917
0.982995
-0.390813
-1000.16
-0.426776
-1000.44
0.311228
-0.449669
-999.567
0.589964
-0.466944
-999.658
0.80911
-0.497053
-999.827
0.946973
-0.538255
-1000.06
-0.586612
-1000.33
0.295338
-0.532308
-999.46
0.559838
-0.552092
-999.546
0.767784
-0.586501
-999.703
0.898466
-0.633607
-999.918
-0.688807
-1000.17
0.277212
-999.333
0.525467
-999.411
0.720607
-999.556
0.843168
-999.754
-999.986
0.23554
-0.130916
-999.789
0.44672
-0.135339
-999.859
0.613097
-0.143029
-999.988
0.718413
-0.15355
-1000.16
-0.165911
-1000.37
0.231899
-0.249841
-999.756
0.439796
-0.258132
-999.825
0.603606
-0.272446
-999.951
0.70725
-0.29207
-1000.12
-0.315135
-1000.33
0.224362
-0.345158
-999.696
0.425516
-0.356348
-999.761
0.583978
-0.375672
-999.882
0.684177
-0.402138
-1000.05
-0.433219
-1000.24
0.214188
-0.407612
-999.612
0.406195
-0.42049
-999.674
0.55745
-0.442682
-999.787
0.653023
-0.4731
-999.943
-0.508804
-1000.13
0.202519
-999.512
0.384035
-999.569
0.526993
-999.675
0.61727
-999.82
-999.989
0.169279
-0.0999212
-999.858
0.321141
-0.102799
-999.908
0.441011
-0.107724
-1000
0.517177
-0.114498
-1000.13
-0.122494
-1000.27
0.166978
-0.190581
-999.833
0.31679
-0.195959
-999.882
0.435009
-0.205168
-999.972
0.510083
-0.217796
-1000.1
-0.23264
-1000.24
0.162152
-0.262982
-999.786
0.307613
-0.270269
-999.833
0.422391
-0.282713
-999.92
0.495253
-0.299765
-1000.04
-0.319792
-1000.18
0.155611
-0.310086
-999.721
0.29518
-0.318493
-999.765
0.40531
-0.332839
-999.848
0.475191
-0.352506
-999.96
-0.375612
-1000.09
0.148087
-999.643
0.28086
-999.685
0.385621
-999.762
0.452058
-999.868
-999.992
0.12198
-0.0758045
-999.905
0.231496
-0.0776684
-999.941
0.318028
-0.0808469
-1000.01
0.373137
-0.0852228
-1000.1
-0.0903909
-1000.2
0.120541
-0.144475
-999.885
0.228745
-0.147983
-999.92
0.314227
-0.153922
-999.985
0.368642
-0.162059
-1000.07
-0.171606
-1000.18
0.117439
-0.199198
-999.849
0.222835
-0.203956
-999.883
0.306105
-0.211988
-999.945
0.359111
-0.222985
-1000.03
-0.235869
-1000.13
0.113228
-0.234628
-999.799
0.214817
-0.240154
-999.831
0.295096
-0.24943
-999.891
0.346207
-0.262116
-999.972
-0.277
-1000.07
0.108348
-999.739
0.205566
-999.77
0.282402
-999.826
0.331306
-999.903
-999.994
0.0881161
-0.0572068
-999.936
0.167267
-0.0584218
-999.961
0.229854
-0.0604734
-1000.01
0.269778
-0.0632889
-1000.07
-0.0666062
-1000.15
0.0872149
-0.108973
-999.921
0.165531
-0.111264
-999.946
0.227465
-0.115093
-999.993
0.266959
-0.120335
-1000.06
-0.12647
-1000.13
0.0852215
-0.150166
-999.893
0.161727
-0.153287
-999.918
0.222239
-0.15847
-999.963
0.260837
-0.165554
-1000.02
-0.173827
-1000.1
0.0825032
-0.176777
-999.855
0.156558
-0.180411
-999.878
0.215148
-0.186388
-999.922
0.252548
-0.194546
-999.981
-0.204107
-1000.05
0.0793419
-999.81
0.150604
-999.832
0.20699
-999.873
0.242973
-999.93
-999.996
0.06381
-0.0429695
-999.957
0.121107
-0.0437773
-999.975
0.16648
-0.0450923
-1000.01
0.195469
-0.0469037
-1000.06
-0.0490602
-1000.11
0.063233
-0.0818666
-999.945
0.120026
-0.083366
-999.964
0.164986
-0.0858309
-999.997
0.193682
-0.0892043
-1000.04
-0.0931467
-1000.1
0.0619534
-0.112773
-999.924
0.117581
-0.114822
-999.942
0.161627
-0.118152
-999.975
0.189751
-0.122712
-1000.02
-0.128042
-1000.07
0.0601975
-0.132711
-999.895
0.114262
-0.135085
-999.912
0.157065
-0.13893
-999.944
0.18441
-0.1442
-999.987
-0.150405
-1000.04
0.0581723
-999.861
0.110433
-999.877
0.151797
-999.907
0.178191
-999.949
-999.997
0.0462966
-0.0321685
-999.971
0.087841
-0.0327167
-999.984
0.120794
-0.0335557
-1000.01
0.141838
-0.0347209
-1000.04
-0.0361078
-1000.08
0.0459182
-0.0613198
-999.962
0.0871767
-0.0623001
-999.976
0.119865
-0.0638675
-1000
0.140724
-0.0660093
-1000.03
-0.0685041
-1000.07
0.0450983
-0.0844272
-999.946
0.0856244
-0.0857548
-999.959
0.117734
-0.0878715
-999.983
0.138238
-0.0907929
-1000.02
-0.0942376
-1000.05
0.0439847
-0.0993015
-999.925
0.0835158
-0.100839
-999.937
0.114813
-0.103306
-999.96
0.134789
-0.106732
-999.991
-0.11083
-1000.03
0.0427036
-999.899
0.0810608
-999.911
0.111388
-999.933
0.130679
-999.963
-999.998
0.0336201
-0.0240475
-999.981
0.0638113
-0.0244157
-999.99
0.0877775
-0.024936
-1000.01
0.103055
-0.02566
-1000.03
-0.0264924
-1000.06
0.033377
-0.0458178
-999.974
0.0634221
-0.0464392
-999.984
0.0872267
-0.0474109
-1000
0.102425
-0.04875
-1000.03
-0.0503183
-1000.05
0.0328715
-0.063023
-999.962
0.0624612
-0.0638636
-999.972
0.0858942
-0.0652046
-999.989
0.100865
-0.0670797
-1000.01
-0.0693096
-1000.04
0.0321891
-0.0740863
-999.946
0.0611268
-0.0750809
-999.955
0.0840211
-0.0766597
-999.972
0.0986327
-0.0788842
-999.995
-0.0815546
-1000.02
0.0313829
-999.926
0.0595558
-999.935
0.0817973
-999.951
0.0959507
-999.974
-1000
0.0244245
-0.0179639
-999.987
0.0464397
-0.0181867
-999.994
0.0639016
-0.018489
-1000.01
0.0750472
-0.0189277
-1000.02
-0.0194486
-1000.05
0.0242943
-0.0341386
-999.982
0.0462326
-0.0345146
-999.989
0.0635871
-0.0351262
-1000
0.0746767
-0.0359965
-1000.02
-0.0370412
-1000.04
0.0240049
-0.0469206
-999.973
0.0456282
-0.0474663
-999.98
0.0627219
-0.0483481
-999.993
0.0736402
-0.0495844
-1000.01
-0.051032
-1000.03
0.0235778
-0.0551663
-999.961
0.0447517
-0.0558393
-999.968
0.061488
-0.0568812
-999.98
0.0721931
-0.0583196
-999.997
-0.0599323
-1000.02
0.0230417
-999.947
0.0437149
-999.953
0.0600489
-999.965
0.0705631
-999.981
-1000
0.0177689
-0.013387
-999.992
0.0338628
-0.0134972
-999.997
0.0465839
-0.0136821
-1000.01
0.0547156
-0.0139804
-1000.02
-0.0143715
-1000.03
0.0177279
-0.0253606
-999.988
0.0337441
-0.0256045
-999.993
0.0463777
-0.0260276
-1000
0.0544354
-0.0266341
-1000.02
-0.0273586
-1000.03
0.017551
-0.034891
-999.981
0.033326
-0.0352844
-999.986
0.0457767
-0.0358964
-999.995
0.0537169
-0.0367258
-1000.01
-0.0376598
-1000.02
0.0172446
-0.0410783
-999.972
0.0327179
-0.0415732
-999.977
0.0449492
-0.0422929
-999.986
0.0527863
-0.0432232
-999.998
-0.0441665
-1000.01
0.0168497
-999.961
0.0320014
-999.966
0.0440151
-999.975
0.051825
-999.987
-1000
0.0129631
-0.00992624
-999.994
0.0246907
-0.00998769
-999.998
0.0339208
-0.0101368
-1000.01
0.0398123
-0.0103643
-1000.01
-0.0106375
-1000.03
0.0129531
-0.0188232
-999.992
0.0245905
-0.0190174
-999.995
0.0337643
-0.0193243
-1000
0.0396207
-0.0197307
-1000.01
-0.0201888
-1000.02
0.0128082
-0.0259779
-999.987
0.0242876
-0.0262789
-999.99
0.0333622
-0.0266919
-999.997
0.0391671
-0.0272195
-1000.01
-0.027825
-1000.02
0.0125692
-0.0306328
-999.98
0.023878
-0.0309908
-999.984
0.0328368
-0.0314738
-999.99
0.0385684
-0.0320814
-999.999
-0.03276
-1000.01
0.0122853
-999.972
0.0233948
-999.976
0.0322187
-999.982
0.037858
-999.991
-1000
0.00946344
-0.00733463
-999.996
0.0179341
-0.0074076
-999.999
0.0246117
-0.00753912
-1000
0.0288928
-0.00769501
-1000.01
-0.00783585
-1000.02
0.00942958
-0.0140069
-999.994
0.0178421
-0.014169
-999.997
0.0245084
-0.0143695
-1000
0.0288125
-0.0146024
-1000.01
-0.0148552
-1000.02
0.00930112
-0.0193768
-999.991
0.0176452
-0.0195871
-999.994
0.0242773
-0.019832
-999.998
0.0285635
-0.0201344
-1000.01
-0.0205252
-1000.01
0.00913621
-0.0228383
-999.986
0.0174046
-0.0230599
-999.988
0.0239783
-0.0233482
-999.993
0.0281806
-0.0237392
-1000
-0.0243107
-1000.01
0.00896834
-999.98
0.0171135
-999.982
0.0235731
-999.987
0.0275557
-999.993
-1000
0.00686827
-0.00544067
-999.998
0.0129534
-0.00552922
-1000
0.0177956
-0.00562534
-1000
0.020934
-0.00571609
-1000.01
-0.00577759
-1000.01
0.00680961
-0.0104519
-999.996
0.0128881
-0.010566
-999.998
0.0177429
-0.0106749
-1000
0.0209154
-0.0107929
-1000.01
-0.0109235
-1000.01
0.00671967
-0.0144328
-999.994
0.0127825
-0.0145544
-999.996
0.017627
-0.0146804
-999.999
0.0207828
-0.0148415
-1000
-0.0150502
-1000.01
0.0066318
-0.0169559
-999.99
0.0126606
-0.0170688
-999.992
0.017471
-0.0172202
-999.995
0.0205702
-0.0174408
-1000
-0.0177904
-1000.01
0.00655787
-999.985
0.0125089
-999.987
0.0172451
-999.991
0.0201735
-999.995
-1000
0.00493736
-0.00406781
-999.999
0.00933135
-0.00414001
-1000
0.0128601
-0.00419569
-1000
0.0151555
-0.00424516
-1000.01
-0.00427067
-1000.01
0.0048886
-0.00778191
-999.998
0.00929808
-0.0078444
-999.999
0.0128396
-0.0078955
-1000
0.015161
-0.00795924
-1000.01
-0.00802856
-1000.01
0.00484441
-0.0106819
-999.996
0.00924932
-0.0107394
-999.997
0.0127797
-0.0108048
-1000
0.0150835
-0.0108996
-1000
-0.0109659
-1000.01
0.0048113
-0.0124971
-999.993
0.00918527
-0.0125507
-999.994
0.0126896
-0.0126362
-999.997
0.0149907
-0.0127424
-1000
-0.0128083
-1000
0.00478733
-999.989
0.00910469
-999.991
0.0125934
-999.993
0.0148754
-999.997
-1000
0.00353829
-0.00304496
-999.999
0.00675116
-0.00308326
-1000
0.00934993
-0.00310905
-1000
0.011052
-0.00312992
-1000
-0.00313882
-1000.01
0.00351733
-0.00574745
-999.999
0.00674289
-0.00577418
-1000
0.00935154
-0.00579999
-1000
0.0110686
-0.00584866
-1000
-0.00591493
-1000.01
0.00350499
-0.00783439
-999.997
0.00671822
-0.00786058
-999.998
0.00930538
-0.00791043
-1000
0.0109974
-0.00799731
-1000
-0.00803637
-1000.01
0.00349633
-0.00913638
-999.995
0.00666693
-0.00917888
-999.996
0.00922066
-0.00925681
-999.998
0.0109275
-0.00934557
-1000
-0.00927886
-1000
0.00347908
-999.992
0.00659566
-999.993
0.0091522
-999.995
0.0109315
-999.998
-1000
0.00255488
-0.0022622
-1000
0.00494282
-0.00227649
-1000
0.00689596
-0.00228126
-1000
0.00820124
-0.00228583
-1000
-0.00231676
-1000.01
0.00255688
-0.00420773
-999.999
0.00495216
-0.00421719
-1000
0.00690672
-0.0042385
-1000
0.00819179
-0.00429586
-1000
-0.00439621
-1000.01
0.00255883
-0.00570809
-999.998
0.00493118
-0.0057282
-999.999
0.00684861
-0.00578208
-1000
0.00809194
-0.00588643
-1000
-0.00598517
-1000
0.00255162
-0.00665657
-999.996
0.004877
-0.00671175
-999.997
0.00674746
-0.00679486
-999.998
0.00797042
-0.00691188
-1000
-0.00690184
-1000
0.00251747
-999.995
0.00479296
-999.995
0.00664193
-999.997
0.00791931
-999.998
-1000
0.00186598
-0.0016759
-1000
0.00367869
-0.00167463
-1000
0.00515974
-0.00166569
-1000
0.00613553
-0.0016752
-1000
-0.00174256
-1000
0.00188039
-0.00306616
-999.999
0.00369768
-0.00306715
-1000
0.00515989
-0.00309047
-1000
0.00608575
-0.00315521
-1000
-0.00326174
-1000
0.0018885
-0.00415596
-999.999
0.00367402
-0.00417717
-999.999
0.00509289
-0.00422702
-1000
0.00598065
-0.00432286
-1000
-0.00443539
-1000
0.00187785
-0.00487972
-999.997
0.00362173
-0.00492974
-999.998
0.00499849
-0.00498848
-999.999
0.00584669
-0.00508985
-1000
-0.00517607
-1000
0.00184301
-999.996
0.00356139
-999.997
0.00488996
-999.997
0.00571113
-999.999
-1000
0.00137481
-0.00124756
-1000
0.00277755
-0.00122921
-1000
0.00388216
-0.00121549
-1000
0.00453829
-0.00123489
-1000
-0.00129272
-1000
0.00140334
-0.00222518
-1000
0.00279679
-0.00221804
-1000
0.00386879
-0.00223861
-1000
0.00448719
-0.00228941
-1000
-0.00234639
-1000
0.0014182
-0.00302864
-999.999
0.00277725
-0.00304258
-999.999
0.0038174
-0.003073
-1000
0.00442953
-0.0031275
-1000
-0.00317327
-1000
0.00141053
-0.00359651
-999.998
0.00274271
-0.00361462
-999.998
0.00375896
-0.00363189
-999.999
0.00436757
-0.00368633
-1000
-0.00375614
-1000
0.00140737
-999.997
0.00272925
-999.997
0.00370795
-999.998
0.00424748
-999.999
-1000
0.00103299
-0.000926696
-1000
0.0021297
-0.000890621
-1000
0.00292961
-0.000876507
-1000
0.00334936
-0.000893445
-1000
-0.00090747
-1000
0.00107453
-0.0015989
-1000
0.00214464
-0.00158631
-1000
0.00291626
-0.00160315
-1000
0.0033363
-0.00163369
-1000
-0.0016357
-1000
0.00109383
-0.00219788
-999.999
0.00213153
-0.00220346
-999.999
0.00288846
-0.00221877
-1000
0.00332759
-0.0022349
-1000
-0.00219429
-1000
0.00109373
-0.00262684
-999.999
0.00210401
-0.00262817
-999.999
0.00286401
-0.0026397
-999.999
0.00334603
-0.00263442
-1000
-0.00261435
-1000
0.00111176
-999.998
0.00210864
-999.998
0.00287859
-999.999
0.00331961
-999.999
-1000
0.000812205
-0.00066931
-1000
0.00166569
-0.000629746
-1000
0.00224072
-0.000623206
-1000
0.00254771
-0.000639232
-1000
-0.000633324
-1000
0.000855474
-0.00114307
-1000
0.0016695
-0.00113995
-1000
0.00223112
-0.00115997
-1000
0.00255448
-0.00118563
-1000
-0.00116851
-1000
0.000867826
-0.00160138
-999.999
0.00165153
-0.00161314
-999.999
0.00221134
-0.00163741
-1000
0.00255691
-0.00164302
-1000
-0.00155441
-1000
0.000862292
-0.00191494
-999.999
0.00161925
-0.00193242
-999.999
0.00220014
-0.00195272
-999.999
0.00261752
-0.0019058
-1000
-0.00181163
-1000
0.00085389
-999.998
0.00160517
-999.999
0.00225665
-999.999
0.00269522
-999.999
-1000
0.000680466
-0.000470125
-1000
0.00132419
-0.000448604
-1000
0.00174756
-0.000460413
-1000
0.00200497
-0.000482735
-1000
-0.000483682
-1000
0.000704632
-0.000851325
-1000
0.00131091
-0.000867266
-1000
0.00173266
-0.000894078
-1000
0.00200347
-0.000916954
-1000
-0.00089719
-1000
0.000696263
-0.00122511
-999.999
0.00128351
-0.00125268
-1000
0.00171629
-0.00128023
-1000
0.00201264
-0.00127274
-1000
-0.00117207
-1000
0.000672797
-0.0014686
-999.999
0.00125378
-0.00150426
-999.999
0.00172191
-0.00150901
-1000
0.00208558
-0.00142816
-1000
-0.00124858
-1000
0.00064047
-999.999
0.00124228
-999.999
0.00180597
-999.999
0.00224424
-1000
-1000
0.000595335
-0.000340054
-1000
0.00106563
-0.00035032
-1000
0.00139343
-0.000377417
-1000
0.00160717
-0.000402667
-1000
-0.00039793
-1000
0.000586715
-0.000703147
-1000
0.00103705
-0.000733969
-1000
0.00137429
-0.000757215
-1000
0.001613
-0.000757738
-1000
-0.00072573
-1000
0.000559578
-0.00103019
-1000
0.00101358
-0.00106204
-1000
0.00137601
-0.00106465
-1000
0.00164724
-0.00102556
-1000
-0.000932171
-1000
0.00053292
-0.00124302
-1000
0.00101324
-0.00125578
-1000
0.00141115
-0.00120497
-1000
0.00171794
-0.00109981
-1000
-0.000875794
-1000
0.000514045
-999.999
0.00104756
-999.999
0.00150697
-1000
0.00194593
-1000
-1000
0.000528932
-0.000299617
0.000907104
-0.000333048
0.00119804
-0.000359929
0.00140245
-0.000368289
-0.000333364
0.000498293
-0.000662941
0.000881037
-0.000693359
0.00119458
-0.000698239
0.00144185
-0.000667354
-0.000629933
0.000469217
-0.000960512
0.00087652
-0.000973865
0.00122303
-0.000941691
0.00149862
-0.000873679
-0.000793141
0.000461736
-0.00114856
0.000914646
-0.00110257
0.00128034
-0.00101117
0.00159461
-0.000886617
-0.000553406
0.000489236
0.00097668
0.00136158
0.00197607
)
;

boundaryField
{
    inlet
    {
        type            calculated;
        value           nonuniform List<scalar> 
25
(
-1000
-1000
-1000
-1000
-1000
-1000
-1000
-1000
-1000
-1000
-1000
-1000
-1000
-1000
-1000
-1000
-1000
-1000
-1000
-1000
-1000
-1000
-1000
-1000
-1000
)
;
    }
    outlet
    {
        type            calculated;
        value           nonuniform List<scalar> 
25
(
1000
1000
1000
1000
1000
1000
1000
1000
1000
1000
1000
1000
1000
1000
1000
1000
1000
1000
1000
1000
1000
1000
1000
1000
1000
)
;
    }
    repeat_boundary
    {
        type            calculated;
        value           uniform 0;
    }
    procBoundary0to1
    {
        type            processor;
        value           nonuniform List<scalar> 
450
(
-9.14377e-05
-9.2637e-05
-8.77119e-05
-8.42531e-05
-0.000106388
-0.000240871
-0.000240498
-0.000233149
-0.000235136
-0.00027379
-0.000406317
-0.000404296
-0.000397902
-0.000381431
-0.000468918
-0.000602797
-0.000602121
-0.000595887
-0.000590915
-0.000711484
-0.000856186
-0.000855664
-0.00084532
-0.00083153
-0.000886995
-0.00119352
-0.00119288
-0.0011773
-0.00114335
-0.00117767
-0.0016349
-0.00163091
-0.00160579
-0.00157769
-0.00160072
-0.00220264
-0.00219279
-0.00216332
-0.00215253
-0.00224904
-0.00293401
-0.00292165
-0.00290046
-0.00288831
-0.00303001
-0.00389577
-0.00388725
-0.00388005
-0.00385024
-0.00400042
-0.00518967
-0.00518712
-0.00518265
-0.00514753
-0.00526563
-0.0069486
-0.00695276
-0.00694356
-0.0069021
-0.00689304
-0.00933953
-0.00935552
-0.00934686
-0.00929854
-0.00917534
-0.0125801
-0.0126143
-0.0126169
-0.0125845
-0.0124655
-0.01697
-0.0170222
-0.017036
-0.0170382
-0.01702
-0.0229263
-0.022991
-0.0230043
-0.0230235
-0.0230832
-0.0310168
-0.0310953
-0.0311056
-0.0311247
-0.0311524
-0.0420124
-0.0421157
-0.0421379
-0.042183
-0.0421935
-0.0569681
-0.0571025
-0.0571413
-0.0572495
-0.0573861
-0.0773267
-0.0774842
-0.0775062
-0.0776432
-0.0779342
-0.105052
-0.105213
-0.105156
-0.105227
-0.105522
-0.142817
-0.142938
-0.142708
-0.142633
-0.142855
-0.194292
-0.19425
-0.193635
-0.193288
-0.193534
-0.264563
-0.264063
-0.262572
-0.261572
-0.261878
-0.360686
-0.359118
-0.355755
-0.353225
-0.353294
-0.492337
-0.488525
-0.481396
-0.475667
-0.474807
-0.671863
-0.66379
-0.649578
-0.637782
-0.635122
-0.910227
-0.895271
-0.869529
-0.847979
-0.843792
-1.20724
-1.18158
-1.13936
-1.10596
-1.1085
-1.5703
-1.52078
-1.44365
-1.38869
-1.4271
-2.04967
-1.95272
-1.79761
-1.66899
-1.77809
-2.70087
-2.52424
-2.23624
-1.91094
-2.14477
-3.5636
-3.27486
-2.77324
-1.96865
-2.51341
-4.57494
-4.27637
-3.37178
-1.52543
-2.78536
-5.29289
-5.63629
-3.97373
-0.0371109
-2.63804
-3.40543
-6.81015
-4.48067
7.27258
-0.830505
-11.6238
-28.1618
-4.12792
40.6395
8.27738
61.4973
14.4205
-20.3654
7.18529
7.83388
83.2315
-210.764
-34.8374
379.674
116.733
133.321
440.287
-60.0156
-330.617
-2.89721
144.453
-32.7487
-13.9493
184.605
11.6625
82.6235
-12.4558
94.0037
-376.849
-4.74924
-355.733
-452.446
50.9247
-872.611
-268.41
-105.955
-920.442
-466.671
54.1445
185.105
50.5706
422.338
-263.239
19.775
5.40864
68.4575
332.863
253.867
171.132
96.0339
-142.635
-132.44
171.308
319.313
786.406
-19.3585
-26.0746
-1.09054
252.112
29.4836
-96.9806
406.095
162.798
-274.065
44.3143
-313.868
-123.654
97.7655
33.8347
496.057
28.6959
49.5074
-162.273
41.4261
120.504
34.2945
17.7386
153.26
-95.6815
-13.958
-676.708
-474.656
-30.6518
442.653
-108.121
585.719
248.362
405.957
82.4915
-59.495
69.4567
47.0577
97.6461
101.469
17.507
115.402
71.5986
88.0834
59.5798
33.5902
68.6652
52.4619
56.7263
40.1334
30.6588
44.7794
37.4372
37.2559
27.9133
23.6556
29.1689
25.8664
24.5877
19.553
17.0051
19.0743
17.5336
16.3044
13.626
11.8638
12.5424
11.7803
10.8889
9.43581
8.2187
8.41656
8.02144
7.43453
6.60092
5.79194
5.80324
5.58407
5.2106
4.70707
4.18118
4.06905
3.94025
3.70475
3.39212
3.05329
2.87865
2.80051
2.652
2.45511
2.23723
2.04769
1.99949
1.9056
1.78059
1.64037
1.46242
1.43242
1.37289
1.29318
1.20296
1.04781
1.02905
0.991164
0.940182
0.882137
0.75283
0.741076
0.716873
0.684159
0.646744
0.542221
0.534856
0.519348
0.498306
0.47414
0.391393
0.386769
0.376807
0.363239
0.347553
0.283075
0.280169
0.273768
0.265016
0.254771
0.20508
0.203264
0.199167
0.19357
0.187003
0.148801
0.147668
0.145027
0.141445
0.137352
0.108137
0.107424
0.105677
0.103279
0.100544
0.0787119
0.0782696
0.0771118
0.075464
0.0734029
0.0573586
0.0570985
0.0563774
0.05536
0.0539937
0.0418153
0.0416605
0.0412308
0.0407079
0.040161
0.0304919
0.0303847
0.0300936
0.0297836
0.0296877
0.022257
0.0221769
0.0219426
0.0216285
0.0213687
0.016277
0.016225
0.0160482
0.015733
0.0150926
0.0119292
0.0119017
0.0117998
0.0115817
0.0108885
0.00876252
0.0087444
0.00869826
0.00863122
0.00826201
0.00646179
0.00643857
0.00640381
0.00641009
0.00638702
0.00480046
0.00476877
0.00471502
0.00469818
0.00475695
0.00361024
0.00357821
0.00350726
0.00345002
0.00335438
0.00276497
0.00274471
0.00267803
0.00258566
0.00219891
0.00218106
0.00217443
0.00211782
0.00199551
0.00143471
0.0018045
0.00180448
0.00174785
0.00156405
0.000960527
0.00162442
0.0016232
0.00154702
0.00124606
0.000537829
)
;
    }
    procBoundary0to2
    {
        type            processor;
        value           nonuniform List<scalar> 
450
(
0.000199071
0.000201571
0.000200319
0.000234296
0.000270155
0.000538455
0.000540818
0.000531035
0.000590066
0.000738121
0.000954425
0.000949494
0.000926777
0.000902745
0.00115216
0.00146914
0.00145971
0.00143186
0.00140479
0.00160347
0.00214386
0.0021315
0.00210854
0.00210535
0.00219261
0.00305795
0.00305661
0.00304092
0.00304464
0.00305981
0.00431099
0.00432425
0.00432453
0.00431041
0.0043031
0.00602708
0.00605362
0.00606374
0.00604608
0.00603529
0.00836615
0.00839944
0.00840696
0.00839837
0.0083835
0.0115415
0.0115748
0.0115754
0.0115893
0.0115481
0.0158501
0.015883
0.0158848
0.0159048
0.0158529
0.0217079
0.0217476
0.0217567
0.0217837
0.0217423
0.0296903
0.0297454
0.0297549
0.029784
0.0298234
0.0405761
0.0406523
0.0406494
0.0406567
0.0406861
0.0554053
0.0555082
0.0554891
0.0554566
0.0553783
0.0755725
0.0757119
0.0756848
0.075631
0.0754897
0.102976
0.103163
0.103126
0.103069
0.102976
0.140217
0.140462
0.14039
0.140288
0.140211
0.19085
0.191169
0.191035
0.190824
0.190613
0.259706
0.260128
0.259922
0.259589
0.259183
0.353356
0.353912
0.353607
0.353155
0.35263
0.480741
0.481455
0.480972
0.480309
0.479643
0.654022
0.654921
0.654139
0.653063
0.651977
0.889704
0.890825
0.889585
0.88785
0.885952
1.21014
1.21149
1.20953
1.20681
1.20375
1.64548
1.64694
1.64383
1.6395
1.63493
2.23601
2.23722
2.23226
2.22503
2.21863
3.0345
3.03438
3.02679
3.01352
3.00616
4.10607
4.10145
4.09207
4.06376
4.06383
5.51439
5.49561
5.49547
5.42238
5.47476
7.28017
7.21447
7.27519
7.04596
7.34084
9.38618
9.1905
9.46023
8.72148
9.83954
11.7914
11.3487
12.0785
10.0853
13.3073
14.2153
13.5407
14.852
10.4334
18.2872
15.5801
15.3435
16.5433
8.24558
25.8609
14.2914
16.2794
14.2575
1.34296
38.7162
-3.53527
18.026
-7.72746
-45.8142
58.2782
-20.2311
11.4259
-47.9301
-17.8113
112.135
-274.577
44.196
-357.264
-408.045
267.624
169.817
-34.8768
-34.2783
264.777
325.541
-11.845
16.6112
-99.3011
-16.3902
152.333
-149.374
55.2316
379.174
-132.581
-223.854
-118.246
-7.56155
-16.5167
4.96849
-36.3101
546.761
-133.638
-252.156
164.844
-804.134
-105.04
-363.758
613.694
-35.9617
-976.985
-141.411
-44.3377
418.017
-221.193
411.99
-230.646
279.381
-188.455
260.028
5.00124
-1071.75
220.828
185.556
-163.705
-73.645
-97.7211
-145.124
80.9854
-669.492
13.5435
-60.486
-471.387
-17.4787
172.797
99.5098
316.834
-64.1496
-48.5394
-171.383
-233.48
182.105
201.327
-18.2789
-267.763
-240.811
-340.675
214.984
-12.487
511.627
140.816
202.44
278.536
-75.6841
-102.968
-182.188
0.333723
57.1337
-16.3765
26.5075
-22.2597
16.2664
27.7261
-8.29362
-9.63392
-23.3433
6.09417
8.29505
-5.32068
-9.45756
-14.0151
0.797946
0.479407
-4.60803
-8.14306
-10.8714
-1.05988
-1.5463
-4.19235
-6.62308
-8.81252
-1.72147
-2.16337
-3.73795
-5.32887
-7.09131
-1.90726
-2.26184
-3.2284
-4.29991
-5.57547
-1.85419
-2.12525
-2.72672
-3.45903
-4.28221
-1.6914
-1.8849
-2.2564
-2.71981
-3.22743
-1.46084
-1.58397
-1.80302
-2.08632
-2.40673
-1.19277
-1.26841
-1.40157
-1.5803
-1.78675
-0.942371
-0.990381
-1.07489
-1.18977
-1.32362
-0.732627
-0.763665
-0.818029
-0.892243
-0.979031
-0.563878
-0.584098
-0.619228
-0.667257
-0.723467
-0.430822
-0.444052
-0.466793
-0.497927
-0.534357
-0.327271
-0.335939
-0.350661
-0.370849
-0.394467
-0.247436
-0.253115
-0.262646
-0.275742
-0.291113
-0.186325
-0.190041
-0.196207
-0.204696
-0.214761
-0.13983
-0.14226
-0.146236
-0.151693
-0.15816
-0.104637
-0.106244
-0.108828
-0.112336
-0.116368
-0.0781067
-0.0791911
-0.0809132
-0.0832631
-0.0859382
-0.058177
-0.0589058
-0.06005
-0.0616663
-0.0636629
-0.0432655
-0.0437369
-0.0444528
-0.0454639
-0.0467992
-0.0321437
-0.032448
-0.0328848
-0.0334252
-0.0339625
-0.0238495
-0.0240624
-0.0243671
-0.0246974
-0.0247693
-0.0176528
-0.0178079
-0.0180464
-0.018358
-0.0185635
-0.0130258
-0.0131274
-0.0132883
-0.0135625
-0.0141048
-0.009585
-0.00964073
-0.00971422
-0.00987427
-0.0104491
-0.00703489
-0.0070664
-0.00708257
-0.00710735
-0.00737356
-0.00514502
-0.00517318
-0.00518244
-0.00514019
-0.00507586
-0.00374986
-0.00377924
-0.00380884
-0.00378716
-0.00367082
-0.00273656
-0.00275665
-0.00279622
-0.00284538
-0.00296664
-0.00202148
-0.00203239
-0.00208677
-0.00217874
-0.00257455
-0.00153831
-0.0015397
-0.001584
-0.00168624
-0.00243416
-0.00122729
-0.00121903
-0.00124837
-0.00138797
-0.00234063
-0.0010717
-0.00106323
-0.00109986
-0.00143395
-0.00238818
)
;
    }
}


// ************************************************************************* //
