/*--------------------------------*- C++ -*----------------------------------*\
| =========                 |                                                 |
| \\      /  F ield         | OpenFOAM: The Open Source CFD Toolbox           |
|  \\    /   O peration     | Version:  5.x                                   |
|   \\  /    A nd           | Web:      www.OpenFOAM.org                      |
|    \\/     M anipulation  |                                                 |
\*---------------------------------------------------------------------------*/
FoamFile
{
    version     2.0;
    format      ascii;
    class       labelList;
    location    "constant/polyMesh";
    object      faceProcAddressing;
}
// * * * * * * * * * * * * * * * * * * * * * * * * * * * * * * * * * * * * * //


901
(
5
13
21
29
37
45
53
61
69
77
85
93
101
109
117
125
133
141
149
157
165
173
181
189
197
205
213
221
229
237
245
253
261
269
277
285
293
301
309
317
325
333
341
349
357
365
373
381
389
397
405
413
421
429
437
445
453
461
469
477
485
493
501
509
517
525
533
541
549
557
565
573
581
589
597
605
613
621
629
637
645
653
661
669
677
685
693
701
709
717
725
733
741
749
757
765
773
781
789
797
805
813
821
829
837
845
853
861
869
877
885
893
901
909
917
925
933
941
949
957
965
973
981
989
997
1005
1013
1021
1029
1037
1045
1053
1061
1069
1077
1085
1093
1101
1109
1117
1125
1133
1141
1149
1157
1165
1173
1181
1189
1197
1205
1213
1221
1229
1237
1245
1253
1261
1269
1277
1285
1293
1301
1309
1317
1325
1333
1341
1349
1357
1365
1373
1381
1389
1397
1405
1413
1421
1429
1439
1443
1625
1626
1627
1628
1629
1630
1631
1632
1633
1634
1635
1636
1637
1638
1639
1640
1641
1642
1643
1644
1645
1646
1647
1648
1649
1650
1651
1652
1653
1654
1655
1656
1657
1658
1659
1660
1661
1662
1663
1664
1665
1666
1667
1668
1669
1670
1671
1672
1673
1674
1675
1676
1677
1678
1679
1680
1681
1682
1683
1684
1685
1686
1687
1688
1689
1690
1691
1692
1693
1694
1695
1696
1697
1698
1699
1700
1701
1702
1703
1704
1705
1706
1707
1708
1709
1710
1711
1712
1713
1714
1715
1716
1717
1718
1719
1720
1721
1722
1723
1724
1725
1726
1727
1728
1729
1730
1731
1732
1733
1734
1735
1736
1737
1738
1739
1740
1741
1742
1743
1744
1745
1746
1747
1748
1749
1750
1751
1752
1753
1754
1755
1756
1757
1758
1759
1760
1761
1762
1763
1764
1765
1766
1767
1768
1769
1770
1771
1772
1773
1774
1775
1776
1777
1778
1779
1780
1781
1782
1783
1784
1785
1786
1787
1788
1789
1790
1791
1792
1793
1794
1795
1796
1797
1798
1799
1800
1801
1802
1803
1804
1805
1807
1809
1811
1813
1815
1817
1819
1821
1823
1825
1827
1829
1831
1833
1835
1837
1839
1841
1843
1845
1847
1849
1851
1853
1855
1857
1859
1861
1863
1865
1867
1869
1871
1873
1875
1877
1879
1881
1883
1885
1887
1889
1891
1893
1895
1897
1899
1901
1903
1905
1907
1909
1911
1913
1915
1917
1919
1921
1923
1925
1927
1929
1931
1933
1935
1937
1939
1941
1943
1945
1947
1949
1951
1953
1955
1957
1959
1961
1963
1965
1967
1969
1971
1973
1975
1977
1979
1981
1983
1985
1987
1989
1991
1993
1995
1997
1999
2001
2003
2005
2007
2009
2011
2013
2015
2017
2019
2021
2023
2025
2027
2029
2031
2033
2035
2037
2039
2041
2043
2045
2047
2049
2051
2053
2055
2057
2059
2061
2063
2065
2067
2069
2071
2073
2075
2077
2079
2081
2083
2085
2087
2089
2091
2093
2095
2097
2099
2101
2103
2105
2107
2109
2111
2113
2115
2117
2119
2121
2123
2125
2127
2129
2131
2133
2135
2137
2139
2141
2143
2145
2147
2149
2151
2153
2155
2157
2159
2161
2163
-1
-9
-17
-25
-33
-41
-49
-57
-65
-73
-81
-89
-97
-105
-113
-121
-129
-137
-145
-153
-161
-169
-177
-185
-193
-201
-209
-217
-225
-233
-241
-249
-257
-265
-273
-281
-289
-297
-305
-313
-321
-329
-337
-345
-353
-361
-369
-377
-385
-393
-401
-409
-417
-425
-433
-441
-449
-457
-465
-473
-481
-489
-497
-505
-513
-521
-529
-537
-545
-553
-561
-569
-577
-585
-593
-601
-609
-617
-625
-633
-641
-649
-657
-665
-673
-681
-689
-697
-705
-713
-721
-729
-737
-745
-753
-761
-769
-777
-785
-793
-801
-809
-817
-825
-833
-841
-849
-857
-865
-873
-881
-889
-897
-905
-913
-921
-929
-937
-945
-953
-961
-969
-977
-985
-993
-1001
-1009
-1017
-1025
-1033
-1041
-1049
-1057
-1065
-1073
-1081
-1089
-1097
-1105
-1113
-1121
-1129
-1137
-1145
-1153
-1161
-1169
-1177
-1185
-1193
-1201
-1209
-1217
-1225
-1233
-1241
-1249
-1257
-1265
-1273
-1281
-1289
-1297
-1305
-1313
-1321
-1329
-1337
-1345
-1353
-1361
-1369
-1377
-1385
-1393
-1401
-1409
-1417
-1425
-1433
4
12
20
28
36
44
52
60
68
76
84
92
100
108
116
124
132
140
148
156
164
172
180
188
196
204
212
220
228
236
244
252
260
268
276
284
292
300
308
316
324
332
340
348
356
364
372
380
388
396
404
412
420
428
436
444
452
460
468
476
484
492
500
508
516
524
532
540
548
556
564
572
580
588
596
604
612
620
628
636
644
652
660
668
676
684
692
700
708
716
724
732
740
748
756
764
772
780
788
796
804
812
820
828
836
844
852
860
868
876
884
892
900
908
916
924
932
940
948
956
964
972
980
988
996
1004
1012
1020
1028
1036
1044
1052
1060
1068
1076
1084
1092
1100
1108
1116
1124
1132
1140
1148
1156
1164
1172
1180
1188
1196
1204
1212
1220
1228
1236
1244
1252
1260
1268
1276
1284
1292
1300
1308
1316
1324
1332
1340
1348
1356
1364
1372
1380
1388
1396
1404
1412
1420
1428
1435
)


// ************************************************************************* //
