/*--------------------------------*- C++ -*----------------------------------*\
| =========                 |                                                 |
| \\      /  F ield         | OpenFOAM: The Open Source CFD Toolbox           |
|  \\    /   O peration     | Version:  5.x                                   |
|   \\  /    A nd           | Web:      www.OpenFOAM.org                      |
|    \\/     M anipulation  |                                                 |
\*---------------------------------------------------------------------------*/
FoamFile
{
    version     2.0;
    format      ascii;
    class       surfaceScalarField;
    location    "0.07";
    object      phi;
}
// * * * * * * * * * * * * * * * * * * * * * * * * * * * * * * * * * * * * * //

dimensions      [0 3 -1 0 0 0 0];

internalField   nonuniform List<scalar> 
5825
(
-2.30973e-16
-3.75679e-17
-9.99999e-10
-2.12945e-16
-6.11043e-17
-9.99999e-10
-1.4693e-16
-6.23668e-17
-1e-09
-6.66129e-17
-5.82543e-17
-1e-09
-4.96721e-17
-1e-09
-2.55023e-16
-1.00991e-16
-9.99999e-10
-2.14983e-16
-1.01831e-16
-1e-09
-1.43499e-16
-9.07351e-17
-1e-09
-5.82762e-17
-7.58392e-17
-1e-09
-6.16365e-17
-1e-09
-2.55781e-16
-1.49554e-16
-9.99999e-10
-2.03469e-16
-1.34392e-16
-1e-09
-1.2863e-16
-1.15184e-16
-1e-09
-4.42211e-17
-9.49023e-17
-1e-09
-8.61666e-17
-1e-09
-2.38038e-16
-1.89181e-16
-1e-09
-1.83303e-16
-1.70251e-16
-1e-09
-1.08288e-16
-1.46057e-16
-1e-09
-3.56461e-17
-1.21e-16
-1e-09
-1.14316e-16
-1e-09
-2.17414e-16
-1e-09
-1.59341e-16
-1e-09
-8.32862e-17
-1e-09
-2.92293e-17
-1e-09
-1e-09
-6.53366e-16
-1.31671e-16
-9.99999e-10
-5.6019e-16
-1.66619e-16
-9.99999e-10
-3.88665e-16
-1.60623e-16
-1e-09
-1.72766e-16
-1.29449e-16
-1e-09
-1.13758e-16
-1e-09
-6.90897e-16
-2.86202e-16
-9.99999e-10
-5.5649e-16
-2.69523e-16
-9.99999e-10
-3.58898e-16
-2.30382e-16
-1e-09
-1.57028e-16
-2.04109e-16
-1e-09
-1.69774e-16
-1e-09
-6.75352e-16
-3.81221e-16
-9.99999e-10
-5.15933e-16
-3.56786e-16
-1e-09
-3.32547e-16
-3.12559e-16
-1e-09
-1.2297e-16
-2.58927e-16
-1e-09
-2.48076e-16
-1e-09
-6.49046e-16
-4.41261e-16
-1e-09
-4.67899e-16
-4.15367e-16
-1e-09
-2.78512e-16
-3.61543e-16
-1e-09
-1.12716e-16
-3.08303e-16
-1e-09
-2.93078e-16
-1e-09
-6.32251e-16
-1e-09
-4.11022e-16
-1e-09
-2.22784e-16
-1e-09
-9.65311e-17
-1e-09
-1e-09
-1.09574e-15
-2.73698e-16
-9.99999e-10
-9.15009e-16
-2.74872e-16
-9.99999e-10
-6.19357e-16
-2.51072e-16
-1e-09
-2.84982e-16
-2.0879e-16
-1e-09
-1.79638e-16
-1e-09
-1.10194e-15
-5.15845e-16
-9.99999e-10
-8.94262e-16
-4.85551e-16
-9.99999e-10
-5.78615e-16
-4.13136e-16
-1e-09
-2.55864e-16
-3.73122e-16
-1e-09
-3.47595e-16
-1e-09
-1.07361e-15
-6.34441e-16
-9.99999e-10
-8.19371e-16
-6.10649e-16
-1e-09
-5.38324e-16
-5.59061e-16
-1e-09
-2.31067e-16
-5.08629e-16
-1e-09
-5.18524e-16
-1e-09
-1.05852e-15
-6.15496e-16
-1e-09
-7.63564e-16
-6.45761e-16
-1e-09
-4.88008e-16
-6.31569e-16
-1e-09
-2.4276e-16
-6.14318e-16
-1e-09
-6.13138e-16
-1e-09
-1.08375e-15
-1e-09
-7.38741e-16
-1e-09
-4.63354e-16
-1e-09
-2.39307e-16
-1e-09
-1e-09
-1.57713e-15
-4.47662e-16
-9.99998e-10
-1.297e-15
-4.02419e-16
-9.99999e-10
-8.874e-16
-3.55621e-16
-1e-09
-4.32614e-16
-3.21604e-16
-1e-09
-2.98809e-16
-1e-09
-1.5381e-15
-8.13863e-16
-9.99999e-10
-1.2533e-15
-7.43682e-16
-9.99999e-10
-8.55363e-16
-6.76125e-16
-1e-09
-4.102e-16
-6.43242e-16
-1e-09
-6.3605e-16
-1e-09
-1.46829e-15
-9.92364e-16
-9.99999e-10
-1.18268e-15
-9.66653e-16
-1e-09
-8.22128e-16
-9.35318e-16
-1e-09
-4.04706e-16
-8.99081e-16
-1e-09
-9.21479e-16
-1e-09
-1.44843e-15
-9.62888e-16
-9.99999e-10
-1.14745e-15
-1.02242e-15
-1e-09
-7.86647e-16
-1.06654e-15
-1e-09
-4.30358e-16
-1.09408e-15
-1e-09
-1.10272e-15
-1e-09
-1.50918e-15
-1e-09
-1.17113e-15
-1e-09
-8.05255e-16
-1e-09
-4.3891e-16
-1e-09
-1e-09
-2.18207e-15
-6.32939e-16
-9.99998e-10
-1.78722e-15
-5.59055e-16
-9.99999e-10
-1.26779e-15
-5.21545e-16
-1e-09
-6.53523e-16
-4.99757e-16
-1e-09
-4.9746e-16
-1e-09
-2.11531e-15
-1.16625e-15
-9.99998e-10
-1.75311e-15
-1.08043e-15
-9.99999e-10
-1.24865e-15
-1.03165e-15
-1e-09
-6.52494e-16
-1.0205e-15
-1e-09
-1.02503e-15
-1e-09
-2.0332e-15
-1.4889e-15
-9.99999e-10
-1.70168e-15
-1.4525e-15
-9.99999e-10
-1.23744e-15
-1.44149e-15
-1e-09
-6.5966e-16
-1.42544e-15
-1e-09
-1.42832e-15
-1e-09
-1.99762e-15
-1.63965e-15
-9.99999e-10
-1.68754e-15
-1.65382e-15
-1e-09
-1.22286e-15
-1.68675e-15
-1e-09
-6.67194e-16
-1.70515e-15
-1e-09
-1.69707e-15
-1e-09
-2.01132e-15
-1e-09
-1.70331e-15
-1e-09
-1.23273e-15
-1e-09
-6.59333e-16
-1e-09
-1e-09
-2.99698e-15
-8.23146e-16
-9.99997e-10
-2.48272e-15
-7.62066e-16
-9.99999e-10
-1.8124e-15
-7.58042e-16
-1e-09
-9.70108e-16
-7.56177e-16
-1e-09
-7.63912e-16
-1e-09
-2.94299e-15
-1.54605e-15
-9.99998e-10
-2.48384e-15
-1.49555e-15
-9.99999e-10
-1.815e-15
-1.47704e-15
-1e-09
-9.81044e-16
-1.47708e-15
-1e-09
-1.47363e-15
-1e-09
-2.89538e-15
-2.05342e-15
-9.99998e-10
-2.46343e-15
-2.04388e-15
-9.99999e-10
-1.81553e-15
-2.04237e-15
-1e-09
-9.81528e-16
-2.03444e-15
-1e-09
-2.00661e-15
-1e-09
-2.88507e-15
-2.41222e-15
-9.99999e-10
-2.46015e-15
-2.41091e-15
-1e-09
-1.80977e-15
-2.40383e-15
-1e-09
-9.59489e-16
-2.38969e-15
-1e-09
-2.36272e-15
-1e-09
-2.86679e-15
-1e-09
-2.43233e-15
-1e-09
-1.7888e-15
-1e-09
-9.3438e-16
-1e-09
-1e-09
-4.09824e-15
-1.05892e-15
-9.99997e-10
-3.4633e-15
-1.04192e-15
-9.99998e-10
-2.55604e-15
-1.06567e-15
-1e-09
-1.37575e-15
-1.07564e-15
-1e-09
-1.0666e-15
-1e-09
-4.08884e-15
-2.0103e-15
-9.99997e-10
-3.49535e-15
-2.01428e-15
-9.99999e-10
-2.57295e-15
-2.01759e-15
-1e-09
-1.37234e-15
-2.00758e-15
-1e-09
-1.9958e-15
-1e-09
-4.09169e-15
-2.70817e-15
-9.99998e-10
-3.4986e-15
-2.75177e-15
-9.99999e-10
-2.56404e-15
-2.75042e-15
-1e-09
-1.36593e-15
-2.75283e-15
-1e-09
-2.72045e-15
-1e-09
-4.12644e-15
-3.18034e-15
-9.99999e-10
-3.49727e-15
-3.2007e-15
-1e-09
-2.56838e-15
-3.20413e-15
-1e-09
-1.34077e-15
-3.20312e-15
-1e-09
-3.19033e-15
-1e-09
-4.11365e-15
-1e-09
-3.47755e-15
-1e-09
-2.56085e-15
-1e-09
-1.33222e-15
-1e-09
-1e-09
-5.58627e-15
-1.41755e-15
-9.99996e-10
-4.78677e-15
-1.42998e-15
-9.99998e-10
-3.51491e-15
-1.45448e-15
-9.99999e-10
-1.85979e-15
-1.4551e-15
-1e-09
-1.42759e-15
-1e-09
-5.60891e-15
-2.6794e-15
-9.99996e-10
-4.82341e-15
-2.70269e-15
-9.99998e-10
-3.52493e-15
-2.70683e-15
-1e-09
-1.83978e-15
-2.69636e-15
-1e-09
-2.69874e-15
-1e-09
-5.62954e-15
-3.63449e-15
-9.99997e-10
-4.8288e-15
-3.68791e-15
-9.99999e-10
-3.51581e-15
-3.69918e-15
-1e-09
-1.84945e-15
-3.72514e-15
-1e-09
-3.71711e-15
-1e-09
-5.67215e-15
-4.19912e-15
-9.99999e-10
-4.84018e-15
-4.24076e-15
-1e-09
-3.543e-15
-4.29395e-15
-1e-09
-1.85104e-15
-4.34487e-15
-1e-09
-4.36029e-15
-1e-09
-5.66882e-15
-1e-09
-4.8806e-15
-1e-09
-3.58909e-15
-1e-09
-1.87384e-15
-1.00001e-09
-1.00001e-09
-7.58781e-15
-1.94848e-15
-9.99994e-10
-6.51262e-15
-1.95092e-15
-9.99997e-10
-4.74206e-15
-1.96078e-15
-9.99999e-10
-2.47863e-15
-1.95439e-15
-1e-09
-1.93459e-15
-1e-09
-7.60606e-15
-3.64536e-15
-9.99995e-10
-6.53866e-15
-3.66558e-15
-9.99998e-10
-4.74797e-15
-3.67362e-15
-1e-09
-2.46924e-15
-3.69141e-15
-1e-09
-3.71335e-15
-1e-09
-7.62493e-15
-5.00073e-15
-9.99996e-10
-6.54807e-15
-5.03457e-15
-9.99999e-10
-4.76731e-15
-5.07931e-15
-1e-09
-2.50089e-15
-5.12573e-15
-1e-09
-5.13559e-15
-1e-09
-7.64772e-15
-5.82256e-15
-9.99998e-10
-6.59352e-15
-5.85887e-15
-1e-09
-4.81491e-15
-5.94836e-15
-1e-09
-2.52342e-15
-6.01859e-15
-1.00001e-09
-6.0368e-15
-1.00001e-09
-7.62064e-15
-1e-09
-6.67062e-15
-1e-09
-4.88247e-15
-1.00001e-09
-2.55424e-15
-1.00001e-09
-1.00001e-09
-1.02936e-14
-2.66251e-15
-9.99992e-10
-8.80925e-15
-2.66067e-15
-9.99996e-10
-6.40025e-15
-2.67108e-15
-9.99999e-10
-3.34686e-15
-2.67169e-15
-1e-09
-2.66828e-15
-1e-09
-1.03145e-14
-5.01004e-15
-9.99993e-10
-8.84113e-15
-5.04797e-15
-9.99997e-10
-6.41709e-15
-5.07121e-15
-1e-09
-3.35739e-15
-5.11047e-15
-1e-09
-5.12421e-15
-1e-09
-1.03516e-14
-6.93516e-15
-9.99995e-10
-8.86525e-15
-6.97701e-15
-9.99999e-10
-6.45798e-15
-7.03944e-15
-1e-09
-3.384e-15
-7.07384e-15
-1e-09
-7.07582e-15
-1.00001e-09
-1.03857e-14
-8.21675e-15
-9.99997e-10
-8.92892e-15
-8.23998e-15
-1e-09
-6.49372e-15
-8.30564e-15
-1e-09
-3.40304e-15
-8.33249e-15
-1.00001e-09
-8.32442e-15
-1.00001e-09
-1.03429e-14
-1e-09
-8.9843e-15
-1e-09
-6.51876e-15
-1.00001e-09
-3.41424e-15
-1.00001e-09
-1.00001e-09
-1.40399e-14
-3.64255e-15
-9.99989e-10
-1.19781e-14
-3.66068e-15
-9.99994e-10
-8.70583e-15
-3.67414e-15
-9.99998e-10
-4.56355e-15
-3.67193e-15
-1e-09
-3.66737e-15
-1e-09
-1.40899e-14
-6.9452e-15
-9.9999e-10
-1.20202e-14
-6.9895e-15
-9.99995e-10
-8.72507e-15
-7.00676e-15
-1e-09
-4.57824e-15
-7.02877e-15
-1e-09
-7.01421e-15
-1e-09
-1.41337e-14
-9.59749e-15
-9.99993e-10
-1.20379e-14
-9.65389e-15
-9.99998e-10
-8.7485e-15
-9.68651e-15
-1e-09
-4.5811e-15
-9.68522e-15
-1.00001e-09
-9.67144e-15
-1.00001e-09
-1.41871e-14
-1.13903e-14
-9.99996e-10
-1.20727e-14
-1.14137e-14
-1e-09
-8.74876e-15
-1.14252e-14
-1.00001e-09
-4.59085e-15
-1.13952e-14
-1.00001e-09
-1.1362e-14
-1.00001e-09
-1.41457e-14
-1e-09
-1.20714e-14
-1.00001e-09
-8.7168e-15
-1.00001e-09
-4.58486e-15
-1.00001e-09
-1.00002e-09
-1.92308e-14
-5.03297e-15
-9.99984e-10
-1.63453e-14
-5.03648e-15
-9.99992e-10
-1.18729e-14
-5.02902e-15
-9.99998e-10
-6.22596e-15
-5.00954e-15
-1e-09
-4.9983e-15
-1e-09
-1.92777e-14
-9.60106e-15
-9.99986e-10
-1.63761e-14
-9.60479e-15
-9.99994e-10
-1.18819e-14
-9.59168e-15
-1e-09
-6.24132e-15
-9.58296e-15
-1e-09
-9.5521e-15
-1.00001e-09
-1.92801e-14
-1.31642e-14
-9.9999e-10
-1.6364e-14
-1.32231e-14
-9.99997e-10
-1.18745e-14
-1.32125e-14
-1e-09
-6.23415e-15
-1.3188e-14
-1.00001e-09
-1.31638e-14
-1.00001e-09
-1.9332e-14
-1.55247e-14
-9.99995e-10
-1.63569e-14
-1.55601e-14
-1e-09
-1.18516e-14
-1.55411e-14
-1.00001e-09
-6.24209e-15
-1.54934e-14
-1.00001e-09
-1.54441e-14
-1.00001e-09
-1.93037e-14
-1e-09
-1.63322e-14
-1.00001e-09
-1.18032e-14
-1.00001e-09
-6.2303e-15
-1.00002e-09
-1.00002e-09
-2.62704e-14
-6.917e-15
-9.99979e-10
-2.22885e-14
-6.87086e-15
-9.99989e-10
-1.61872e-14
-6.83872e-15
-9.99997e-10
-8.49963e-15
-6.81457e-15
-1e-09
-6.80552e-15
-1.00001e-09
-2.62831e-14
-1.3113e-14
-9.99982e-10
-2.23075e-14
-1.3088e-14
-9.99991e-10
-1.62009e-14
-1.30562e-14
-1e-09
-8.5265e-15
-1.30321e-14
-1.00001e-09
-1.29952e-14
-1.00001e-09
-2.6256e-14
-1.79383e-14
-9.99986e-10
-2.2278e-14
-1.80041e-14
-9.99996e-10
-1.61789e-14
-1.79748e-14
-1e-09
-8.52167e-15
-1.79375e-14
-1.00001e-09
-1.78922e-14
-1.00001e-09
-2.63095e-14
-2.10461e-14
-9.99993e-10
-2.22533e-14
-2.11382e-14
-1e-09
-1.61436e-14
-2.11167e-14
-1.00001e-09
-8.51972e-15
-2.10705e-14
-1.00002e-09
-2.09859e-14
-1.00002e-09
-2.63331e-14
-1e-09
-2.22329e-14
-1.00001e-09
-1.6099e-14
-1.00002e-09
-8.48627e-15
-1.00002e-09
-1.00003e-09
-3.57866e-14
-9.41011e-15
-9.99971e-10
-3.03857e-14
-9.34274e-15
-9.99985e-10
-2.20847e-14
-9.30738e-15
-9.99996e-10
-1.16225e-14
-9.29164e-15
-1e-09
-9.27414e-15
-1.00001e-09
-3.57995e-14
-1.78236e-14
-9.99975e-10
-3.04193e-14
-1.78044e-14
-9.99988e-10
-2.21202e-14
-1.77592e-14
-1e-09
-1.16531e-14
-1.77149e-14
-1.00001e-09
-1.76584e-14
-1.00001e-09
-3.57806e-14
-2.44711e-14
-9.99982e-10
-3.03776e-14
-2.45009e-14
-9.99995e-10
-2.20797e-14
-2.44411e-14
-1.00001e-09
-1.16399e-14
-2.43734e-14
-1.00001e-09
-2.42872e-14
-1.00002e-09
-3.58013e-14
-2.87018e-14
-9.99991e-10
-3.03218e-14
-2.875e-14
-1e-09
-2.20153e-14
-2.8696e-14
-1.00002e-09
-1.16121e-14
-2.86342e-14
-1.00002e-09
-2.84955e-14
-1.00003e-09
-3.57957e-14
-1e-09
-3.02707e-14
-1.00001e-09
-2.19564e-14
-1.00003e-09
-1.15422e-14
-1.00003e-09
-1.00004e-09
-4.87669e-14
-1.27968e-14
-9.99961e-10
-4.14596e-14
-1.27313e-14
-9.99979e-10
-3.01468e-14
-1.2691e-14
-9.99995e-10
-1.58772e-14
-1.2664e-14
-1.00001e-09
-1.26151e-14
-1.00001e-09
-4.88108e-14
-2.42813e-14
-9.99966e-10
-4.15133e-14
-2.42285e-14
-9.99984e-10
-3.01892e-14
-2.41367e-14
-1e-09
-1.5893e-14
-2.40501e-14
-1.00001e-09
-2.39606e-14
-1.00002e-09
-4.87609e-14
-3.34156e-14
-9.99975e-10
-4.14265e-14
-3.33166e-14
-9.99993e-10
-3.01089e-14
-3.31845e-14
-1.00001e-09
-1.58623e-14
-3.30758e-14
-1.00002e-09
-3.29402e-14
-1.00003e-09
-4.86599e-14
-3.91967e-14
-9.99988e-10
-4.12971e-14
-3.90673e-14
-1.00001e-09
-3.00047e-14
-3.89446e-14
-1.00002e-09
-1.58058e-14
-3.88539e-14
-1.00003e-09
-3.86711e-14
-1.00004e-09
-4.85099e-14
-1e-09
-4.1174e-14
-1.00002e-09
-2.99176e-14
-1.00003e-09
-1.57156e-14
-1.00005e-09
-1.00005e-09
-6.65021e-14
-1.74325e-14
-9.99947e-10
-5.65838e-14
-1.73503e-14
-9.99972e-10
-4.1128e-14
-1.72724e-14
-9.99993e-10
-2.16432e-14
-1.72063e-14
-1.00001e-09
-1.71245e-14
-1.00002e-09
-6.65679e-14
-3.30842e-14
-9.99954e-10
-5.66338e-14
-3.2927e-14
-9.99979e-10
-4.11558e-14
-3.27598e-14
-1e-09
-2.16493e-14
-3.26315e-14
-1.00001e-09
-3.25035e-14
-1.00002e-09
-6.64142e-14
-4.54732e-14
-9.99966e-10
-5.64744e-14
-4.52298e-14
-9.99991e-10
-4.10361e-14
-4.50205e-14
-1.00001e-09
-2.16013e-14
-4.48752e-14
-1.00003e-09
-4.46854e-14
-1.00004e-09
-6.61665e-14
-5.32921e-14
-9.99983e-10
-5.62675e-14
-5.30207e-14
-1.00001e-09
-4.08963e-14
-5.28296e-14
-1.00003e-09
-2.1519e-14
-5.27021e-14
-1.00004e-09
-5.24937e-14
-1.00005e-09
-6.58787e-14
-1e-09
-5.60778e-14
-1.00003e-09
-4.07746e-14
-1.00005e-09
-2.14364e-14
-1.00006e-09
-1.00007e-09
-9.07125e-14
-2.37324e-14
-9.99928e-10
-7.72009e-14
-2.35952e-14
-9.99962e-10
-5.60799e-14
-2.34497e-14
-9.99991e-10
-2.94885e-14
-2.33403e-14
-1.00001e-09
-2.32339e-14
-1.00002e-09
-9.07759e-14
-4.50133e-14
-9.99937e-10
-7.72285e-14
-4.47122e-14
-9.99971e-10
-5.6098e-14
-4.4465e-14
-1e-09
-2.95022e-14
-4.43003e-14
-1.00002e-09
-4.41164e-14
-1.00003e-09
-9.04794e-14
-6.17833e-14
-9.99954e-10
-7.69921e-14
-6.14159e-14
-9.99987e-10
-5.59447e-14
-6.11273e-14
-1.00002e-09
-2.94274e-14
-6.09211e-14
-1.00004e-09
-6.06655e-14
-1.00005e-09
-9.01045e-14
-7.24113e-14
-9.99977e-10
-7.6706e-14
-7.20383e-14
-1.00001e-09
-5.57449e-14
-7.17378e-14
-1.00004e-09
-2.93176e-14
-7.15405e-14
-1.00006e-09
-7.12918e-14
-1.00007e-09
-8.97116e-14
-1e-09
-7.64099e-14
-1.00004e-09
-5.55576e-14
-1.00006e-09
-2.92411e-14
-1.00009e-09
-1.0001e-09
-1.2376e-13
-3.229e-14
-9.99902e-10
-1.05302e-13
-3.20499e-14
-9.99948e-10
-7.64835e-14
-3.18273e-14
-9.99987e-10
-4.02097e-14
-3.16747e-14
-1.00002e-09
-3.15323e-14
-1.00003e-09
-1.23793e-13
-6.12214e-14
-9.99914e-10
-1.05314e-13
-6.07676e-14
-9.9996e-10
-7.65041e-14
-6.04153e-14
-1e-09
-4.02309e-14
-6.01773e-14
-1.00003e-09
-5.9908e-14
-1.00004e-09
-1.23347e-13
-8.40802e-14
-9.99937e-10
-1.04976e-13
-8.35266e-14
-9.99983e-10
-7.62811e-14
-8.30813e-14
-1.00002e-09
-4.01101e-14
-8.27478e-14
-1.00005e-09
-8.23919e-14
-1.00007e-09
-1.22785e-13
-9.87105e-14
-9.99968e-10
-1.04532e-13
-9.80677e-14
-1.00001e-09
-7.59567e-14
-9.75317e-14
-1.00005e-09
-3.99532e-14
-9.71746e-14
-1.00008e-09
-9.6792e-14
-1.0001e-09
-1.22129e-13
-1e-09
-1.04003e-13
-1.00005e-09
-7.5614e-14
-1.00009e-09
-3.98053e-14
-1.00012e-09
-1.00013e-09
-1.68841e-13
-4.39211e-14
-9.99867e-10
-1.4364e-13
-4.35531e-14
-9.9993e-10
-1.04356e-13
-4.32377e-14
-9.99983e-10
-5.48695e-14
-4.30147e-14
-1.00002e-09
-4.2812e-14
-1.00004e-09
-1.68844e-13
-8.3307e-14
-9.99883e-10
-1.43643e-13
-8.26698e-14
-9.99946e-10
-1.04368e-13
-8.2134e-14
-1e-09
-5.48888e-14
-8.17481e-14
-1.00004e-09
-8.13519e-14
-1.00006e-09
-1.68219e-13
-1.14556e-13
-9.99914e-10
-1.43124e-13
-1.13667e-13
-9.99977e-10
-1.04003e-13
-1.1293e-13
-1.00003e-09
-5.46947e-14
-1.12382e-13
-1.00007e-09
-1.11855e-13
-1.00009e-09
-1.67322e-13
-1.34613e-13
-9.99957e-10
-1.4239e-13
-1.33494e-13
-1.00002e-09
-1.03469e-13
-1.32582e-13
-1.00007e-09
-5.444e-14
-1.31945e-13
-1.00011e-09
-1.31325e-13
-1.00013e-09
-1.66194e-13
-1.00001e-09
-1.41486e-13
-1.00007e-09
-1.02851e-13
-1.00012e-09
-5.41392e-14
-1.00016e-09
-1.00018e-09
-2.30363e-13
-5.97909e-14
-9.99819e-10
-1.95987e-13
-5.924e-14
-9.99905e-10
-1.42426e-13
-5.87688e-14
-9.99978e-10
-7.4911e-14
-5.84302e-14
-1.00003e-09
-5.81349e-14
-1.00006e-09
-2.30317e-13
-1.13444e-13
-9.99841e-10
-1.95948e-13
-1.12475e-13
-9.99927e-10
-1.42406e-13
-1.11639e-13
-1e-09
-7.49168e-14
-1.1102e-13
-1.00005e-09
-1.1043e-13
-1.00008e-09
-2.29366e-13
-1.5602e-13
-9.99884e-10
-1.95133e-13
-1.54601e-13
-9.99969e-10
-1.41816e-13
-1.53426e-13
-1.00004e-09
-7.46031e-14
-1.52564e-13
-1.00009e-09
-1.51787e-13
-1.00012e-09
-2.27938e-13
-1.83251e-13
-9.99941e-10
-1.93962e-13
-1.81493e-13
-1.00003e-09
-1.40974e-13
-1.80073e-13
-1.0001e-09
-7.41964e-14
-1.79069e-13
-1.00015e-09
-1.78154e-13
-1.00018e-09
-2.26172e-13
-1.00001e-09
-1.92554e-13
-1.00009e-09
-1.39995e-13
-1.00016e-09
-7.37175e-14
-1.00022e-09
-1.00024e-09
-3.14386e-13
-8.147e-14
-9.99753e-10
-2.67501e-13
-8.06073e-14
-9.99871e-10
-1.94446e-13
-7.98863e-14
-9.99971e-10
-1.02313e-13
-7.93749e-14
-1.00004e-09
-7.89236e-14
-1.00008e-09
-3.14209e-13
-1.54517e-13
-9.99784e-10
-2.67365e-13
-1.52986e-13
-9.99902e-10
-1.94367e-13
-1.51698e-13
-1e-09
-1.02272e-13
-1.50733e-13
-1.00007e-09
-1.49867e-13
-1.00011e-09
-3.12707e-13
-2.12342e-13
-9.99842e-10
-2.66108e-13
-2.10172e-13
-9.99958e-10
-1.93441e-13
-2.0837e-13
-1.00006e-09
-1.01784e-13
-2.07063e-13
-1.00013e-09
-2.05928e-13
-1.00017e-09
-3.10531e-13
-2.49221e-13
-9.9992e-10
-2.64312e-13
-2.46604e-13
-1.00004e-09
-1.9216e-13
-2.44478e-13
-1.00013e-09
-1.01156e-13
-2.42937e-13
-1.00021e-09
-2.41562e-13
-1.00024e-09
-3.07904e-13
-1.00001e-09
-2.62198e-13
-1.00013e-09
-1.90655e-13
-1.00022e-09
-1.00378e-13
-1.00029e-09
-1.00033e-09
-4.29217e-13
-1.11002e-13
-9.99664e-10
-3.65274e-13
-1.09701e-13
-9.99825e-10
-2.65583e-13
-1.08612e-13
-9.99962e-10
-1.39766e-13
-1.07819e-13
-1.00006e-09
-1.07124e-13
-1.00012e-09
-4.28848e-13
-2.10465e-13
-9.99707e-10
-3.64978e-13
-2.08108e-13
-9.99867e-10
-2.65378e-13
-2.06128e-13
-1e-09
-1.39633e-13
-2.04637e-13
-1.0001e-09
-2.03394e-13
-1.00016e-09
-4.26535e-13
-2.88918e-13
-9.99785e-10
-3.63039e-13
-2.85686e-13
-9.99944e-10
-2.63941e-13
-2.82961e-13
-1.00008e-09
-1.38908e-13
-2.80992e-13
-1.00018e-09
-2.79313e-13
-1.00023e-09
-4.23305e-13
-3.38756e-13
-9.99892e-10
-3.60321e-13
-3.34935e-13
-1.00005e-09
-2.6201e-13
-3.31734e-13
-1.00018e-09
-1.37923e-13
-3.29352e-13
-1.00028e-09
-3.27305e-13
-1.00033e-09
-4.19471e-13
-1.00002e-09
-3.5713e-13
-1.00017e-09
-2.59673e-13
-1.00031e-09
-1.36692e-13
-1.0004e-09
-1.00045e-09
-5.86226e-13
-1.51287e-13
-9.99543e-10
-4.99002e-13
-1.49354e-13
-9.99763e-10
-3.62889e-13
-1.47698e-13
-9.99951e-10
-1.90971e-13
-1.46453e-13
-1.00009e-09
-1.45429e-13
-1.00016e-09
-5.85557e-13
-2.86793e-13
-9.99601e-10
-4.98423e-13
-2.83201e-13
-9.9982e-10
-3.62443e-13
-2.80152e-13
-1.00001e-09
-1.90713e-13
-2.77881e-13
-1.00014e-09
-2.76093e-13
-1.00022e-09
-5.82028e-13
-3.93266e-13
-9.99708e-10
-4.95431e-13
-3.8841e-13
-9.99926e-10
-3.60248e-13
-3.84282e-13
-1.00011e-09
-1.89638e-13
-3.81297e-13
-1.00025e-09
-3.78824e-13
-1.00032e-09
-5.77182e-13
-4.60463e-13
-9.99854e-10
-4.91313e-13
-4.54735e-13
-1.00007e-09
-3.5732e-13
-4.49885e-13
-1.00025e-09
-1.8812e-13
-4.46331e-13
-1.00039e-09
-4.43437e-13
-1.00046e-09
-5.71446e-13
-1.00002e-09
-4.8647e-13
-1.00024e-09
-3.53828e-13
-1.00042e-09
-1.86342e-13
-1.00055e-09
-1.00062e-09
-8.00873e-13
-2.06347e-13
-9.99377e-10
-6.81939e-13
-2.0345e-13
-9.99678e-10
-4.96068e-13
-2.00923e-13
-9.99936e-10
-2.61118e-13
-1.99017e-13
-1.00012e-09
-1.97546e-13
-1.00023e-09
-7.99687e-13
-3.91023e-13
-9.99457e-10
-6.80872e-13
-3.85605e-13
-9.99757e-10
-4.95247e-13
-3.80971e-13
-1.00001e-09
-2.60693e-13
-3.77537e-13
-1.0002e-09
-3.74897e-13
-1.0003e-09
-7.94354e-13
-5.35706e-13
-9.99604e-10
-6.76317e-13
-5.28341e-13
-9.99901e-10
-4.91923e-13
-5.22085e-13
-1.00015e-09
-2.59034e-13
-5.17507e-13
-1.00034e-09
-5.13841e-13
-1.00044e-09
-7.87003e-13
-6.26316e-13
-9.99804e-10
-6.7008e-13
-6.17607e-13
-1.0001e-09
-4.8743e-13
-6.10257e-13
-1.00035e-09
-2.5668e-13
-6.04903e-13
-1.00053e-09
-6.0066e-13
-1.00063e-09
-7.78294e-13
-1.00004e-09
-6.62739e-13
-1.00032e-09
-4.82169e-13
-1.00057e-09
-2.53969e-13
-1.00075e-09
-1.00085e-09
-1.09442e-12
-2.8178e-13
-9.99151e-10
-9.32361e-13
-2.77434e-13
-9.99563e-10
-6.78642e-13
-2.73586e-13
-9.99916e-10
-3.57471e-13
-2.70695e-13
-1.00017e-09
-2.68514e-13
-1.00031e-09
-1.09238e-12
-5.33638e-13
-9.99261e-10
-9.30491e-13
-5.25553e-13
-9.99671e-10
-6.77224e-13
-5.18556e-13
-1.00002e-09
-3.56721e-13
-5.13278e-13
-1.00028e-09
-5.09221e-13
-1.00042e-09
-1.08441e-12
-7.30327e-13
-9.99462e-10
-9.23607e-13
-7.19253e-13
-9.99868e-10
-6.72105e-13
-7.09747e-13
-1.00021e-09
-3.54024e-13
-7.02622e-13
-1.00047e-09
-6.97094e-13
-1.0006e-09
-1.07335e-12
-8.52427e-13
-9.99736e-10
-9.14136e-13
-8.39333e-13
-1.00014e-09
-6.65111e-13
-8.28144e-13
-1.00048e-09
-3.50314e-13
-8.19833e-13
-1.00073e-09
-8.13457e-13
-1.00086e-09
-1.06027e-12
-1.00005e-09
-9.02975e-13
-1.00045e-09
-6.56941e-13
-1.00078e-09
-3.46055e-13
-1.00103e-09
-1.00116e-09
-1.49606e-12
-3.85512e-13
-9.9884e-10
-1.27554e-12
-3.78934e-13
-9.99405e-10
-9.29487e-13
-3.73047e-13
-9.99889e-10
-4.90114e-13
-3.68499e-13
-1.00024e-09
-3.6507e-13
-1.00044e-09
-1.49259e-12
-7.29466e-13
-9.98992e-10
-1.27233e-12
-7.1739e-13
-9.99553e-10
-9.26939e-13
-7.06671e-13
-1.00003e-09
-4.88656e-13
-6.98319e-13
-1.00039e-09
-6.91995e-13
-1.00058e-09
-1.48065e-12
-9.9679e-13
-9.9927e-10
-1.26177e-12
-9.80211e-13
-9.99824e-10
-9.18821e-13
-9.6564e-13
-1.0003e-09
-4.84233e-13
-9.54527e-13
-1.00065e-09
-9.46168e-13
-1.00084e-09
-1.46407e-12
-1.16098e-12
-9.99647e-10
-1.24726e-12
-1.14129e-12
-1.00019e-09
-9.07915e-13
-1.12429e-12
-1.00066e-09
-4.78415e-13
-1.11152e-12
-1.001e-09
-1.10206e-12
-1.00118e-09
-1.44442e-12
-1.00008e-09
-1.23034e-12
-1.00062e-09
-8.9539e-13
-1.00107e-09
-4.71896e-13
-1.00141e-09
-1.00159e-09
-2.04561e-12
-5.28453e-13
-9.98413e-10
-1.7464e-12
-5.18538e-13
-9.99185e-10
-1.27501e-12
-5.09315e-13
-9.99851e-10
-6.73285e-13
-5.01824e-13
-1.00035e-09
-4.96293e-13
-1.00062e-09
-2.03985e-12
-9.99438e-13
-9.98623e-10
-1.74076e-12
-9.81268e-13
-9.99389e-10
-1.27024e-12
-9.6453e-13
-1.00005e-09
-6.70486e-13
-9.51074e-13
-1.00054e-09
-9.41101e-13
-1.0008e-09
-2.02183e-12
-1.36265e-12
-9.99009e-10
-1.72425e-12
-1.33779e-12
-9.99766e-10
-1.25714e-12
-1.31543e-12
-1.00041e-09
-6.63207e-13
-1.29801e-12
-1.00089e-09
-1.28511e-12
-1.00115e-09
-1.99696e-12
-1.5829e-12
-9.99528e-10
-1.702e-12
-1.55347e-12
-1.00027e-09
-1.24007e-12
-1.52788e-12
-1.00091e-09
-6.539e-13
-1.50834e-12
-1.00138e-09
-1.49403e-12
-1.00163e-09
-1.96767e-12
-1.00012e-09
-1.67662e-12
-1.00085e-09
-1.22099e-12
-1.00148e-09
-6.43736e-13
-1.00193e-09
-1.00218e-09
-2.79743e-12
-7.25901e-13
-9.97823e-10
-2.39319e-12
-7.10818e-13
-9.98879e-10
-1.75285e-12
-6.95917e-13
-9.99796e-10
-9.2787e-13
-6.83257e-13
-1.00049e-09
-6.7408e-13
-1.00087e-09
-2.78787e-12
-1.37354e-12
-9.98112e-10
-2.38307e-12
-1.34613e-12
-9.99159e-10
-1.74389e-12
-1.31974e-12
-1.00006e-09
-9.22526e-13
-1.29749e-12
-1.00074e-09
-1.28096e-12
-1.00112e-09
-2.76063e-12
-1.86647e-12
-9.98654e-10
-2.35696e-12
-1.82942e-12
-9.99686e-10
-1.72221e-12
-1.79508e-12
-1.00057e-09
-9.09891e-13
-1.76702e-12
-1.00124e-09
-1.74636e-12
-1.0016e-09
-2.72355e-12
-2.1617e-12
-9.99371e-10
-2.32278e-12
-2.1184e-12
-1.00038e-09
-1.69481e-12
-2.08021e-12
-1.00125e-09
-8.94436e-13
-2.04988e-12
-1.00189e-09
-2.02779e-12
-1.00224e-09
-2.68076e-12
-1.0002e-09
-2.28508e-12
-1.00119e-09
-1.6654e-12
-1.00204e-09
-8.78287e-13
-1.00266e-09
-1.003e-09
-3.82574e-12
-9.98959e-13
-9.96998e-10
-3.28289e-12
-9.75271e-13
-9.98447e-10
-2.41849e-12
-9.5044e-13
-9.9971e-10
-1.28539e-12
-9.28272e-13
-1.00069e-09
-9.12104e-13
-1.00124e-09
-3.80926e-12
-1.8968e-12
-9.97393e-10
-3.2643e-12
-1.85542e-12
-9.98824e-10
-2.40141e-12
-1.8133e-12
-1.00006e-09
-1.27477e-12
-1.77456e-12
-1.00102e-09
-1.74521e-12
-1.00156e-09
-3.76824e-12
-2.56305e-12
-9.98172e-10
-3.2225e-12
-2.50775e-12
-9.9958e-10
-2.3636e-12
-2.45413e-12
-1.00079e-09
-1.25121e-12
-2.40715e-12
-1.00172e-09
-2.37273e-12
-1.00222e-09
-3.71286e-12
-2.961e-12
-9.99164e-10
-3.16892e-12
-2.89807e-12
-1.00054e-09
-2.31797e-12
-2.84227e-12
-1.00171e-09
-1.22463e-12
-2.79432e-12
-1.0026e-09
-2.75936e-12
-1.00308e-09
-3.65193e-12
-1.00033e-09
-3.11426e-12
-1.00168e-09
-2.27214e-12
-1.00283e-09
-1.1983e-12
-1.00369e-09
-1.00414e-09
-5.2333e-12
-1.37358e-12
-9.95827e-10
-4.50849e-12
-1.33419e-12
-9.97838e-10
-3.35716e-12
-1.29045e-12
-9.99571e-10
-1.79506e-12
-1.24967e-12
-1.001e-09
-1.21998e-12
-1.00182e-09
-5.20333e-12
-2.64258e-12
-9.96339e-10
-4.47267e-12
-2.57868e-12
-9.9831e-10
-3.32358e-12
-2.51057e-12
-9.99994e-10
-1.77383e-12
-2.43893e-12
-1.00139e-09
-2.38224e-12
-1.00217e-09
-5.14123e-12
-3.52861e-12
-9.97525e-10
-4.405e-12
-3.44308e-12
-9.99452e-10
-3.25332e-12
-3.35654e-12
-1.0011e-09
-1.72585e-12
-3.27391e-12
-1.00241e-09
-3.21411e-12
-1.00312e-09
-5.05559e-12
-4.0797e-12
-9.98871e-10
-4.31759e-12
-3.98906e-12
-1.00073e-09
-3.17368e-12
-3.91189e-12
-1.0023e-09
-1.67871e-12
-3.83332e-12
-1.00353e-09
-3.77464e-12
-1.0042e-09
-4.9732e-12
-1.00058e-09
-4.24341e-12
-1.00241e-09
-3.10058e-12
-1.00398e-09
-1.63232e-12
-1.00515e-09
-1.00575e-09
-7.16992e-12
-1.8696e-12
-9.94117e-10
-6.19546e-12
-1.79803e-12
-9.97014e-10
-4.70772e-12
-1.71686e-12
-9.99342e-10
-2.53748e-12
-1.64011e-12
-1.00153e-09
-1.58528e-12
-1.00277e-09
-7.10911e-12
-3.74584e-12
-9.94659e-10
-6.11943e-12
-3.63893e-12
-9.97459e-10
-4.64111e-12
-3.53095e-12
-9.99658e-10
-2.49798e-12
-3.38965e-12
-1.00178e-09
-3.26873e-12
-1.00299e-09
-7.01407e-12
-4.85354e-12
-9.96697e-10
-6.01515e-12
-4.70706e-12
-9.99383e-10
-4.50095e-12
-4.55876e-12
-1.00158e-09
-2.38727e-12
-4.40415e-12
-1.00351e-09
-4.29941e-12
-1.00447e-09
-6.86784e-12
-5.68984e-12
-9.98377e-10
-5.86031e-12
-5.55498e-12
-1.00089e-09
-4.35315e-12
-5.464e-12
-1.0029e-09
-2.3054e-12
-5.32632e-12
-1.00466e-09
-5.21891e-12
-1.00558e-09
-6.76937e-12
-1.00109e-09
-5.77933e-12
-1.00358e-09
-4.23193e-12
-1.0057e-09
-2.20951e-12
-1.00735e-09
-1.00805e-09
-9.87478e-12
-2.49791e-12
-9.9145e-10
-8.48527e-12
-2.36002e-12
-9.96044e-10
-6.71397e-12
-2.216e-12
-9.98897e-10
-3.64848e-12
-2.07073e-12
-1.00253e-09
-1.96252e-12
-1.00446e-09
-9.73594e-12
-5.49001e-12
-9.91572e-10
-8.29985e-12
-5.26769e-12
-9.95988e-10
-6.58723e-12
-5.1093e-12
-9.98477e-10
-3.59422e-12
-4.80857e-12
-1.00203e-09
-4.52792e-12
-1.00402e-09
-9.58924e-12
-6.61655e-12
-9.95796e-10
-8.18929e-12
-6.3368e-12
-9.99713e-10
-6.28353e-12
-6.09609e-12
-1.0025e-09
-3.29173e-12
-5.79381e-12
-1.00551e-09
-5.60037e-12
-1.00669e-09
-9.28644e-12
-8.13729e-12
-9.97248e-10
-7.86497e-12
-7.89681e-12
-1.00075e-09
-5.99095e-12
-7.85062e-12
-1.00302e-09
-3.18455e-12
-7.58091e-12
-1.00568e-09
-7.36496e-12
-1.007e-09
-9.21742e-12
-1.00224e-09
-7.8661e-12
-1.00571e-09
-5.77927e-12
-1.00852e-09
-2.91555e-12
-1.01096e-09
-1.01136e-09
-1.37424e-11
-3.32748e-12
-9.86869e-10
-1.14946e-11
-3.03318e-12
-9.95259e-10
-9.83798e-12
-2.79306e-12
-9.97761e-10
-5.35959e-12
-2.51494e-12
-1.00449e-09
-2.28022e-12
-1.00754e-09
-1.3427e-11
-8.44935e-12
-9.85314e-10
-1.10436e-11
-7.79634e-12
-9.93608e-10
-9.62592e-12
-7.61381e-12
-9.95074e-10
-5.37043e-12
-6.91175e-12
-1.00189e-09
-6.22879e-12
-1.00544e-09
-1.31854e-11
-9.03901e-12
-9.95072e-10
-1.10328e-11
-8.46041e-12
-1.0012e-09
-8.89878e-12
-8.1649e-12
-1.00409e-09
-4.43232e-12
-7.54238e-12
-1.00935e-09
-7.10472e-12
-1.01025e-09
-1.24647e-11
-1.21872e-11
-9.94233e-10
-1.02597e-11
-1.15266e-11
-9.9989e-10
-8.30434e-12
-1.17747e-11
-1.00137e-09
-4.47658e-12
-1.1157e-11
-1.00589e-09
-1.06981e-11
-1.00789e-09
-1.2634e-11
-1.00484e-09
-1.06789e-11
-1.0102e-09
-7.9075e-12
-1.01344e-09
-3.56306e-12
-1.0177e-09
-1.01598e-09
-1.92367e-11
-4.5308e-12
-9.78562e-10
-1.55692e-11
-3.80659e-12
-9.9512e-10
-1.49451e-11
-3.43967e-12
-9.94946e-10
-8.07589e-12
-2.89928e-12
-1.00846e-09
-2.36778e-12
-1.01324e-09
-1.8505e-11
-1.35978e-11
-9.72801e-10
-1.4638e-11
-1.15549e-11
-9.89727e-10
-1.46611e-11
-1.15519e-11
-9.86939e-10
-8.51194e-12
-9.84832e-12
-1.00109e-09
-8.10099e-12
-1.00822e-09
-1.81979e-11
-1.2697e-11
-9.94978e-10
-1.46703e-11
-1.14005e-11
-1.00488e-09
-1.28351e-11
-1.1203e-11
-1.00627e-09
-5.78797e-12
-9.85597e-12
-1.01639e-09
-8.69392e-12
-1.01544e-09
-1.64753e-11
-1.94804e-11
-9.86838e-10
-1.29897e-11
-1.70979e-11
-9.97679e-10
-1.16508e-11
-1.85869e-11
-9.95325e-10
-6.51997e-12
-1.69406e-11
-1.00394e-09
-1.60028e-11
-1.0071e-09
-1.78055e-11
-1.01022e-09
-1.42021e-11
-1.02036e-09
-1.08028e-11
-1.02177e-09
-3.57861e-12
-1.03114e-09
-1.02182e-09
-2.6747e-11
-6.48501e-12
-9.6309e-10
-2.15682e-11
-4.5493e-12
-9.9575e-10
-2.35402e-11
-4.04845e-12
-9.88925e-10
-1.28998e-11
-2.99153e-12
-1.01611e-09
-1.85671e-12
-1.02429e-09
-2.49155e-11
-2.27005e-11
-9.49092e-10
-1.97057e-11
-1.70707e-11
-9.82416e-10
-2.33594e-11
-1.76833e-11
-9.69651e-10
-1.47468e-11
-1.35923e-11
-9.99105e-10
-9.09353e-12
-1.01573e-09
-2.49248e-11
-1.85152e-11
-9.96964e-10
-1.95052e-11
-1.58658e-11
-1.01151e-09
-1.87575e-11
-1.58702e-11
-1.00883e-09
-7.30027e-12
-1.31174e-11
-1.02832e-09
-9.72059e-12
-1.02212e-09
-2.05919e-11
-3.3349e-11
-9.70717e-10
-1.60207e-11
-2.5733e-11
-9.92383e-10
-1.64677e-11
-3.10004e-11
-9.79747e-10
-1.01722e-11
-2.6544e-11
-9.96807e-10
-2.47486e-11
-1.00224e-09
-2.64578e-11
-1.01997e-09
-1.87543e-11
-1.04321e-09
-1.45553e-11
-1.03589e-09
-1.43412e-12
-1.05889e-09
-1.02755e-09
-3.67955e-11
-1.05425e-11
-9.32761e-10
-3.12366e-11
-4.98754e-12
-9.96321e-10
-3.81456e-11
-4.25117e-12
-9.77765e-10
-2.18939e-11
-2.37917e-12
-1.02998e-09
1.00402e-13
-1.04628e-09
-3.24272e-11
-3.94419e-11
-9.05823e-10
-2.74128e-11
-2.5204e-11
-9.67214e-10
-3.99879e-11
-2.72139e-11
-9.34113e-10
-2.90697e-11
-1.76527e-11
-9.9475e-10
-5.92123e-12
-1.03878e-09
-3.31418e-11
-2.76194e-11
-1.00646e-09
-2.54981e-11
-2.40094e-11
-1.02035e-09
-2.71696e-11
-2.34273e-11
-1.01095e-09
-8.22276e-12
-1.84704e-11
-1.04645e-09
-8.26865e-12
-1.02799e-09
-2.30827e-11
-6.12048e-11
-9.35857e-10
-1.89364e-11
-4.05402e-11
-9.79998e-10
-2.36237e-11
-5.38873e-11
-9.446e-10
-1.74137e-11
-4.32807e-11
-9.78206e-10
-3.97932e-11
-9.88132e-10
-4.25311e-11
-1.03585e-09
-2.44759e-11
-1.09478e-09
-1.84108e-11
-1.06131e-09
8.29497e-12
-1.11847e-09
-1.02737e-09
-5.72641e-11
-2.24457e-11
-8.55073e-10
-5.37049e-11
-7.50044e-13
-9.99131e-10
-7.12107e-11
1.88213e-12
-9.62141e-10
-3.96384e-11
1.18611e-11
-1.07342e-09
1.2003e-11
-1.09792e-09
-4.41806e-11
-7.96267e-11
-8.21513e-10
-3.97292e-11
-4.08996e-11
-9.31516e-10
-7.87116e-11
-4.86639e-11
-8.44585e-10
-6.82681e-11
-2.01489e-11
-9.73183e-10
7.46998e-12
-1.10251e-09
-4.15635e-11
-3.89863e-11
-1.04504e-09
-3.5671e-11
-4.21822e-11
-1.02496e-09
-4.06399e-11
-4.16627e-11
-1.01298e-09
-8.56045e-12
-2.51209e-11
-1.07356e-09
2.46687e-12
-1.03155e-09
-2.80342e-11
-1.26817e-10
-8.47569e-10
-2.32393e-11
-8.08094e-11
-9.46166e-10
-3.43094e-11
-1.21805e-10
-8.53388e-10
-3.07919e-11
-7.84972e-11
-9.28347e-10
-8.42177e-11
-9.32239e-10
-8.86029e-11
-1.06733e-09
-3.98264e-11
-1.22739e-09
-4.49067e-12
-1.14839e-09
3.60867e-11
-1.22329e-09
-9.94749e-10
-3.04736e-11
-1.99429e-11
-7.99499e-10
-4.16493e-11
-1.38614e-11
-9.74093e-10
-7.80398e-11
-1.16948e-11
-9.14056e-10
-6.53244e-11
-1.09177e-11
-1.07522e-09
3.96407e-12
-1.16721e-09
-7.42844e-12
-7.0131e-11
-7.3644e-10
-4.03286e-11
-3.81771e-11
-8.74299e-10
-9.34283e-11
-2.94398e-11
-7.7374e-10
-1.06601e-10
-1.70501e-11
-9.53877e-10
4.52007e-11
-1.25035e-09
-3.82697e-11
-5.19322e-11
-1.0606e-09
-2.43335e-11
-6.70717e-11
-1.01e-09
-4.61863e-11
-3.76724e-11
-9.82893e-10
-4.12637e-13
-5.95122e-11
-1.07687e-09
1.8191e-11
-1.00495e-09
3.15283e-11
-1.63903e-10
-7.30681e-10
-4.13818e-12
-9.89466e-11
-8.78624e-10
-3.6122e-11
-1.04663e-10
-7.54413e-10
-4.85321e-11
-1.15477e-10
-8.59973e-10
-6.70451e-11
-8.95535e-10
-7.72086e-11
-1.04971e-09
-3.69398e-11
-1.40436e-09
-3.8855e-11
-1.18068e-09
1.01488e-10
-1.54164e-09
-9.22704e-10
-1.40679e-10
-1.6841e-10
-2.4863e-10
-2.32217e-10
8.10537e-11
-9.6361e-10
-2.92386e-10
1.03062e-10
-9.56948e-10
-1.61399e-10
1.59376e-10
-1.36558e-09
8.1516e-11
-1.41013e-09
-1.03339e-10
-3.53596e-10
-5.03965e-10
-9.38986e-11
-7.83241e-11
-7.24362e-10
-3.90915e-10
-1.48201e-10
-2.25461e-10
-4.51988e-10
2.44005e-11
-7.57829e-10
2.0107e-10
-1.82189e-09
-4.52397e-11
-5.45732e-11
-1.34005e-09
-7.94535e-11
-1.953e-10
-8.58809e-10
-1.08181e-10
-1.70172e-10
-9.32195e-10
5.21785e-12
-5.75202e-11
-1.10835e-09
2.29809e-10
-1.02847e-09
-5.64286e-11
-5.98311e-10
-1.76128e-10
-3.46422e-11
-4.11656e-10
-6.84055e-10
-1.10972e-10
-5.95474e-10
-2.52782e-10
-9.23084e-11
-2.53845e-10
-6.82311e-10
-3.3699e-10
-4.21045e-10
-5.03536e-10
-1.12673e-09
-1.03852e-10
-2.38575e-09
1.93596e-10
-1.80856e-09
3.7082e-10
-2.00311e-09
-4.33796e-10
9.61115e-11
1.49259e-10
-6.42281e-10
1.60645e-10
-1.11115e-10
-9.17028e-10
1.64917e-11
-1.61653e-10
-6.51141e-10
-1.44414e-10
-2.21005e-10
-9.83666e-10
-2.09669e-11
-1.53357e-09
2.82371e-10
1.51569e-10
-3.7098e-10
-7.55155e-11
-2.66295e-11
-4.50961e-10
-1.96217e-11
8.41487e-11
-5.27157e-10
-8.82625e-11
-3.05818e-11
-8.79612e-10
8.2051e-11
-2.01317e-09
-6.40727e-11
-8.76622e-11
-1.05249e-09
2.59846e-11
-5.19979e-11
-9.23497e-10
7.85531e-12
8.03006e-11
-9.10217e-10
5.89697e-11
-3.54208e-10
-8.35837e-10
-4.7537e-11
-8.39916e-10
4.11123e-10
4.51989e-12
-1.44877e-10
7.93629e-11
5.04399e-11
-4.54733e-10
-3.88746e-11
1.82394e-10
-2.36637e-10
-1.13665e-10
-3.50091e-10
-6.11638e-10
1.25523e-10
-7.07769e-10
2.75623e-10
-8.37066e-10
-2.39562e-10
-1.86811e-09
-4.05624e-10
-1.51155e-09
3.89449e-10
-3.66299e-09
-2.54078e-10
1.61534e-10
4.32869e-11
-8.46615e-10
3.21037e-11
4.16826e-12
-7.91765e-10
2.25783e-11
-3.25693e-11
-6.09046e-10
2.94112e-11
8.01956e-12
-9.98518e-10
-4.45889e-11
-1.45957e-09
2.47717e-11
5.30823e-11
-5.34227e-10
7.87808e-13
3.70337e-11
-4.59842e-10
5.10528e-11
4.88553e-11
-6.58846e-10
-1.4026e-10
5.39685e-12
-6.85676e-10
1.99072e-11
-2.21793e-09
3.49609e-11
5.39138e-11
-1.0328e-09
4.46457e-12
-8.17766e-12
-8.47789e-10
1.43262e-11
-9.528e-13
-8.70271e-10
3.13197e-12
-1.84924e-11
-8.00754e-10
6.8183e-11
-8.8506e-10
1.45443e-13
-2.57779e-11
-4.01235e-12
1.74561e-11
-4.39953e-12
-4.75821e-10
1.75679e-12
-3.08718e-11
-1.91018e-10
6.63568e-11
1.27218e-10
-8.21948e-10
1.73572e-11
-5.90587e-10
-5.48599e-11
-9.18438e-10
-2.6175e-11
-2.0206e-09
3.32676e-10
-1.9016e-09
1.92895e-10
-3.41267e-09
-5.85618e-12
-5.91625e-11
-2.54377e-10
-8.05998e-12
1.88183e-10
-4.73514e-11
-9.91759e-10
2.5097e-10
-9.50355e-11
-5.76799e-10
3.70622e-10
1.80171e-10
-1.29834e-09
1.91856e-10
-1.28081e-09
-8.62687e-11
1.28675e-10
-1.00071e-09
6.23904e-11
8.75102e-11
-7.43363e-10
1.7739e-10
7.72328e-11
-9.46114e-10
2.89556e-10
-1.32388e-10
-4.85284e-10
-2.30576e-10
-1.50594e-09
-1.81401e-10
2.87385e-11
-8.76627e-10
4.91928e-11
-1.02408e-11
-9.80632e-10
3.18126e-10
1.02313e-10
-1.16428e-09
2.80224e-10
9.03918e-11
-9.85632e-10
-5.91005e-11
-7.76311e-10
-2.16583e-14
-3.72324e-11
-5.35485e-12
7.21063e-11
3.65962e-10
-9.24152e-10
1.2183e-10
-5.83036e-11
-8.01251e-11
5.48149e-11
-1.61396e-12
-6.62927e-10
-1.85645e-10
-4.09228e-10
-4.81347e-10
-6.89157e-10
-2.85886e-10
-2.12369e-09
1.19603e-10
-2.5533e-09
-3.80601e-10
-2.84002e-09
-7.6184e-10
4.41166e-10
8.40708e-13
-1.0843e-09
3.45373e-10
1.74638e-10
-1.0706e-09
1.76152e-10
3.97755e-11
-4.47352e-10
3.87116e-11
-1.58617e-10
-1.00228e-09
2.4882e-10
-1.49092e-09
2.28459e-13
1.72148e-10
-1.49446e-09
2.06093e-10
-3.7588e-11
-7.37001e-10
1.06084e-10
-9.88521e-11
-7.07478e-10
2.54951e-10
-5.50595e-12
-7.87262e-10
-1.18781e-10
-8.83386e-10
-2.1628e-11
-1.01772e-10
-5.76171e-10
2.93119e-10
3.23879e-11
-1.36535e-09
3.01613e-10
4.24351e-12
-1.27587e-09
6.7797e-12
-5.14431e-11
-6.44861e-10
-1.79458e-11
-8.70366e-10
2.96193e-10
7.47639e-11
-8.52532e-10
2.33361e-10
3.06566e-10
-1.1355e-09
1.04147e-11
2.67212e-10
-1.20147e-10
-8.40262e-11
6.66959e-11
-6.86625e-10
2.13733e-10
-7.24933e-10
8.80178e-11
-9.04262e-10
-1.08609e-10
-1.49623e-09
-1.50054e-10
-2.73672e-09
-9.01094e-10
-1.82338e-09
-1.59384e-09
-2.44784e-10
1.82215e-10
-1.31754e-09
2.12872e-10
2.39066e-10
-1.76733e-09
1.45867e-11
1.71277e-10
-4.20344e-10
-2.22967e-10
9.13795e-11
-8.56111e-10
2.58971e-10
-1.97286e-09
-3.04378e-10
-3.60111e-10
-1.20278e-09
5.26095e-11
7.53725e-11
-9.30296e-10
-3.35192e-11
-3.10543e-11
-4.19017e-10
-9.68293e-11
-7.2167e-11
-5.60406e-10
-1.34538e-10
-5.86706e-10
5.52627e-10
5.21968e-10
-2.42954e-09
2.21957e-10
8.24674e-11
-1.04178e-09
5.76593e-13
-8.49118e-12
-1.07706e-09
-7.22359e-11
1.60704e-11
-6.60286e-10
-2.47005e-10
-8.30135e-10
1.5485e-10
6.35055e-10
-1.20416e-09
1.04375e-11
1.68853e-10
-1.07747e-09
-1.63717e-11
-4.22133e-11
-5.96156e-11
-2.68071e-10
2.32323e-10
-6.51178e-10
5.0125e-10
-1.74126e-09
-1.99105e-10
-1.87328e-11
7.23012e-10
-2.32076e-09
5.45088e-10
-1.83892e-09
-5.06877e-10
-4.12368e-10
-1.32465e-09
-1.84331e-10
1.65741e-10
-1.64069e-09
-8.70744e-11
1.60633e-10
-2.02522e-09
-1.54223e-10
4.16709e-11
-3.94867e-10
-5.89871e-11
2.65897e-10
-1.21724e-09
3.08944e-10
-2.34079e-09
-8.88595e-11
-5.73008e-11
-7.32026e-10
3.85693e-11
2.54879e-10
-1.15197e-09
-3.26806e-11
-4.5877e-11
-2.60219e-10
-1.09456e-10
7.42285e-11
-2.91961e-10
8.61494e-11
-4.73369e-10
-1.92956e-10
3.18644e-10
-3.30189e-09
-1.0804e-10
6.86338e-13
-8.72501e-10
-2.65785e-11
1.17373e-11
-1.21613e-09
-2.69447e-11
4.62625e-11
-6.31953e-10
7.47456e-10
-1.51839e-09
1.91603e-10
2.0148e-11
-1.349e-09
-2.0252e-11
2.2503e-10
-1.08996e-09
-2.76789e-12
5.12278e-11
-1.1659e-10
3.62296e-10
7.26484e-11
-1.04263e-09
7.11844e-10
-1.34335e-09
1.0682e-09
-1.31568e-09
9.02005e-10
-1.93043e-09
-9.77305e-11
-1.00668e-10
5.35795e-11
-5.78218e-10
-4.22593e-10
-1.14552e-10
-5.86633e-11
-1.4068e-09
-1.70449e-10
1.92082e-11
-1.98853e-09
-3.97577e-11
-8.21951e-11
-4.43363e-10
1.73636e-10
1.96749e-11
-1.45031e-09
-3.01849e-10
-1.8653e-09
-8.2621e-11
-2.98136e-12
-9.08375e-10
-1.86383e-10
4.41152e-10
-1.47015e-09
3.25685e-11
1.13531e-10
-6.74897e-10
-2.07719e-11
7.87431e-11
-2.97689e-10
4.32973e-10
-1.22896e-09
7.76488e-11
2.10673e-10
-3.5972e-09
-2.03508e-10
4.50463e-10
-6.00656e-10
7.54711e-12
-3.92287e-11
-1.27443e-09
-4.02294e-10
-5.37729e-11
-8.95964e-11
4.03802e-10
-1.89151e-09
-2.62672e-10
-1.02962e-11
-9.60849e-10
-4.7935e-10
3.43371e-10
-7.66191e-10
3.42736e-10
8.50981e-13
-9.78755e-10
1.59907e-10
-5.38264e-11
-8.59745e-10
2.49262e-12
-7.82134e-10
5.88951e-10
-9.6067e-10
-5.11608e-12
-9.8955e-10
3.49726e-11
-6.95762e-10
1.05595e-10
-8.70106e-10
-8.30275e-10
-6.34097e-11
-1.16462e-10
-1.11333e-09
-1.73658e-10
1.0961e-10
-1.98789e-09
1.85308e-10
1.41079e-10
-9.43408e-10
5.54901e-11
-6.04101e-11
-1.26008e-09
3.17789e-11
-1.84159e-09
4.18747e-10
-1.12384e-10
-1.54165e-09
1.56084e-10
7.40056e-11
-1.17189e-09
1.61892e-10
1.58626e-10
-6.98251e-10
1.34208e-10
-7.72597e-11
-2.53155e-10
-6.99751e-12
-1.05598e-09
3.37157e-10
-4.12868e-10
-3.28098e-09
-1.39288e-10
3.85085e-12
-5.40557e-11
-1.18787e-10
3.37447e-10
-1.47375e-09
2.54814e-10
1.43938e-11
-5.54852e-10
-8.98022e-11
-1.55389e-09
2.23069e-11
4.32365e-12
-1.84354e-09
-1.69983e-10
-1.14026e-10
-4.56023e-10
-2.05323e-11
6.20878e-10
-1.41164e-09
-1.24235e-10
-6.18989e-11
-6.79749e-10
-8.27814e-11
-9.1339e-10
-1.911e-10
-4.4942e-11
-1.45597e-10
-1.09191e-09
-2.32021e-11
-6.37629e-10
2.04167e-11
-9.76439e-10
-7.8691e-10
-8.56837e-11
1.09542e-09
-2.7067e-09
6.63845e-10
3.16803e-10
-3.05422e-09
1.13349e-09
1.83752e-10
-1.5968e-09
5.50154e-10
-1.24679e-10
-5.52069e-10
-2.59559e-10
-1.03188e-09
1.55127e-10
1.22084e-09
-1.85289e-09
-1.0133e-13
-2.69019e-11
-6.72952e-10
2.77901e-13
3.11771e-11
-5.46056e-10
3.14654e-13
-3.83384e-11
-3.39533e-10
-4.99812e-11
-1.26524e-09
-1.07938e-10
-3.21151e-10
-1.48298e-09
1.30199e-10
9.82415e-11
-4.17335e-10
-1.67242e-10
1.4324e-10
-1.28837e-09
-3.25471e-10
2.61539e-10
-6.965e-10
4.07277e-10
-2.33662e-09
-2.13391e-10
-4.13513e-11
-2.34784e-09
-2.22937e-11
1.10255e-11
-5.59905e-10
3.87375e-11
1.72685e-10
-1.50211e-09
1.73546e-10
8.55646e-11
-6.38583e-10
1.43429e-10
-4.75997e-10
2.73877e-11
-7.03025e-10
1.29888e-10
-1.14828e-09
-3.63983e-11
-1.37534e-10
4.85011e-11
-6.85926e-10
-6.5706e-11
1.24426e-09
6.687e-10
-3.25133e-09
3.38873e-10
-5.38147e-11
-2.09502e-09
3.40716e-10
2.37596e-11
-1.62241e-09
3.89509e-13
-1.64593e-10
-4.71495e-11
-6.85837e-10
-3.45651e-10
2.11931e-10
-2.97276e-12
-7.6974e-10
-2.75225e-11
1.79383e-10
-6.66696e-10
-1.1529e-10
-9.46869e-12
-4.2506e-10
-8.32886e-11
-4.51288e-11
-4.90998e-10
-2.29964e-10
-1.8044e-09
-4.11526e-11
1.3247e-10
-1.65381e-09
-2.37718e-11
9.28385e-11
-3.48171e-10
-1.02287e-11
2.30542e-10
-1.54193e-09
-4.44428e-11
1.98026e-11
-7.27217e-10
4.2117e-10
-3.03219e-09
-4.40498e-11
-2.29815e-11
-2.07026e-09
-3.06635e-11
-5.99189e-11
-4.20534e-10
-1.5542e-10
5.9305e-11
-1.20612e-09
-1.28918e-11
-4.99512e-12
-7.56313e-10
1.19347e-11
-7.96531e-11
1.76066e-10
-1.56511e-09
4.94159e-11
-9.15893e-10
-2.87775e-12
-1.8754e-10
5.48749e-14
-7.40297e-10
-1.35797e-10
1.89133e-10
4.962e-11
-2.36303e-09
-3.13552e-10
4.62594e-11
-1.6386e-09
-7.6408e-11
2.83285e-10
-2.14284e-09
2.10063e-11
5.39285e-11
-1.98492e-10
2.36421e-10
-5.61065e-10
1.383e-11
-1.35072e-10
-1.78085e-11
1.96591e-13
-2.38521e-11
-5.82951e-10
-8.7113e-11
4.69657e-11
-1.01431e-10
2.48459e-11
6.09558e-11
-6.09984e-10
4.24278e-10
-1.96741e-09
1.38806e-10
5.95772e-11
-1.8525e-09
-1.20891e-10
-5.59604e-13
-1.11767e-10
-1.81737e-10
1.04877e-10
-1.53899e-09
7.84191e-10
-1.0322e-10
-1.52897e-09
-2.42138e-10
-1.58159e-09
2.27075e-11
4.82349e-10
-2.70306e-09
4.28309e-11
9.48302e-12
-4.507e-10
-1.91609e-10
-8.12873e-12
-8.58674e-10
-1.26152e-10
5.61499e-11
-9.81141e-10
4.0684e-11
-4.88626e-10
4.07397e-12
-1.15403e-09
-1.19617e-11
-6.97783e-10
-6.54138e-11
-2.00497e-10
3.28567e-11
-8.8863e-10
-1.49795e-10
-2.30568e-10
-9.11797e-11
-1.9227e-09
-4.70796e-10
1.61275e-10
-1.55964e-09
-8.68801e-11
-1.10212e-10
-2.41654e-09
-9.46171e-11
6.06551e-13
-1.91362e-10
3.23109e-10
-9.78791e-10
3.22881e-12
-3.86215e-11
-5.59757e-11
-8.85844e-12
-7.26393e-12
-4.02325e-10
1.59525e-11
2.46745e-11
-2.61128e-10
1.27629e-11
7.41602e-11
-6.80348e-10
4.65697e-10
-2.09724e-09
2.49591e-11
1.08604e-10
-2.24879e-09
2.08588e-11
1.21341e-12
-1.16144e-10
3.80289e-11
-1.88948e-10
-1.34254e-09
2.04068e-10
-1.04343e-10
-1.5165e-09
-3.50209e-10
-5.61614e-10
1.70351e-11
2.64153e-10
-2.90412e-09
-3.87206e-12
1.85961e-10
-6.1454e-10
-9.04063e-11
-1.35239e-10
-8.25848e-10
-6.61602e-11
-4.1136e-11
-1.06859e-09
-9.42571e-11
-8.10739e-10
-1.92566e-10
-4.13803e-10
-1.77803e-10
-9.71538e-10
-1.40451e-12
-5.19567e-10
2.22987e-13
-1.12149e-09
-2.55717e-10
1.08794e-10
-3.1544e-11
-1.38751e-09
-2.98533e-10
-7.46167e-11
-1.0777e-09
-2.57859e-10
-2.66917e-10
-2.1903e-09
-1.13775e-10
1.57695e-11
-3.51215e-10
1.43334e-10
-1.2359e-09
2.63504e-11
5.56782e-11
-2.60802e-10
-2.55437e-12
-3.18263e-11
-4.16211e-10
-5.77732e-11
-3.91697e-11
-4.33657e-10
6.11016e-11
7.32123e-11
-8.56666e-10
6.47637e-11
-1.95757e-09
-3.39912e-11
7.09476e-12
-2.22645e-09
2.8489e-11
5.15855e-11
-2.62036e-10
1.26584e-10
6.84109e-11
-1.54821e-09
2.50101e-11
-3.27679e-11
-1.30895e-09
-2.98515e-11
-4.41989e-10
9.23828e-11
3.29226e-11
-3.07971e-09
7.69922e-11
1.87109e-10
-7.34673e-10
-9.04203e-11
-1.36484e-10
-4.53541e-10
-5.45844e-11
2.81786e-10
-1.41898e-09
-8.59923e-11
-8.09182e-10
8.00107e-12
-5.35234e-10
-1.42741e-10
-6.92119e-10
-4.2327e-11
-6.21253e-10
3.96229e-11
-1.62975e-09
-3.12626e-10
-3.84901e-10
-2.70348e-11
-1.53845e-09
1.05061e-10
2.34323e-11
-1.59109e-09
-1.71983e-10
-2.20576e-10
-1.69268e-09
1.35163e-10
2.20554e-10
-8.78914e-10
-9.0696e-11
-1.01004e-09
-1.68462e-10
5.14528e-10
-8.19559e-10
3.08988e-11
-4.60914e-11
-5.46048e-10
2.08136e-10
4.44819e-12
-8.35918e-10
3.54756e-10
1.2061e-10
-9.03341e-10
-4.11009e-10
-1.2825e-09
-9.28906e-11
5.27968e-11
-1.35592e-09
1.98137e-10
6.49219e-11
-6.64077e-10
-1.37542e-10
-2.58926e-10
-9.4916e-10
-2.71639e-10
1.27645e-10
-1.18189e-09
-1.83519e-10
-9.41118e-10
-2.51399e-10
-7.2495e-10
-1.47753e-09
-1.27864e-10
1.80462e-11
-8.11332e-10
1.64629e-10
7.40629e-11
-1.07902e-09
-8.34752e-11
4.56338e-11
-1.08887e-09
-1.15918e-10
-9.60259e-10
8.12121e-11
-9.49208e-10
2.31986e-10
-7.43766e-10
1.15701e-10
-6.65609e-10
-2.15375e-10
-1.12399e-09
-6.82089e-10
-1.65539e-11
-1.88781e-10
-1.24813e-09
-1.06912e-10
-3.28259e-10
-1.17248e-09
-2.35263e-10
-2.75817e-10
-1.28851e-09
-1.00714e-10
-4.10005e-11
-9.72464e-10
-3.17697e-11
-1.07899e-09
-2.07214e-10
-3.46818e-11
-9.79802e-10
-5.27379e-12
-1.5243e-10
-9.23817e-10
2.95986e-11
-1.56965e-10
-9.89643e-10
7.02912e-11
8.8191e-12
-9.93854e-10
-8.88444e-11
-1.15513e-09
-1.24924e-10
-7.14989e-11
-1.20969e-09
-3.37659e-11
-4.8827e-11
-8.58839e-10
5.06532e-11
-8.711e-11
-1.10343e-09
-3.8824e-11
-3.7425e-11
-1.04617e-09
-1.13567e-10
-9.55219e-10
-7.27047e-11
-2.38011e-10
-1.26242e-09
-8.83812e-12
1.49431e-11
-9.38969e-10
1.39944e-11
-1.75469e-10
-1.0135e-09
-3.29823e-11
-7.32333e-12
-1.07199e-09
-1.17003e-10
-9.89805e-10
-1.17579e-10
-9.54728e-10
-4.39206e-11
-8.78946e-10
7.05045e-11
-9.02611e-10
-4.78266e-11
-1.05485e-09
-8.73574e-10
-4.58245e-11
-7.57068e-11
-1.14326e-09
-1.90667e-11
-9.79229e-11
-1.10131e-09
-7.0198e-11
-9.09583e-11
-1.14642e-09
-1.17973e-11
-1.47272e-11
-1.01614e-09
-3.28399e-11
-1.05794e-09
-5.23595e-11
-1.82151e-11
-1.03315e-09
8.863e-12
-9.12491e-11
-9.91714e-10
1.19582e-11
-5.12453e-11
-1.03245e-09
3.54267e-11
-1.71712e-11
-1.01488e-09
-7.97414e-11
-1.0728e-09
-2.78176e-11
-5.12559e-11
-1.10118e-09
1.92795e-11
-4.15603e-11
-9.55624e-10
-4.38001e-12
-7.62681e-11
-1.05475e-09
-2.76797e-11
-1.90405e-11
-1.021e-09
-6.25668e-11
-1.00007e-09
-2.43359e-11
-1.42939e-10
-1.10372e-09
4.84403e-12
-3.06222e-11
-9.79087e-10
1.32581e-11
-6.77503e-11
-1.03043e-09
-1.81174e-11
-2.26296e-11
-1.03703e-09
-6.12781e-11
-1.00921e-09
-6.43387e-12
-9.84632e-10
2.84059e-11
-9.39471e-10
2.89172e-11
-9.4794e-10
-2.53907e-11
-1.00786e-09
-9.45881e-10
-1.69294e-11
-4.10749e-11
-1.08252e-09
-9.85594e-12
-5.16703e-11
-1.05671e-09
-3.16282e-11
-4.50953e-11
-1.07955e-09
-6.06774e-12
-1.69115e-11
-1.02479e-09
-2.12489e-11
-1.04276e-09
-2.19206e-11
-2.6834e-11
-1.03896e-09
2.55597e-12
-5.33099e-11
-1.01455e-09
-1.79913e-13
-3.81069e-11
-1.0367e-09
9.43471e-12
-2.21132e-11
-1.01929e-09
-4.31284e-11
-1.04149e-09
-1.10201e-11
-4.15795e-11
-1.05349e-09
6.70814e-12
-3.43331e-11
-9.92329e-10
-2.18965e-12
-4.76416e-11
-1.03632e-09
-8.41885e-12
-2.23534e-11
-1.01453e-09
-3.98509e-11
-1.01177e-09
-7.39582e-12
-7.7593e-11
-1.04683e-09
5.36205e-12
-3.0665e-11
-9.95513e-10
5.06086e-12
-5.5371e-11
-1.0224e-09
-6.45822e-12
-2.7716e-11
-1.02015e-09
-4.42316e-11
-1.01129e-09
-4.77059e-13
-9.93921e-10
9.94508e-12
-9.7027e-10
1.44656e-11
-9.79694e-10
-7.28883e-12
-9.9835e-10
-9.78545e-10
-6.18175e-12
-2.21902e-11
-1.04917e-09
-2.9794e-12
-2.52722e-11
-1.03464e-09
-1.28075e-11
-2.29167e-11
-1.04681e-09
-2.26197e-12
-1.26603e-11
-1.02267e-09
-1.41307e-11
-1.03089e-09
-6.92745e-12
-2.26438e-11
-1.03137e-09
1.78123e-12
-3.13657e-11
-1.01717e-09
-2.36106e-12
-2.56499e-11
-1.02983e-09
2.36744e-12
-1.87823e-11
-1.0179e-09
-2.6362e-11
-1.02689e-09
-1.85765e-12
-3.03163e-11
-1.0304e-09
4.239e-12
-2.556e-11
-1.00423e-09
-1.13007e-12
-3.20687e-11
-1.02453e-09
-2.46259e-12
-1.95418e-11
-1.01244e-09
-2.68506e-11
-1.01374e-09
-6.07297e-13
-4.56135e-11
-1.02328e-09
4.40633e-12
-2.52829e-11
-1.0008e-09
2.31821e-12
-3.73353e-11
-1.01504e-09
-2.11458e-12
-2.36394e-11
-1.01162e-09
-3.08612e-11
-1.00939e-09
2.76503e-12
-9.97351e-10
6.38549e-12
-9.86628e-10
6.33834e-12
-9.93375e-10
-1.87992e-12
-9.9875e-10
-9.92772e-10
-1.24823e-12
-1.27749e-11
-1.03031e-09
-3.2308e-13
-1.33885e-11
-1.02218e-09
-5.00666e-12
-1.27951e-11
-1.02933e-09
-7.28941e-13
-8.82426e-12
-1.01813e-09
-9.52807e-12
-1.02209e-09
-1.11814e-12
-1.68423e-11
-1.02259e-09
1.79528e-12
-1.89959e-11
-1.01447e-09
-1.41541e-12
-1.74598e-11
-1.02195e-09
7.02256e-13
-1.40731e-11
-1.01477e-09
-1.68867e-11
-1.01883e-09
6.99334e-13
-2.13176e-11
-1.01835e-09
3.07707e-12
-1.84447e-11
-1.00716e-09
-1.46338e-13
-2.19532e-11
-1.01682e-09
-4.94834e-13
-1.5691e-11
-1.01047e-09
-1.89519e-11
-1.01217e-09
8.50969e-13
-2.80678e-11
-1.01238e-09
3.23425e-12
-1.90822e-11
-1.00255e-09
1.25036e-12
-2.50752e-11
-1.00994e-09
-4.83486e-13
-1.82251e-11
-1.00735e-09
-2.15723e-11
-1.00726e-09
3.01349e-12
-9.98959e-10
4.1395e-12
-9.94869e-10
2.97832e-12
-9.98789e-10
-2.24293e-13
-1.00044e-09
-9.98679e-10
4.9179e-13
-7.72554e-12
-1.01914e-09
9.8898e-13
-7.70961e-12
-1.01497e-09
-1.70413e-12
-7.62037e-12
-1.01902e-09
-8.84819e-14
-6.01626e-12
-1.01373e-09
-6.37958e-12
-1.0158e-09
6.19337e-13
-1.18801e-11
-1.01539e-09
1.71375e-12
-1.20338e-11
-1.01124e-09
-4.02708e-13
-1.19726e-11
-1.01548e-09
4.31768e-13
-1.01019e-11
-1.01152e-09
-1.1241e-11
-1.01354e-09
1.23283e-12
-1.47718e-11
-1.01157e-09
2.26477e-12
-1.33031e-11
-1.00692e-09
2.09235e-13
-1.51399e-11
-1.01159e-09
1.66794e-13
-1.21135e-11
-1.00842e-09
-1.36153e-11
-1.00963e-09
1.28897e-12
-1.78442e-11
-1.00703e-09
2.3403e-12
-1.38547e-11
-1.00305e-09
8.50278e-13
-1.68527e-11
-1.00673e-09
1.45369e-13
-1.34858e-11
-1.00527e-09
-1.50874e-11
-1.00564e-09
2.38919e-12
-9.99757e-10
2.60835e-12
-9.98606e-10
1.6457e-12
-1.00062e-09
1.73551e-13
-1.00123e-09
-1.00074e-09
9.8889e-13
-4.86063e-12
-1.01232e-09
1.21319e-12
-4.7464e-12
-1.01045e-09
-3.05567e-13
-4.81528e-12
-1.01268e-09
2.38581e-13
-4.10917e-12
-1.01016e-09
-4.29781e-12
-1.01127e-09
1.0555e-12
-8.15088e-12
-1.01028e-09
1.47197e-12
-7.93292e-12
-1.00847e-09
9.94126e-14
-8.18652e-12
-1.01074e-09
3.86919e-13
-7.17691e-12
-1.00874e-09
-7.67552e-12
-1.00977e-09
1.25243e-12
-1.02062e-11
-1.00754e-09
1.6677e-12
-9.4892e-12
-1.00578e-09
3.39682e-13
-1.04191e-11
-1.00803e-09
3.3697e-13
-9.03018e-12
-1.00656e-09
-9.70478e-12
-1.00727e-09
1.25934e-12
-1.16598e-11
-1.00428e-09
1.66402e-12
-9.99548e-12
-1.00295e-09
6.57347e-13
-1.145e-11
-1.0047e-09
3.16927e-13
-9.91161e-12
-1.00405e-09
-1.06685e-11
-1.00436e-09
1.68909e-12
-1.0001e-09
1.61655e-12
-1.00003e-09
1.02073e-12
-1.00098e-09
2.60794e-13
-1.0013e-09
-1.00117e-09
1.01717e-12
-3.14927e-12
-1.00808e-09
1.08061e-12
-3.07577e-12
-1.00743e-09
1.33466e-13
-3.15389e-12
-1.00858e-09
2.91683e-13
-2.83886e-12
-1.00748e-09
-2.93559e-12
-1.00804e-09
1.03878e-12
-5.51947e-12
-1.00688e-09
1.16003e-12
-5.3782e-12
-1.00629e-09
2.54672e-13
-5.57447e-12
-1.00741e-09
3.34714e-13
-5.10798e-12
-1.00655e-09
-5.32105e-12
-1.00705e-09
1.08421e-12
-7.03031e-12
-1.00504e-09
1.20877e-12
-6.73747e-12
-1.00455e-09
3.88931e-13
-7.18933e-12
-1.0056e-09
3.24873e-13
-6.5943e-12
-1.00501e-09
-6.88679e-12
-1.00538e-09
1.05933e-12
-7.82637e-12
-1.0028e-09
1.15813e-12
-7.24914e-12
-1.00254e-09
5.18845e-13
-7.91587e-12
-1.00333e-09
3.03352e-13
-7.29584e-12
-1.00313e-09
-7.62643e-12
-1.00332e-09
1.17394e-12
-1.00023e-09
1.00859e-12
-1.00046e-09
6.99375e-13
-1.0009e-09
2.27549e-13
-1.00111e-09
-1.0011e-09
8.87691e-13
-2.09027e-12
-1.00542e-09
8.52139e-13
-2.06572e-12
-1.00533e-09
2.68495e-13
-2.11377e-12
-1.00588e-09
2.61066e-13
-1.98856e-12
-1.00548e-09
-2.03076e-12
-1.00575e-09
8.86497e-13
-3.75709e-12
-1.00467e-09
8.6858e-13
-3.71709e-12
-1.00462e-09
3.18746e-13
-3.82747e-12
-1.00515e-09
2.71614e-13
-3.63771e-12
-1.00485e-09
-3.72536e-12
-1.00509e-09
8.76376e-13
-4.85793e-12
-1.00345e-09
8.60274e-13
-4.79248e-12
-1.00346e-09
3.66028e-13
-4.99796e-12
-1.00393e-09
2.64258e-13
-4.7781e-12
-1.00377e-09
-4.89558e-12
-1.00394e-09
8.33433e-13
-5.38578e-12
-1.00194e-09
7.94893e-13
-5.2593e-12
-1.00203e-09
4.1358e-13
-5.55499e-12
-1.00239e-09
2.40419e-13
-5.34403e-12
-1.00239e-09
-5.48125e-12
-1.00249e-09
8.42418e-13
-1.00028e-09
6.41546e-13
-1.00052e-09
4.86955e-13
-1.00074e-09
1.80174e-13
-1.0009e-09
-1.00091e-09
7.16804e-13
-1.41706e-12
-1.00372e-09
6.33601e-13
-1.4203e-12
-1.00383e-09
2.85257e-13
-1.44548e-12
-1.00409e-09
2.08399e-13
-1.40369e-12
-1.004e-09
-1.41969e-12
-1.00412e-09
7.06476e-13
-2.58791e-12
-1.00324e-09
6.28759e-13
-2.60115e-12
-1.00336e-09
3.00526e-13
-2.6552e-12
-1.00361e-09
2.08487e-13
-2.59641e-12
-1.00357e-09
-2.62777e-12
-1.00367e-09
6.80108e-13
-3.39049e-12
-1.00243e-09
6.03309e-13
-3.41478e-12
-1.00257e-09
3.15722e-13
-3.50739e-12
-1.00279e-09
1.99047e-13
-3.44924e-12
-1.0028e-09
-3.49151e-12
-1.00288e-09
6.32473e-13
-3.78479e-12
-1.0014e-09
5.44308e-13
-3.80197e-12
-1.00155e-09
3.27288e-13
-3.94407e-12
-1.00174e-09
1.7693e-13
-3.89208e-12
-1.0018e-09
-3.9499e-12
-1.00185e-09
5.90426e-13
-1.00028e-09
4.34439e-13
-1.00046e-09
3.42077e-13
-1.00059e-09
1.37222e-13
-1.0007e-09
-1.00072e-09
5.52542e-13
-9.78398e-13
-1.0026e-09
4.56865e-13
-9.90898e-13
-1.00274e-09
2.56001e-13
-1.00471e-12
-1.00288e-09
1.56164e-13
-9.96134e-13
-1.00291e-09
-1.00127e-12
-1.00296e-09
5.39726e-13
-1.80636e-12
-1.00229e-09
4.47393e-13
-1.8342e-12
-1.00243e-09
2.58848e-13
-1.8636e-12
-1.00257e-09
1.53511e-13
-1.85531e-12
-1.0026e-09
-1.86558e-12
-1.00265e-09
5.10778e-13
-2.39303e-12
-1.00174e-09
4.2306e-13
-2.43648e-12
-1.00188e-09
2.58494e-13
-2.48596e-12
-1.00201e-09
1.45012e-13
-2.48374e-12
-1.00206e-09
-2.49937e-12
-1.0021e-09
4.65885e-13
-2.6969e-12
-1.00103e-09
3.79558e-13
-2.74386e-12
-1.00116e-09
2.52137e-13
-2.82341e-12
-1.00127e-09
1.28781e-13
-2.82385e-12
-1.00134e-09
-2.85111e-12
-1.00137e-09
4.09183e-13
-1.00025e-09
3.07102e-13
-1.00038e-09
2.40045e-13
-1.00046e-09
1.03579e-13
-1.00054e-09
-1.00056e-09
4.08889e-13
-6.85641e-13
-1.00185e-09
3.28551e-13
-6.98149e-13
-1.00196e-09
2.09713e-13
-7.07662e-13
-1.00206e-09
1.14963e-13
-7.09385e-13
-1.0021e-09
-7.11298e-13
-1.00214e-09
3.9695e-13
-1.27554e-12
-1.00163e-09
3.20083e-13
-1.30129e-12
-1.00175e-09
2.07862e-13
-1.32139e-12
-1.00184e-09
1.12347e-13
-1.32727e-12
-1.00189e-09
-1.33166e-12
-1.00192e-09
3.71543e-13
-1.70488e-12
-1.00126e-09
3.01098e-13
-1.74335e-12
-1.00136e-09
2.0086e-13
-1.77582e-12
-1.00145e-09
1.05875e-13
-1.78711e-12
-1.0015e-09
-1.79505e-12
-1.00153e-09
3.33572e-13
-1.93766e-12
-1.00076e-09
2.69255e-13
-1.98239e-12
-1.00086e-09
1.86986e-13
-2.03168e-12
-1.00094e-09
9.47529e-14
-2.04614e-12
-1.00099e-09
-2.06059e-12
-1.00101e-09
2.8454e-13
-1.00021e-09
2.21552e-13
-1.0003e-09
1.6859e-13
-1.00036e-09
7.79862e-14
-1.00041e-09
-1.00043e-09
2.94554e-13
-4.85926e-13
-1.00132e-09
2.37174e-13
-4.95873e-13
-1.00141e-09
1.60791e-13
-5.03196e-13
-1.00148e-09
8.45168e-14
-5.06884e-13
-1.00152e-09
-5.08171e-13
-1.00154e-09
2.85019e-13
-9.08781e-13
-1.00118e-09
2.30361e-13
-9.28722e-13
-1.00126e-09
1.5741e-13
-9.43762e-13
-1.00133e-09
8.24411e-14
-9.51701e-13
-1.00137e-09
-9.54598e-13
-1.00139e-09
2.65388e-13
-1.22308e-12
-1.00091e-09
2.16146e-13
-1.25224e-12
-1.00099e-09
1.4962e-13
-1.27515e-12
-1.00105e-09
7.75583e-14
-1.28742e-12
-1.00109e-09
-1.29266e-12
-1.00112e-09
2.35994e-13
-1.39993e-12
-1.00056e-09
1.92673e-13
-1.43512e-12
-1.00063e-09
1.36026e-13
-1.4672e-12
-1.00069e-09
6.95929e-14
-1.48268e-12
-1.00073e-09
-1.49118e-12
-1.00074e-09
1.99653e-13
-1.00017e-09
1.6078e-13
-1.00023e-09
1.19222e-13
-1.00027e-09
5.83555e-14
-1.00031e-09
-1.00032e-09
2.09753e-13
-3.47246e-13
-1.00095e-09
1.70742e-13
-3.54616e-13
-1.00102e-09
1.1899e-13
-3.60162e-13
-1.00107e-09
6.19482e-14
-3.63547e-13
-1.0011e-09
-3.64596e-13
-1.00112e-09
2.02694e-13
-6.51958e-13
-1.00085e-09
1.65526e-13
-6.66491e-13
-1.00091e-09
1.15847e-13
-6.77579e-13
-1.00096e-09
6.02819e-14
-6.84343e-13
-1.00099e-09
-6.86584e-13
-1.00101e-09
1.88618e-13
-8.82097e-13
-1.00066e-09
1.54955e-13
-9.02907e-13
-1.00072e-09
1.08949e-13
-9.19175e-13
-1.00077e-09
5.65624e-14
-9.29287e-13
-1.0008e-09
-9.33025e-13
-1.00081e-09
1.67338e-13
-1.01548e-12
-1.00041e-09
1.38107e-13
-1.04098e-12
-1.00046e-09
9.83205e-14
-1.06246e-12
-1.0005e-09
5.08143e-14
-1.07515e-12
-1.00053e-09
-1.08056e-12
-1.00055e-09
1.41452e-13
-1.00013e-09
1.16566e-13
-1.00017e-09
8.51399e-14
-1.00021e-09
4.32071e-14
-1.00023e-09
-1.00024e-09
1.48593e-13
-2.49756e-13
-1.00069e-09
1.22291e-13
-2.54999e-13
-1.00074e-09
8.64588e-14
-2.59023e-13
-1.00077e-09
4.50708e-14
-2.61669e-13
-1.0008e-09
-2.62459e-13
-1.00081e-09
1.4361e-13
-4.70376e-13
-1.00062e-09
1.18513e-13
-4.8051e-13
-1.00066e-09
8.40745e-14
-4.88384e-13
-1.0007e-09
4.38337e-14
-4.93504e-13
-1.00072e-09
-4.95216e-13
-1.00073e-09
1.33688e-13
-6.3882e-13
-1.00049e-09
1.10636e-13
-6.53235e-13
-1.00052e-09
7.86616e-14
-6.64667e-13
-1.00056e-09
4.10127e-14
-6.72196e-13
-1.00058e-09
-6.74865e-13
-1.00059e-09
1.18996e-13
-7.38842e-13
-1.00031e-09
9.90286e-14
-7.56581e-13
-1.00034e-09
7.08951e-14
-7.71097e-13
-1.00037e-09
3.6902e-14
-7.80475e-13
-1.00039e-09
-7.84045e-13
-1.0004e-09
1.01116e-13
-1.0001e-09
8.44571e-14
-1.00013e-09
6.12924e-14
-1.00015e-09
3.17012e-14
-1.00017e-09
-1.00018e-09
1.05013e-13
-1.80545e-13
-1.0005e-09
8.72467e-14
-1.84161e-13
-1.00053e-09
6.22659e-14
-1.87009e-13
-1.00056e-09
3.25677e-14
-1.88901e-13
-1.00058e-09
-1.89483e-13
-1.00059e-09
1.01649e-13
-3.40776e-13
-1.00045e-09
8.46996e-14
-3.47684e-13
-1.00048e-09
6.04142e-14
-3.53136e-13
-1.00051e-09
3.16116e-14
-3.5685e-13
-1.00052e-09
-3.58109e-13
-1.00053e-09
9.47035e-14
-4.6416e-13
-1.00035e-09
7.8982e-14
-4.73973e-13
-1.00038e-09
5.65476e-14
-4.81839e-13
-1.00041e-09
2.95802e-14
-4.87216e-13
-1.00042e-09
-4.89068e-13
-1.00043e-09
8.484e-14
-5.38872e-13
-1.00023e-09
7.10325e-14
-5.50877e-13
-1.00025e-09
5.10555e-14
-5.60629e-13
-1.00027e-09
2.6695e-14
-5.67222e-13
-1.00029e-09
-5.69585e-13
-1.00029e-09
7.27781e-14
-1.00008e-09
6.12339e-14
-1.0001e-09
4.43397e-14
-1.00011e-09
2.31364e-14
-1.00013e-09
-1.00013e-09
7.42676e-14
-1.31024e-13
-1.00037e-09
6.21731e-14
-1.33476e-13
-1.00039e-09
4.45685e-14
-1.35399e-13
-1.00041e-09
2.33765e-14
-1.36748e-13
-1.00042e-09
-1.37175e-13
-1.00043e-09
7.19351e-14
-2.47599e-13
-1.00033e-09
6.02041e-14
-2.52274e-13
-1.00035e-09
4.32174e-14
-2.56045e-13
-1.00037e-09
2.26842e-14
-2.58657e-13
-1.00038e-09
-2.59536e-13
-1.00039e-09
6.72266e-14
-3.38008e-13
-1.00026e-09
5.63677e-14
-3.44645e-13
-1.00028e-09
4.05444e-14
-3.50013e-13
-1.0003e-09
2.12586e-14
-3.53756e-13
-1.00031e-09
-3.54998e-13
-1.00031e-09
6.05914e-14
-3.93564e-13
-1.00017e-09
5.09631e-14
-4.01608e-13
-1.00018e-09
3.67357e-14
-4.08143e-13
-1.0002e-09
1.927e-14
-4.12677e-13
-1.00021e-09
-4.14239e-13
-1.00021e-09
5.25282e-14
-1.00006e-09
4.43905e-14
-1.00007e-09
3.21226e-14
-1.00009e-09
1.6834e-14
-1.00009e-09
-1.0001e-09
5.25757e-14
-9.53415e-14
-1.00027e-09
4.41308e-14
-9.69733e-14
-1.00028e-09
3.17835e-14
-9.83004e-14
-1.0003e-09
1.67201e-14
-9.92377e-14
-1.00031e-09
-9.95283e-14
-1.00031e-09
5.09758e-14
-1.80298e-13
-1.00024e-09
4.28413e-14
-1.83452e-13
-1.00026e-09
3.0863e-14
-1.86047e-13
-1.00027e-09
1.62428e-14
-1.8785e-13
-1.00028e-09
-1.88437e-13
-1.00028e-09
4.78188e-14
-2.46538e-13
-1.00019e-09
4.02282e-14
-2.51017e-13
-1.0002e-09
2.90275e-14
-2.54664e-13
-1.00022e-09
1.5261e-14
-2.5723e-13
-1.00022e-09
-2.58054e-13
-1.00023e-09
4.33452e-14
-2.8768e-13
-1.00012e-09
3.65638e-14
-2.9307e-13
-1.00013e-09
2.64225e-14
-2.97458e-13
-1.00015e-09
1.38944e-14
-3.00563e-13
-1.00015e-09
-3.01602e-13
-1.00016e-09
3.79459e-14
-1.00004e-09
3.21473e-14
-1.00005e-09
2.3266e-14
-1.00006e-09
1.2217e-14
-1.00007e-09
-1.00007e-09
3.72428e-14
-6.9499e-14
-1.0002e-09
3.13674e-14
-7.05953e-14
-1.00021e-09
2.26563e-14
-7.15057e-14
-1.00022e-09
1.19542e-14
-7.21459e-14
-1.00022e-09
-7.23368e-14
-1.00023e-09
3.61883e-14
-1.31517e-13
-1.00018e-09
3.04916e-14
-1.33655e-13
-1.00019e-09
2.20331e-14
-1.35413e-13
-1.0002e-09
1.16297e-14
-1.3665e-13
-1.0002e-09
-1.37037e-13
-1.00021e-09
3.4054e-14
-1.80117e-13
-1.00014e-09
2.87237e-14
-1.83107e-13
-1.00015e-09
2.07785e-14
-1.85566e-13
-1.00016e-09
1.09559e-14
-1.87312e-13
-1.00016e-09
-1.87859e-13
-1.00017e-09
3.10662e-14
-2.10576e-13
-1.00009e-09
2.62551e-14
-2.14129e-13
-1.0001e-09
1.90102e-14
-2.17068e-13
-1.00011e-09
1.00118e-14
-2.19193e-13
-1.00011e-09
-2.19884e-13
-1.00011e-09
2.75029e-14
-1.00003e-09
2.32959e-14
-1.00004e-09
1.68523e-14
-1.00005e-09
8.85271e-15
-1.00005e-09
-1.00005e-09
2.64247e-14
-5.0723e-14
-1.00014e-09
2.23307e-14
-5.14739e-14
-1.00015e-09
1.61694e-14
-5.20923e-14
-1.00016e-09
8.55319e-15
-5.25276e-14
-1.00016e-09
-5.26517e-14
-1.00016e-09
2.57136e-14
-9.6105e-14
-1.00013e-09
2.17368e-14
-9.75437e-14
-1.00014e-09
1.57506e-14
-9.87172e-14
-1.00014e-09
8.33163e-15
-9.95619e-14
-1.00015e-09
-9.98109e-14
-1.00015e-09
2.42876e-14
-1.31832e-13
-1.0001e-09
2.0556e-14
-1.33781e-13
-1.00011e-09
1.48962e-14
-1.35422e-13
-1.00012e-09
7.871e-15
-1.36606e-13
-1.00012e-09
-1.3696e-13
-1.00012e-09
2.23445e-14
-1.54395e-13
-1.00007e-09
1.89106e-14
-1.56684e-13
-1.00007e-09
1.36996e-14
-1.58637e-13
-1.00008e-09
7.22435e-15
-1.60068e-13
-1.00008e-09
-1.60506e-13
-1.00008e-09
2.0041e-14
-1.00002e-09
1.69411e-14
-1.00003e-09
1.22445e-14
-1.00003e-09
6.44154e-15
-1.00004e-09
-1.00004e-09
1.88384e-14
-3.7078e-14
-1.0001e-09
1.59627e-14
-3.75852e-14
-1.00011e-09
1.15739e-14
-3.79991e-14
-1.00011e-09
6.1309e-15
-3.82958e-14
-1.00012e-09
-3.83761e-14
-1.00012e-09
1.83618e-14
-7.03375e-14
-1.00009e-09
1.5569e-14
-7.12868e-14
-1.0001e-09
1.12921e-14
-7.20729e-14
-1.0001e-09
5.97837e-15
-7.26406e-14
-1.00011e-09
-7.27959e-14
-1.00011e-09
1.74227e-14
-9.65966e-14
-1.00007e-09
1.47787e-14
-9.78663e-14
-1.00008e-09
1.07175e-14
-9.89559e-14
-1.00008e-09
5.66622e-15
-9.97536e-14
-1.00009e-09
-9.99661e-14
-1.00009e-09
1.61595e-14
-1.13284e-13
-1.00005e-09
1.36884e-14
-1.14769e-13
-1.00005e-09
9.91152e-15
-1.16051e-13
-1.00006e-09
5.23819e-15
-1.16983e-13
-1.00006e-09
-1.17246e-13
-1.00006e-09
1.46605e-14
-1.00002e-09
1.23922e-14
-1.00002e-09
8.96058e-15
-1.00003e-09
4.72154e-15
-1.00003e-09
-1.00003e-09
1.35524e-14
-2.7121e-14
-1.00008e-09
1.14721e-14
-2.74695e-14
-1.00008e-09
8.31245e-15
-2.77526e-14
-1.00008e-09
4.40848e-15
-2.79541e-14
-1.00009e-09
-2.80099e-14
-1.00009e-09
1.32252e-14
-5.15026e-14
-1.00007e-09
1.12072e-14
-5.2144e-14
-1.00007e-09
8.12225e-15
-5.26807e-14
-1.00008e-09
4.29867e-15
-5.30537e-14
-1.00008e-09
-5.31407e-14
-1.00008e-09
1.25851e-14
-7.07945e-14
-1.00005e-09
1.06686e-14
-7.16462e-14
-1.00006e-09
7.74364e-15
-7.23636e-14
-1.00006e-09
4.09578e-15
-7.28917e-14
-1.00006e-09
-7.30075e-14
-1.00006e-09
1.17381e-14
-8.31002e-14
-1.00004e-09
9.95154e-15
-8.40671e-14
-1.00004e-09
7.20946e-15
-8.49022e-14
-1.00004e-09
3.8223e-15
-8.55029e-14
-1.00004e-09
-8.56651e-14
-1.00004e-09
1.07598e-14
-1.00001e-09
9.10687e-15
-1.00002e-09
6.59481e-15
-1.00002e-09
3.47401e-15
-1.00002e-09
-1.00002e-09
9.7823e-15
-1.9842e-14
-1.00006e-09
8.2559e-15
-2.01024e-14
-1.00006e-09
5.98688e-15
-2.02963e-14
-1.00006e-09
3.18035e-15
-2.043e-14
-1.00006e-09
-2.04641e-14
-1.00006e-09
9.53732e-15
-3.77387e-14
-1.00005e-09
8.07582e-15
-3.81786e-14
-1.00005e-09
5.86044e-15
-3.85359e-14
-1.00006e-09
3.10599e-15
-3.8771e-14
-1.00006e-09
-3.88058e-14
-1.00006e-09
9.09917e-15
-5.19223e-14
-1.00004e-09
7.71682e-15
-5.24735e-14
-1.00004e-09
5.62115e-15
-5.29324e-14
-1.00004e-09
2.9865e-15
-5.32727e-14
-1.00005e-09
-5.33341e-14
-1.00005e-09
8.55638e-15
-6.09404e-14
-1.00003e-09
7.25656e-15
-6.1568e-14
-1.00003e-09
5.27667e-15
-6.2107e-14
-1.00003e-09
2.81007e-15
-6.24977e-14
-1.00003e-09
-6.25952e-14
-1.00003e-09
7.93435e-15
-1.00001e-09
6.71112e-15
-1.00001e-09
4.87651e-15
-1.00001e-09
2.57545e-15
-1.00001e-09
-1.00002e-09
7.01108e-15
-1.45659e-14
-1.00004e-09
5.93771e-15
-1.47456e-14
-1.00004e-09
4.33723e-15
-1.48576e-14
-1.00004e-09
2.31195e-15
-1.49381e-14
-1.00005e-09
-1.49489e-14
-1.00005e-09
6.84395e-15
-2.77134e-14
-1.00004e-09
5.83407e-15
-2.79799e-14
-1.00004e-09
4.26155e-15
-2.82002e-14
-1.00004e-09
2.27182e-15
-2.83422e-14
-1.00004e-09
-2.83498e-14
-1.00004e-09
6.58252e-15
-3.81201e-14
-1.00003e-09
5.61243e-15
-3.84426e-14
-1.00003e-09
4.1173e-15
-3.87283e-14
-1.00003e-09
2.20244e-15
-3.89467e-14
-1.00003e-09
-3.89808e-14
-1.00003e-09
6.26614e-15
-4.47135e-14
-1.00002e-09
5.32454e-15
-4.51369e-14
-1.00002e-09
3.89583e-15
-4.54676e-14
-1.00002e-09
2.08404e-15
-4.57062e-14
-1.00002e-09
-4.57496e-14
-1.00002e-09
5.85777e-15
-1.00001e-09
4.99085e-15
-1.00001e-09
3.65067e-15
-1.00001e-09
1.93983e-15
-1.00001e-09
-1.00001e-09
5.03512e-15
-1.07282e-14
-1.00003e-09
4.30984e-15
-1.08243e-14
-1.00003e-09
3.18617e-15
-1.08687e-14
-1.00003e-09
1.70456e-15
-1.09146e-14
-1.00003e-09
-1.09198e-14
-1.00003e-09
4.94852e-15
-2.03606e-14
-1.00003e-09
4.27062e-15
-2.05057e-14
-1.00003e-09
3.14425e-15
-2.0644e-14
-1.00003e-09
1.6777e-15
-2.07386e-14
-1.00003e-09
-2.07428e-14
-1.00003e-09
4.80825e-15
-2.7966e-14
-1.00002e-09
4.13255e-15
-2.81704e-14
-1.00002e-09
3.04827e-15
-2.83557e-14
-1.00002e-09
1.62911e-15
-2.85036e-14
-1.00002e-09
-2.85193e-14
-1.00003e-09
4.60232e-15
-3.28286e-14
-1.00001e-09
3.94513e-15
-3.31285e-14
-1.00001e-09
2.89738e-15
-3.33255e-14
-1.00002e-09
1.55129e-15
-3.34584e-14
-1.00002e-09
-3.3469e-14
-1.00002e-09
4.30539e-15
-1e-09
3.74915e-15
-1.00001e-09
2.76012e-15
-1.00001e-09
1.46735e-15
-1.00001e-09
-1.00001e-09
3.69268e-15
-7.8777e-15
-1.00002e-09
3.18992e-15
-7.92547e-15
-1.00002e-09
2.37477e-15
-7.94134e-15
-1.00002e-09
1.2633e-15
-7.97941e-15
-1.00002e-09
-7.99609e-15
-1.00002e-09
3.65098e-15
-1.4917e-14
-1.00002e-09
3.17799e-15
-1.50221e-14
-1.00002e-09
2.33933e-15
-1.51309e-14
-1.00002e-09
1.23093e-15
-1.521e-14
-1.00002e-09
-1.52138e-14
-1.00002e-09
3.55108e-15
-2.04683e-14
-1.00002e-09
3.06991e-15
-2.06489e-14
-1.00002e-09
2.2597e-15
-2.0788e-14
-1.00002e-09
1.19463e-15
-2.08967e-14
-1.00002e-09
-2.08996e-14
-1.00002e-09
3.36814e-15
-2.40348e-14
-1.00001e-09
2.92791e-15
-2.42839e-14
-1.00001e-09
2.14849e-15
-2.44373e-14
-1.00001e-09
1.14583e-15
-2.45239e-14
-1.00001e-09
-2.45311e-14
-1.00001e-09
3.14812e-15
-1e-09
2.7759e-15
-1e-09
2.05859e-15
-1.00001e-09
1.08406e-15
-1.00001e-09
-1.00001e-09
2.75296e-15
-5.76262e-15
-1.00002e-09
2.39388e-15
-5.79141e-15
-1.00002e-09
1.77051e-15
-5.81461e-15
-1.00002e-09
9.25598e-16
-5.85655e-15
-1.00002e-09
-5.87643e-15
-1.00002e-09
2.72886e-15
-1.09122e-14
-1.00001e-09
2.37391e-15
-1.10149e-14
-1.00001e-09
1.73031e-15
-1.11141e-14
-1.00002e-09
8.93919e-16
-1.11813e-14
-1.00002e-09
-1.11811e-14
-1.00002e-09
2.62943e-15
-1.49799e-14
-1.00001e-09
2.27499e-15
-1.51476e-14
-1.00001e-09
1.66279e-15
-1.52683e-14
-1.00001e-09
8.69678e-16
-1.53526e-14
-1.00001e-09
-1.5352e-14
-1.00001e-09
2.45829e-15
-1.75436e-14
-1.00001e-09
2.15142e-15
-1.77773e-14
-1.00001e-09
1.57754e-15
-1.79396e-14
-1.00001e-09
8.36807e-16
-1.80128e-14
-1.00001e-09
-1.80288e-14
-1.00001e-09
2.25078e-15
-1e-09
1.98907e-15
-1e-09
1.50069e-15
-1e-09
7.79834e-16
-1e-09
-1e-09
2.0565e-15
-4.22395e-15
-1.00001e-09
1.79662e-15
-4.2401e-15
-1.00001e-09
1.30625e-15
-4.27895e-15
-1.00001e-09
6.71992e-16
-4.31591e-15
-1.00001e-09
-4.32639e-15
-1.00001e-09
2.04198e-15
-8.00064e-15
-1.00001e-09
1.76023e-15
-8.09815e-15
-1.00001e-09
1.27076e-15
-8.18018e-15
-1.00001e-09
6.53221e-16
-8.23046e-15
-1.00001e-09
-8.22928e-15
-1.00001e-09
1.9417e-15
-1.10183e-14
-1.00001e-09
1.67748e-15
-1.1147e-14
-1.00001e-09
1.21986e-15
-1.12486e-14
-1.00001e-09
6.36342e-16
-1.13117e-14
-1.00001e-09
-1.13093e-14
-1.00001e-09
1.80243e-15
-1.29212e-14
-1.00001e-09
1.57558e-15
-1.30862e-14
-1.00001e-09
1.15689e-15
-1.32258e-14
-1.00001e-09
6.14862e-16
-1.32741e-14
-1.00001e-09
-1.32859e-14
-1.00001e-09
1.63185e-15
-1e-09
1.43025e-15
-1e-09
1.10298e-15
-1e-09
5.72542e-16
-1e-09
-1e-09
1.52695e-15
-3.10279e-15
-1.00001e-09
1.33482e-15
-3.11733e-15
-1.00001e-09
9.58693e-16
-3.15883e-15
-1.00001e-09
4.89126e-16
-3.18562e-15
-1.00001e-09
-3.18619e-15
-1.00001e-09
1.5141e-15
-5.89387e-15
-1.00001e-09
1.29504e-15
-5.97842e-15
-1.00001e-09
9.33613e-16
-6.03504e-15
-1.00001e-09
4.83299e-16
-6.06826e-15
-1.00001e-09
-6.06356e-15
-1.00001e-09
1.42815e-15
-8.17037e-15
-1.00001e-09
1.23788e-15
-8.2501e-15
-1.00001e-09
8.99679e-16
-8.31887e-15
-1.00001e-09
4.74931e-16
-8.3546e-15
-1.00001e-09
-8.34242e-15
-1.00001e-09
1.32473e-15
-9.63209e-15
-1e-09
1.17028e-15
-9.71558e-15
-1e-09
8.63716e-16
-9.7974e-15
-1e-09
4.70113e-16
-9.80832e-15
-1e-09
-9.79922e-15
-1e-09
1.22113e-15
-1e-09
1.08934e-15
-1e-09
8.46749e-16
-1e-09
4.56085e-16
-1e-09
-1e-09
1.11173e-15
-2.28935e-15
-1.00001e-09
9.79213e-16
-2.30074e-15
-1.00001e-09
7.07028e-16
-2.33191e-15
-1.00001e-09
3.56349e-16
-2.3515e-15
-1.00001e-09
-2.34281e-15
-1.00001e-09
1.10302e-15
-4.37465e-15
-1.00001e-09
9.49926e-16
-4.43096e-15
-1.00001e-09
6.89648e-16
-4.4629e-15
-1.00001e-09
3.61854e-16
-4.47835e-15
-1.00001e-09
-4.46456e-15
-1.00001e-09
1.04761e-15
-6.0726e-15
-1e-09
9.18054e-16
-6.13091e-15
-1e-09
6.73762e-16
-6.15976e-15
-1e-09
3.66285e-16
-6.16723e-15
-1e-09
-6.14891e-15
-1e-09
9.84698e-16
-7.1826e-15
-1e-09
8.89201e-16
-7.21503e-15
-1e-09
6.65529e-16
-7.24757e-15
-1e-09
3.71574e-16
-7.23762e-15
-1e-09
-7.20799e-15
-1e-09
9.83034e-16
-1e-09
8.65712e-16
-1e-09
6.73123e-16
-1e-09
3.84166e-16
-1e-09
-1e-09
8.0173e-16
-1.70497e-15
-1e-09
7.21133e-16
-1.69814e-15
-1e-09
5.30124e-16
-1.71752e-15
-1e-09
2.63128e-16
-1.73003e-15
-1e-09
-1.71719e-15
-1e-09
8.09101e-16
-3.25772e-15
-1e-09
7.04626e-16
-3.28095e-15
-1e-09
5.19777e-16
-3.29667e-15
-1e-09
2.74229e-16
-3.30071e-15
-1e-09
-3.28713e-15
-1e-09
7.81478e-16
-4.49725e-15
-1e-09
6.89847e-16
-4.54141e-15
-1e-09
5.15477e-16
-4.54734e-15
-1e-09
2.80499e-16
-4.54287e-15
-1e-09
-4.53242e-15
-1e-09
7.34362e-16
-5.28868e-15
-1e-09
6.84835e-16
-5.29755e-15
-1e-09
5.19338e-16
-5.32253e-15
-1e-09
2.81145e-16
-5.31598e-15
-1e-09
-5.28403e-15
-1e-09
7.62708e-16
-1e-09
6.70521e-16
-1e-09
5.24694e-16
-1e-09
2.99886e-16
-1e-09
-1e-09
6.07203e-16
-1.26901e-15
-1e-09
5.54796e-16
-1.24791e-15
-1e-09
4.11262e-16
-1.2611e-15
-1e-09
2.01717e-16
-1.26706e-15
-1e-09
-1.25734e-15
-1e-09
6.27862e-16
-2.40797e-15
-1e-09
5.43913e-16
-2.41685e-15
-1e-09
4.0675e-16
-2.42139e-15
-1e-09
2.0971e-16
-2.42661e-15
-1e-09
-2.41787e-15
-1e-09
6.14552e-16
-3.30712e-15
-1e-09
5.39443e-16
-3.32557e-15
-1e-09
4.01637e-16
-3.33367e-15
-1e-09
2.12998e-16
-3.33447e-15
-1e-09
-3.3339e-15
-1e-09
5.82938e-16
-3.83382e-15
-1e-09
5.33586e-16
-3.83644e-15
-1e-09
4.01569e-16
-3.87989e-15
-1e-09
2.06686e-16
-3.89767e-15
-1e-09
-3.90185e-15
-1e-09
5.61603e-16
-1e-09
4.98561e-16
-1e-09
3.83062e-16
-1e-09
1.92651e-16
-1e-09
-1e-09
5.06892e-16
-9.35991e-16
-1e-09
4.61565e-16
-9.11625e-16
-1e-09
3.31938e-16
-9.25231e-16
-1e-09
1.62462e-16
-9.26133e-16
-1e-09
-9.17462e-16
-1e-09
5.33475e-16
-1.7565e-15
-1e-09
4.48067e-16
-1.76958e-15
-1e-09
3.32012e-16
-1.76555e-15
-1e-09
1.70154e-16
-1.78077e-15
-1e-09
-1.78676e-15
-1e-09
5.23732e-16
-2.38533e-15
-1e-09
4.48441e-16
-2.40328e-15
-1e-09
3.1698e-16
-2.42705e-15
-1e-09
1.59868e-16
-2.44576e-15
-1e-09
-2.47108e-15
-1e-09
4.99505e-16
-2.75441e-15
-1e-09
4.26216e-16
-2.75143e-15
-1e-09
3.0214e-16
-2.81534e-15
-1e-09
1.29989e-16
-2.87397e-15
-1e-09
-2.90591e-15
-1e-09
4.41964e-16
-1e-09
3.58251e-16
-1e-09
2.40165e-16
-1e-09
8.92545e-17
-1e-09
-1e-09
4.5672e-16
-6.82637e-16
-1e-09
3.99521e-16
-6.69279e-16
-1e-09
2.74157e-16
-6.85638e-16
-1e-09
1.39467e-16
-6.81555e-16
-1e-09
-6.77117e-16
-1e-09
4.7533e-16
-1.27265e-15
-1e-09
3.81878e-16
-1.29592e-15
-1e-09
2.79048e-16
-1.2889e-15
-1e-09
1.43394e-16
-1.31351e-15
-1e-09
-1.34584e-15
-1e-09
4.60515e-16
-1.67987e-15
-1e-09
3.81146e-16
-1.72837e-15
-1e-09
2.54314e-16
-1.78079e-15
-1e-09
1.07471e-16
-1.83965e-15
-1e-09
-1.87844e-15
-1e-09
4.12058e-16
-1.93907e-15
-1e-09
3.3508e-16
-1.96558e-15
-1e-09
2.04112e-16
-2.07073e-15
-1e-09
6.61814e-17
-2.17612e-15
-1e-09
-2.228e-15
-1e-09
3.37442e-16
-1e-09
2.07496e-16
-1e-09
9.10182e-17
-1e-09
4.0624e-18
-1e-09
-1e-09
3.98944e-16
-5.12617e-16
-1e-09
3.34635e-16
-5.02882e-16
-1e-09
2.3327e-16
-5.10507e-16
-1e-09
1.24308e-16
-5.13266e-16
-1e-09
-5.26623e-16
-1e-09
4.13678e-16
-9.43359e-16
-1e-09
3.2618e-16
-9.6379e-16
-1e-09
2.31555e-16
-9.80673e-16
-1e-09
1.11324e-16
-1.02894e-15
-1e-09
-1.07039e-15
-1e-09
3.97938e-16
-1.21797e-15
-1e-09
2.99811e-16
-1.29287e-15
-1e-09
1.83084e-16
-1.37786e-15
-1e-09
6.63748e-17
-1.45486e-15
-1e-09
-1.51802e-15
-1e-09
3.22146e-16
-1.38474e-15
-1e-09
2.33912e-16
-1.47429e-15
-1e-09
1.19513e-16
-1.62272e-15
-1e-09
9.16942e-19
-1.76045e-15
-1e-09
-1.79357e-15
-1e-09
1.97214e-16
-1e-09
5.85255e-17
-1e-09
-2.94228e-17
-1e-09
-4.43477e-17
-1e-09
-1e-09
3.28048e-16
-3.96166e-16
-1e-09
2.70611e-16
-3.9519e-16
-1e-09
1.90941e-16
-4.06092e-16
-1e-09
9.70403e-17
-4.21208e-16
-1e-09
-4.45905e-16
-1e-09
3.29575e-16
-7.78117e-16
-1e-09
2.59948e-16
-7.74849e-16
-1e-09
1.78484e-16
-8.11403e-16
-1e-09
7.20853e-17
-8.80887e-16
-1e-09
-9.17749e-16
-1e-09
3.19404e-16
-1.00998e-15
-1e-09
2.15093e-16
-1.06822e-15
-1e-09
1.08194e-16
-1.17931e-15
-1e-09
3.12262e-17
-1.25251e-15
-1e-09
-1.28382e-15
-1e-09
2.19235e-16
-1.15446e-15
-1e-09
1.33543e-16
-1.28266e-15
-1e-09
5.13971e-17
-1.42525e-15
-1e-09
1.08136e-19
-1.52236e-15
-1e-09
-1.53405e-15
-1e-09
1.03517e-16
-1e-09
-2.29312e-17
-1e-09
-5.97816e-17
-1e-09
-2.41074e-17
-1e-09
-1e-09
2.58365e-16
-3.62146e-16
2.26996e-16
-3.46836e-16
1.52478e-16
-3.72881e-16
6.33949e-17
-3.90723e-16
-4.12275e-16
2.66772e-16
-7.19754e-16
2.01968e-16
-7.10716e-16
1.37542e-16
-7.54462e-16
4.15678e-17
-8.16943e-16
-8.48814e-16
2.49981e-16
-9.74925e-16
1.51022e-16
-1.00823e-15
7.33984e-17
-1.11169e-15
6.89735e-18
-1.16428e-15
-1.17646e-15
1.45368e-16
-1.04898e-15
6.87704e-17
-1.23547e-15
3.75583e-17
-1.35049e-15
-2.76959e-18
-1.38518e-15
-1.36198e-15
-7.21278e-18
1.61566e-17
-3.88984e-18
8.0085e-18
)
;

boundaryField
{
    inlet
    {
        type            calculated;
        value           nonuniform List<scalar> 
25
(
-1e-09
-1e-09
-1e-09
-1e-09
-1e-09
-1e-09
-1e-09
-1e-09
-1e-09
-1e-09
-1e-09
-1e-09
-1e-09
-1e-09
-1e-09
-1e-09
-1e-09
-1e-09
-1e-09
-1e-09
-1e-09
-1e-09
-1e-09
-1e-09
-1e-09
)
;
    }
    outlet
    {
        type            calculated;
        value           nonuniform List<scalar> 
25
(
9.99999e-10
9.99999e-10
9.99999e-10
1e-09
1e-09
9.99999e-10
1e-09
1e-09
1e-09
1e-09
1e-09
1e-09
1e-09
1e-09
1e-09
1e-09
1e-09
1e-09
1e-09
1e-09
1e-09
1e-09
1e-09
1e-09
1e-09
)
;
    }
    repeat_boundary
    {
        type            calculated;
        value           uniform 0;
    }
    procBoundary1to0
    {
        type            processor;
        value           nonuniform List<scalar> 
450
(
2.22814e-16
2.20038e-16
2.31224e-16
2.4142e-16
2.84956e-16
6.05847e-16
6.0793e-16
6.17014e-16
6.10608e-16
6.42496e-16
1.04549e-15
1.05326e-15
1.03575e-15
9.46635e-16
7.72634e-16
1.56525e-15
1.58859e-15
1.58483e-15
1.49806e-15
1.24408e-15
2.21014e-15
2.23632e-15
2.26813e-15
2.27603e-15
2.28838e-15
3.05804e-15
3.0667e-15
3.09781e-15
3.11829e-15
3.29194e-15
4.21594e-15
4.21255e-15
4.21105e-15
4.13134e-15
4.11919e-15
5.78675e-15
5.79994e-15
5.78766e-15
5.6631e-15
5.39912e-15
7.92188e-15
7.95516e-15
7.95391e-15
7.91837e-15
7.74928e-15
1.08468e-14
1.08693e-14
1.08635e-14
1.08978e-14
1.09937e-14
1.48447e-14
1.48438e-14
1.48237e-14
1.481e-14
1.49298e-14
2.0271e-14
2.02735e-14
2.02513e-14
2.01626e-14
2.01015e-14
2.76301e-14
2.7661e-14
2.76322e-14
2.75102e-14
2.72527e-14
3.76526e-14
3.77084e-14
3.76458e-14
3.75084e-14
3.71431e-14
5.13384e-14
5.14008e-14
5.12851e-14
5.10906e-14
5.06242e-14
7.00206e-14
7.00826e-14
6.99047e-14
6.95845e-14
6.89573e-14
9.55017e-14
9.55713e-14
9.53133e-14
9.48448e-14
9.40744e-14
1.30244e-13
1.30312e-13
1.29909e-13
1.29298e-13
1.28509e-13
1.77634e-13
1.77656e-13
1.76973e-13
1.76119e-13
1.7517e-13
2.42316e-13
2.42262e-13
2.41162e-13
2.39857e-13
2.38397e-13
3.30624e-13
3.30479e-13
3.28832e-13
3.26794e-13
3.24552e-13
4.51243e-13
4.50918e-13
4.48482e-13
4.45195e-13
4.41558e-13
6.16154e-13
6.15453e-13
6.1182e-13
6.06638e-13
6.00634e-13
8.41714e-13
8.40393e-13
8.34923e-13
8.27163e-13
8.18012e-13
1.15011e-12
1.14791e-12
1.13961e-12
1.12803e-12
1.11434e-12
1.57153e-12
1.56812e-12
1.55573e-12
1.53844e-12
1.51771e-12
2.14708e-12
2.14181e-12
2.12378e-12
2.09852e-12
2.06813e-12
2.93204e-12
2.92388e-12
2.89826e-12
2.86206e-12
2.81919e-12
3.99862e-12
3.98644e-12
3.95198e-12
3.90178e-12
3.84479e-12
5.43533e-12
5.41802e-12
5.37906e-12
5.31323e-12
5.2508e-12
7.33047e-12
7.30473e-12
7.29348e-12
7.21054e-12
7.19336e-12
9.70524e-12
9.64113e-12
9.81434e-12
9.67829e-12
9.9242e-12
1.24886e-11
1.22904e-11
1.30507e-11
1.25987e-11
1.39067e-11
1.54606e-11
1.50599e-11
1.72038e-11
1.58635e-11
2.0072e-11
1.77597e-11
1.74216e-11
2.27249e-11
1.93049e-11
3.03248e-11
1.70103e-11
1.80571e-11
3.08156e-11
2.18078e-11
4.98414e-11
2.02278e-12
1.70517e-11
3.95007e-11
2.75772e-11
1.06166e-10
-5.15799e-12
-2.74557e-11
3.56307e-11
-3.64445e-11
8.04216e-11
-2.41779e-10
5.60514e-11
2.56746e-11
4.56132e-11
5.65267e-10
1.48281e-10
-4.17666e-10
1.57351e-11
-5.34555e-10
-3.12806e-10
-4.8753e-13
1.2868e-10
-5.54789e-11
-6.13181e-11
1.01306e-10
-5.25016e-10
1.69698e-10
1.25166e-10
6.73352e-11
3.28331e-10
6.34237e-10
3.22215e-10
-4.90891e-12
3.74447e-10
6.01128e-11
2.95807e-10
5.55028e-10
4.18658e-10
8.36917e-11
-2.97989e-10
3.41737e-10
-1.58854e-10
6.89365e-10
2.51729e-10
1.09745e-11
-6.06741e-11
2.03288e-10
4.00958e-12
9.5492e-11
-8.33839e-10
-1.13601e-10
2.10447e-10
-3.52897e-10
4.43188e-10
-1.99087e-10
5.83633e-10
3.06989e-11
-1.48068e-10
4.37892e-10
-1.69653e-11
-1.36832e-09
-6.23412e-10
7.65426e-11
-7.80764e-11
4.86118e-10
-1.12706e-09
-5.8107e-10
-1.34767e-10
1.87319e-10
2.09533e-12
-1.18579e-10
-1.76198e-11
2.24109e-10
2.8477e-11
-1.83184e-10
-6.12446e-10
9.12532e-11
6.02378e-11
5.73768e-11
7.38897e-11
5.62881e-10
1.85656e-10
-3.15912e-10
-5.73034e-10
-1.7424e-10
-8.49856e-11
2.13358e-10
1.55125e-11
2.4113e-11
6.97902e-11
1.66585e-11
4.82172e-11
-4.76557e-11
-4.26867e-11
-2.86141e-11
-2.73361e-12
1.34849e-11
-2.19265e-11
-1.34798e-11
-1.91752e-11
-4.98255e-12
-2.01872e-13
-1.35514e-11
-7.63889e-12
-1.37619e-11
-4.83522e-12
-3.60213e-12
-8.28348e-12
-5.00261e-12
-8.62719e-12
-3.9383e-12
-3.66224e-12
-5.11775e-12
-3.57064e-12
-5.02213e-12
-2.94852e-12
-2.87914e-12
-3.22583e-12
-2.54902e-12
-2.80536e-12
-2.10473e-12
-2.06477e-12
-2.07601e-12
-1.74925e-12
-1.57576e-12
-1.46088e-12
-1.42399e-12
-1.35926e-12
-1.16622e-12
-9.38359e-13
-1.0011e-12
-9.69654e-13
-9.04261e-13
-7.79008e-13
-6.08508e-13
-6.89044e-13
-6.64848e-13
-6.14217e-13
-5.31266e-13
-4.16511e-13
-4.78106e-13
-4.60425e-13
-4.23987e-13
-3.68643e-13
-2.92802e-13
-3.32771e-13
-3.2027e-13
-2.94965e-13
-2.57447e-13
-2.08281e-13
-2.31965e-13
-2.23308e-13
-2.06144e-13
-1.80859e-13
-1.49032e-13
-1.62014e-13
-1.56113e-13
-1.44723e-13
-1.27572e-13
-1.06778e-13
-1.13439e-13
-1.09531e-13
-1.01632e-13
-9.03464e-14
-7.66081e-14
-7.96451e-14
-7.71177e-14
-7.17613e-14
-6.43147e-14
-5.52745e-14
-5.60334e-14
-5.42627e-14
-5.08071e-14
-4.59411e-14
-4.00238e-14
-3.95052e-14
-3.8334e-14
-3.6048e-14
-3.28501e-14
-2.89101e-14
-2.79574e-14
-2.71868e-14
-2.5674e-14
-2.35479e-14
-2.08728e-14
-1.98426e-14
-1.93618e-14
-1.83876e-14
-1.70016e-14
-1.52486e-14
-1.41425e-14
-1.38449e-14
-1.32243e-14
-1.23528e-14
-1.1331e-14
-1.01387e-14
-9.93649e-15
-9.51689e-15
-8.92883e-15
-8.31626e-15
-7.31376e-15
-7.1662e-15
-6.86866e-15
-6.41629e-15
-5.86969e-15
-5.30461e-15
-5.20357e-15
-5.00895e-15
-4.68194e-15
-4.21895e-15
-3.86452e-15
-3.79879e-15
-3.68471e-15
-3.4973e-15
-3.23946e-15
-2.82551e-15
-2.77388e-15
-2.69273e-15
-2.57857e-15
-2.55216e-15
-2.07053e-15
-2.0201e-15
-1.94803e-15
-1.83615e-15
-1.89299e-15
-1.51626e-15
-1.47314e-15
-1.41921e-15
-1.3168e-15
-1.31015e-15
-1.11211e-15
-1.08414e-15
-1.05752e-15
-9.8496e-16
-9.64223e-16
-8.34568e-16
-8.16453e-16
-7.97859e-16
-7.65443e-16
-8.04394e-16
-6.59106e-16
-6.40587e-16
-6.10946e-16
-5.73057e-16
-6.49892e-16
-5.46928e-16
-5.30055e-16
-4.96262e-16
-4.35947e-16
-4.59931e-16
-4.6419e-16
-4.59792e-16
-4.42602e-16
-3.95987e-16
-4.09162e-16
-3.99067e-16
-3.98116e-16
-3.95064e-16
-3.7115e-16
-4.46105e-16
-3.44421e-16
-3.46729e-16
-3.36392e-16
-3.40579e-16
-3.08792e-16
-3.23454e-16
-3.25538e-16
-3.02996e-16
-3.30064e-16
-5.98592e-17
)
;
    }
    procBoundary1to3
    {
        type            processor;
        value           nonuniform List<scalar> 
450
(
-1.22727e-16
-1.39132e-16
-1.52792e-16
-1.62158e-16
-1.63973e-16
-4.67405e-16
-3.71657e-16
-3.98933e-16
-4.39123e-16
-4.5197e-16
-1.03076e-15
-7.83596e-16
-7.57403e-16
-7.83413e-16
-7.91393e-16
-1.44331e-15
-1.28449e-15
-1.23469e-15
-1.23295e-15
-1.21593e-15
-1.61796e-15
-1.73756e-15
-1.77054e-15
-1.76533e-15
-1.74994e-15
-2.1939e-15
-2.33523e-15
-2.40856e-15
-2.41549e-15
-2.42654e-15
-3.45667e-15
-3.33259e-15
-3.31871e-15
-3.30847e-15
-3.33488e-15
-4.94902e-15
-4.71951e-15
-4.61744e-15
-4.58225e-15
-4.59868e-15
-6.41136e-15
-6.42796e-15
-6.36231e-15
-6.34393e-15
-6.33922e-15
-8.44296e-15
-8.67698e-15
-8.69972e-15
-8.72261e-15
-8.69479e-15
-1.17325e-14
-1.18644e-14
-1.18959e-14
-1.19306e-14
-1.18743e-14
-1.63458e-14
-1.62747e-14
-1.62602e-14
-1.62652e-14
-1.61839e-14
-2.24669e-14
-2.2229e-14
-2.21621e-14
-2.21244e-14
-2.20348e-14
-3.06024e-14
-3.02659e-14
-3.0138e-14
-3.00607e-14
-2.99664e-14
-4.15966e-14
-4.11633e-14
-4.09476e-14
-4.08256e-14
-4.07009e-14
-5.64772e-14
-5.59686e-14
-5.5636e-14
-5.54388e-14
-5.5239e-14
-7.65995e-14
-7.60499e-14
-7.55856e-14
-7.52731e-14
-7.49616e-14
-1.03807e-13
-1.03212e-13
-1.02605e-13
-1.0215e-13
-1.01702e-13
-1.40969e-13
-1.40095e-13
-1.39218e-13
-1.38552e-13
-1.379e-13
-1.91685e-13
-1.90252e-13
-1.88885e-13
-1.87868e-13
-1.86886e-13
-2.60453e-13
-2.58233e-13
-2.56149e-13
-2.54584e-13
-2.53161e-13
-3.542e-13
-3.50498e-13
-3.47237e-13
-3.44793e-13
-3.42754e-13
-4.81856e-13
-4.75784e-13
-4.70645e-13
-4.66838e-13
-4.63795e-13
-6.54504e-13
-6.45339e-13
-6.37524e-13
-6.31792e-13
-6.2723e-13
-8.88771e-13
-8.7491e-13
-8.6307e-13
-8.54457e-13
-8.47751e-13
-1.2073e-12
-1.18606e-12
-1.16807e-12
-1.15492e-12
-1.14509e-12
-1.63917e-12
-1.60718e-12
-1.58024e-12
-1.56024e-12
-1.54585e-12
-2.22531e-12
-2.17717e-12
-2.1373e-12
-2.10698e-12
-2.08599e-12
-3.02231e-12
-2.94855e-12
-2.8907e-12
-2.8442e-12
-2.8143e-12
-4.10812e-12
-3.98873e-12
-3.90986e-12
-3.83592e-12
-3.79794e-12
-5.59924e-12
-5.37276e-12
-5.28639e-12
-5.15529e-12
-5.13174e-12
-7.69681e-12
-7.11455e-12
-7.12257e-12
-6.83066e-12
-6.97348e-12
-1.08584e-11
-8.99496e-12
-9.62845e-12
-8.76063e-12
-9.64067e-12
-1.63585e-11
-1.05385e-11
-1.36479e-11
-1.07236e-11
-1.37354e-11
-2.74695e-11
-1.05882e-11
-2.10804e-11
-1.19127e-11
-2.04523e-11
-5.26321e-11
-7.02902e-12
-3.45335e-11
-1.04046e-11
-3.16836e-11
-1.12904e-10
3.02531e-12
-7.00587e-11
-1.42554e-11
-8.07493e-11
-1.84736e-10
3.77519e-11
-7.04632e-11
6.25233e-11
-3.76026e-11
-5.83016e-10
1.70056e-10
-2.65035e-10
3.04053e-11
-4.55077e-10
-2.47961e-10
4.79833e-11
5.14412e-11
5.14718e-10
3.35253e-10
9.14973e-12
1.19402e-10
3.24506e-13
1.66702e-11
-3.7969e-11
-1.13497e-10
2.73594e-10
1.87915e-10
-7.40518e-11
1.89738e-10
1.41739e-10
-1.24266e-10
4.92068e-10
-1.98904e-10
1.44635e-10
2.4662e-10
7.12676e-11
-7.62083e-10
-1.26729e-10
-2.74812e-10
2.37919e-10
8.99319e-13
-6.87293e-10
8.71886e-11
-1.36635e-10
-1.20417e-10
-3.44398e-12
5.55857e-10
1.67439e-10
5.15769e-10
-5.21216e-10
-5.71672e-11
4.4035e-10
8.15762e-13
-1.0573e-10
6.0631e-10
-3.51098e-11
-1.61124e-10
-2.89848e-10
-5.29274e-10
1.76921e-10
-1.65653e-10
1.61605e-10
4.64441e-11
8.20805e-11
6.50961e-11
-1.92592e-10
5.8281e-11
1.06213e-10
8.75387e-11
-1.00324e-10
4.44952e-10
7.43203e-12
1.901e-10
1.18881e-11
7.24634e-11
5.84314e-11
-1.35211e-10
7.08096e-10
1.05401e-11
-2.17948e-10
-8.10801e-11
2.34702e-10
-1.29053e-10
3.81699e-11
-1.84702e-10
7.64647e-11
-5.28916e-11
4.18648e-11
2.66548e-11
-7.79859e-11
-4.93701e-12
-2.29329e-11
-1.53051e-11
-1.43615e-11
-4.86492e-11
-1.02883e-11
-2.81371e-11
-1.54764e-11
-1.88568e-11
-3.11861e-11
-1.25449e-11
-2.36069e-11
-1.50216e-11
-1.85135e-11
-2.08458e-11
-1.19673e-11
-1.85002e-11
-1.33355e-11
-1.58894e-11
-1.44126e-11
-1.03374e-11
-1.40613e-11
-1.12233e-11
-1.28556e-11
-1.01961e-11
-8.50314e-12
-1.04946e-11
-9.08031e-12
-9.97173e-12
-7.29637e-12
-6.64762e-12
-7.68857e-12
-7.00961e-12
-7.47133e-12
-5.24353e-12
-4.99887e-12
-5.55828e-12
-5.25129e-12
-5.48818e-12
-3.77036e-12
-3.70438e-12
-4.00103e-12
-3.88252e-12
-4.00218e-12
-2.71831e-12
-2.7276e-12
-2.88361e-12
-2.8514e-12
-2.91109e-12
-1.96828e-12
-2.00119e-12
-2.08388e-12
-2.08651e-12
-2.11566e-12
-1.4314e-12
-1.46492e-12
-1.51051e-12
-1.52332e-12
-1.53783e-12
-1.04447e-12
-1.071e-12
-1.09787e-12
-1.11073e-12
-1.1185e-12
-7.63512e-13
-7.82666e-13
-7.99463e-13
-8.09546e-13
-8.14059e-13
-5.58763e-13
-5.71959e-13
-5.82909e-13
-5.90105e-13
-5.92883e-13
-4.09415e-13
-4.18188e-13
-4.25403e-13
-4.30337e-13
-4.32102e-13
-3.00201e-13
-3.05966e-13
-3.10704e-13
-3.1402e-13
-3.1516e-13
-2.20095e-13
-2.23956e-13
-2.27091e-13
-2.29307e-13
-2.30043e-13
-1.61364e-13
-1.63971e-13
-1.66075e-13
-1.67565e-13
-1.68032e-13
-1.18471e-13
-1.20131e-13
-1.2152e-13
-1.22523e-13
-1.22807e-13
-8.71407e-14
-8.81113e-14
-8.89833e-14
-8.96335e-14
-8.97889e-14
-6.39763e-14
-6.46228e-14
-6.51916e-14
-6.5594e-14
-6.56619e-14
-4.67336e-14
-4.73055e-14
-4.77449e-14
-4.80045e-14
-4.80252e-14
-3.41767e-14
-3.46143e-14
-3.49523e-14
-3.5139e-14
-3.51426e-14
-2.52528e-14
-2.5416e-14
-2.56198e-14
-2.57547e-14
-2.57513e-14
-1.8695e-14
-1.87361e-14
-1.88315e-14
-1.89215e-14
-1.89086e-14
-1.36624e-14
-1.37942e-14
-1.38616e-14
-1.39236e-14
-1.39024e-14
-9.97393e-15
-1.01203e-14
-1.0194e-14
-1.02432e-14
-1.0224e-14
-7.41555e-15
-7.44113e-15
-7.50334e-15
-7.5418e-15
-7.52959e-15
-5.56935e-15
-5.51496e-15
-5.55352e-15
-5.58405e-15
-5.5851e-15
-4.03455e-15
-4.0749e-15
-4.12868e-15
-4.17292e-15
-4.18351e-15
-2.83037e-15
-2.96141e-15
-3.07178e-15
-3.13836e-15
-3.166e-15
-2.09115e-15
-2.17905e-15
-2.31262e-15
-2.37909e-15
-2.40753e-15
-1.71155e-15
-1.71917e-15
-1.81283e-15
-1.84299e-15
-1.85943e-15
-1.47559e-15
-1.43315e-15
-1.47027e-15
-1.4863e-15
-1.48785e-15
-1.1935e-15
-1.33671e-15
-1.27105e-15
-1.27412e-15
-1.26417e-15
)
;
    }
}


// ************************************************************************* //
