/*--------------------------------*- C++ -*----------------------------------*\
| =========                 |                                                 |
| \\      /  F ield         | OpenFOAM: The Open Source CFD Toolbox           |
|  \\    /   O peration     | Version:  5.x                                   |
|   \\  /    A nd           | Web:      www.OpenFOAM.org                      |
|    \\/     M anipulation  |                                                 |
\*---------------------------------------------------------------------------*/
FoamFile
{
    version     2.0;
    format      ascii;
    class       surfaceScalarField;
    location    "90000";
    object      phi;
}
// * * * * * * * * * * * * * * * * * * * * * * * * * * * * * * * * * * * * * //

dimensions      [0 3 -1 0 0 0 0];

internalField   nonuniform List<scalar> 
5825
(
-2.14982e-05
6.19622e-05
-1000
-1.3593e-05
6.60774e-05
-1000
-2.13547e-06
6.79236e-05
-1000
4.12567e-06
7.24469e-05
-1000
7.37842e-05
-1000
-1.59301e-05
0.000140527
-1000
-8.50727e-06
0.000143934
-1000
1.56996e-06
0.000140461
-1000
6.78351e-06
0.000134953
-1000
0.000129021
-1000
-1.53343e-05
0.000197689
-1000
-1.26113e-05
0.000197295
-1000
-5.66571e-06
0.000187118
-1000
-3.25235e-06
0.000175537
-1000
0.00017453
-1000
-1.82764e-05
0.000237064
-1000
-2.24363e-05
0.000226431
-1000
-1.91664e-05
0.000209676
-1000
-2.94084e-05
0.000199467
-1000
0.000202344
-1000
-2.16099e-05
-1000
-3.00107e-05
-1000
-2.78432e-05
-1000
-3.46943e-05
-1000
-1000
-4.81058e-05
0.00017086
-1000
-2.719e-05
0.000184017
-1000
-4.37118e-06
0.000187681
-1000
-1.92279e-06
0.0001929
-1000
0.000192206
-1000
-3.38228e-05
0.000384588
-1000
-1.68147e-05
0.000390093
-1000
-1.35765e-06
0.000378242
-1000
-8.71854e-06
0.000361593
-1000
0.000344234
-1000
-3.42371e-05
0.00053516
-1000
-2.88175e-05
0.000529714
-1000
-1.99177e-05
0.000503481
-1000
-3.22668e-05
0.000472392
-1000
0.000467519
-1000
-4.47153e-05
0.000625421
-1000
-5.31098e-05
0.000602932
-1000
-5.41342e-05
0.00056869
-1000
-9.84155e-05
0.000543638
-1000
0.000538031
-1000
-5.90867e-05
-1000
-6.96077e-05
-1000
-7.8705e-05
-1000
-0.000145908
-1000
-1000
-7.25221e-05
0.000320591
-1000
-6.40199e-05
0.000339993
-1000
-6.7161e-05
0.000342674
-1000
-9.96788e-05
0.000340358
-1000
0.000336674
-1000
-5.69728e-05
0.00068583
-1000
-5.9036e-05
0.000688839
-1000
-7.332e-05
0.000670741
-1000
-0.000119675
0.000645324
-1000
0.000621322
-1000
-5.99074e-05
0.00094371
-1000
-7.81256e-05
0.000935318
-1000
-0.000101024
0.000906242
-1000
-0.000149618
0.000870349
-1000
0.000849176
-1000
-7.10233e-05
0.0010882
-1000
-0.000102464
0.00107873
-1000
-0.00013657
0.00105336
-1000
-0.000194331
0.00101689
-1000
0.000999017
-1000
-8.6158e-05
-999.999
-0.000131461
-999.999
-0.000178079
-1000
-0.000311176
-1000
-1000
-0.000110241
0.000523993
-1000
-0.000149506
0.000541886
-1000
-0.000208912
0.000540374
-1000
-0.000282745
0.000530676
-1000
0.000522455
-1000
-9.80611e-05
0.00105695
-1000
-0.00015224
0.00105737
-1000
-0.000221752
0.00103862
-1000
-0.000299965
0.00100882
-1000
0.000984724
-1000
-0.000100324
0.00145153
-1000
-0.000171512
0.00144701
-1000
-0.000246831
0.00142375
-1000
-0.000327756
0.00138797
-1000
0.00136466
-1000
-0.000106729
0.00169826
-1000
-0.000197026
0.00170558
-1000
-0.000283591
0.00168715
-1000
-0.000366919
0.00165231
-1000
0.00162214
-1000
-0.000107339
-999.999
-0.000222403
-999.999
-0.00033519
-1000
-0.000444441
-1000
-1000
-0.000170343
0.000783667
-1000
-0.000299295
0.00079251
-1000
-0.000429282
0.000786929
-1000
-0.000536772
0.000772088
-1000
0.000758162
-1000
-0.000164995
0.00151756
-1000
-0.000309515
0.00151562
-1000
-0.000445269
0.00149826
-1000
-0.000556195
0.00146877
-1000
0.00144603
-1000
-0.000168234
0.00208975
-1000
-0.000328198
0.00208927
-1000
-0.000469241
0.00207023
-1000
-0.000579722
0.00203651
-1000
0.0020201
-1000
-0.000171498
0.00247997
-1000
-0.000351101
0.00248583
-1000
-0.000498153
0.00246507
-1000
-0.000593016
0.00242912
-1000
0.00242903
-1000
-0.000173276
-999.999
-0.000376512
-999.999
-0.000528573
-1000
-0.000609844
-1000
-1000
-0.000268297
0.00110087
-1000
-0.000516738
0.0011
-1000
-0.000726377
0.00109071
-1000
-0.00087233
0.00107576
-1000
0.00105824
-1000
-0.000273192
0.00209266
-1000
-0.000530205
0.00208793
-1000
-0.000742906
0.00207339
-1000
-0.000892588
0.00205049
-1000
0.00203219
-1000
-0.000281087
0.00288576
-1000
-0.000545847
0.00288411
-1000
-0.00076273
0.00286842
-1000
-0.00091273
0.00284257
-1000
0.00283901
-1000
-0.000286367
0.00342356
-1000
-0.00056342
0.00341986
-1000
-0.000783133
0.00339891
-1000
-0.000918235
0.00337003
-1000
0.00339069
-1000
-0.000299588
-999.999
-0.000592401
-999.999
-0.000798006
-1000
-0.000879616
-1000
-1000
-0.000415123
0.00149611
-1000
-0.000796252
0.00148889
-1000
-0.0011001
0.00148232
-1000
-0.00129691
0.00147489
-1000
0.00146385
-1000.01
-0.000426859
0.00283555
-1000
-0.000807542
0.00282961
-1000
-0.00111093
0.00282385
-1000
-0.00131061
0.00281615
-1000
0.00280502
-1000
-0.000437201
0.00390799
-1000
-0.000814685
0.0039065
-1000
-0.00111854
0.00390152
-1000
-0.00132158
0.00389112
-1000
0.00388054
-1000
-0.000444313
0.00460586
-1000
-0.000820104
0.00460653
-1000
-0.0011235
0.00459314
-1000
-0.00132229
0.00457418
-1000
0.00459987
-1000
-0.000460143
-999.999
-0.000844121
-999.999
-0.0011395
-1000
-0.00128443
-1000
-1000
-0.000607279
0.00202108
-1000.01
-0.00114181
0.00201693
-1000.01
-0.00156241
0.00201885
-1000.01
-0.00182402
0.00202304
-1000.01
0.00202589
-1000.01
-0.000617331
0.00384191
-1000
-0.00114548
0.00384112
-1000
-0.00156166
0.00384764
-1000.01
-0.00182547
0.00385447
-1000.01
0.00384952
-1000.01
-0.000625198
0.00529311
-1000
-0.00114096
0.00529998
-1000
-0.00155519
0.00530783
-1000
-0.00182878
0.00530877
-1000
0.00528143
-1000.01
-0.000629152
0.00621815
-1000
-0.0011352
0.00623494
-1000
-0.00155242
0.00622855
-1000
-0.00183645
0.00620708
-1000
0.00619856
-1000
-0.000627821
-999.999
-0.00114535
-999.999
-0.00157647
-999.999
-0.00186082
-1000
-1000
-0.000846402
0.00275039
-1000.01
-0.00158129
0.00275532
-1000.01
-0.00215756
0.00276499
-1000.01
-0.00250894
0.00277581
-1000.01
0.00278381
-1000.01
-0.00085119
0.00524053
-1000.01
-0.00157821
0.00525007
-1000.01
-0.0021507
0.00526175
-1000.01
-0.00250821
0.0052668
-1000.01
0.00525775
-1000.01
-0.000852891
0.00722281
-1000
-0.00156868
0.00724138
-1000
-0.00214358
0.00724989
-1000.01
-0.00251704
0.00724007
-1000.01
0.0071892
-1000.01
-0.000850967
0.00848632
-1000
-0.00156605
0.00851698
-1000
-0.00215444
0.00850786
-1000
-0.00255232
0.00846602
-1000
0.00836604
-1000
-0.000838219
-999.998
-0.0015715
-999.998
-0.00218313
-999.999
-0.00263814
-1000
-1000
-0.00115913
0.00376458
-1000.01
-0.00217361
0.0037785
-1000.01
-0.00297381
0.00378812
-1000.01
-0.00346958
0.0037921
-1000.01
0.00378851
-1000.01
-0.00115817
0.0071771
-1000.01
-0.00217209
0.00719592
-1000.01
-0.00297606
0.00719924
-1000.01
-0.0034837
0.00718393
-1000.01
0.00715768
-1000.01
-0.00115509
0.00989427
-1000.01
-0.00217101
0.00991893
-1000.01
-0.00298695
0.00990895
-1000.01
-0.00351106
0.00986377
-1000.01
0.00978746
-1000.01
-0.00115412
0.0116364
-1000
-0.00218876
0.0116648
-1000
-0.00303171
0.0116377
-1000
-0.0035936
0.0115643
-1000
0.0113625
-1000.01
-0.00115069
-999.997
-0.00221245
-999.998
-0.0030718
-999.999
-0.00369961
-1000
-1000
-0.00158409
0.00515375
-1000.01
-0.00299672
0.00517207
-1000.01
-0.00412157
0.00517259
-1000.02
-0.00484406
0.00516043
-1000.02
0.00514113
-1000.02
-0.00158325
0.00981814
-1000.01
-0.00300636
0.00984224
-1000.01
-0.00414261
0.00982933
-1000.01
-0.00487586
0.00979177
-1000.01
0.0097477
-1000.02
-0.00158112
0.0135292
-1000.01
-0.00302121
0.0135531
-1000.01
-0.00417655
0.0135167
-1000.01
-0.00492012
0.0134373
-1000.01
0.0133438
-1000.01
-0.0015884
0.0159137
-1000
-0.00306382
0.0159287
-1000
-0.00425578
0.0158752
-1000
-0.00502885
0.0157689
-1000.01
0.0155597
-1000.01
-0.00160863
-999.997
-0.00311783
-999.997
-0.00433063
-999.999
-0.00514893
-1000
-1000
-0.00217033
0.00703246
-1000.02
-0.0041323
0.00705086
-1000.02
-0.00570196
0.00704104
-1000.02
-0.00673595
0.00701822
-1000.02
0.00699813
-1000.03
-0.00217466
0.0133824
-1000.02
-0.00415416
0.0134102
-1000.02
-0.0057376
0.0133864
-1000.02
-0.00677144
0.0133424
-1000.02
0.0132979
-1000.02
-0.00217669
0.0184242
-1000.01
-0.00417997
0.0184483
-1000.01
-0.00578136
0.0183977
-1000.01
-0.00681595
0.0183133
-1000.02
0.0182209
-1000.02
-0.00219304
0.0216575
-1000
-0.00423459
0.0216655
-1000
-0.00586865
0.0215993
-1000.01
-0.0069131
0.0214899
-1000.01
0.0213423
-1000.01
-0.00223359
-999.996
-0.00430359
-999.997
-0.00596641
-999.998
-0.00701148
-1000
-1000
-0.00297007
0.00956399
-1000.02
-0.00566421
0.00958411
-1000.03
-0.00781644
0.00957223
-1000.03
-0.00923439
0.00955282
-1000.03
0.00954922
-1000.03
-0.00297945
0.0181844
-1000.02
-0.00569112
0.0182195
-1000.02
-0.00785412
0.018196
-1000.02
-0.00925997
0.0181611
-1000.03
0.0181311
-1000.03
-0.00298484
0.0250156
-1000.01
-0.00571786
0.0250484
-1000.02
-0.00789147
0.0250031
-1000.02
-0.00929114
0.0249404
-1000.02
0.0248742
-1000.02
-0.00300696
0.0293856
-1000.01
-0.00576718
0.0294063
-1000.01
-0.00795823
0.0293547
-1000.01
-0.00935544
0.0292804
-1000.01
0.0291691
-1000.01
-0.00305084
-999.994
-0.00582085
-999.996
-0.00802638
-999.998
-0.0094341
-1000
-1000
-0.00404673
0.0129857
-1000.03
-0.00770904
0.013014
-1000.04
-0.0106211
0.0130082
-1000.04
-0.0125068
0.0129999
-1000.04
0.0130072
-1000.05
-0.00405755
0.0246771
-1000.03
-0.0077343
0.024725
-1000.03
-0.0106539
0.0247068
-1000.03
-0.0125299
0.0246817
-1000.04
0.02466
-1000.04
-0.00406492
0.0339352
-1000.02
-0.00775748
0.033987
-1000.02
-0.0106818
0.0339566
-1000.02
-0.0125549
0.0339218
-1000.03
0.0338836
-1000.03
-0.00408842
0.0398583
-1000.01
-0.00779335
0.0399117
-1000.01
-0.0107204
0.0398891
-1000.01
-0.0125922
0.0398634
-1000.02
0.0397757
-1000.02
-0.00412117
-999.992
-0.00781632
-999.994
-0.0107395
-999.997
-0.0126474
-1000
-1000.01
-0.0054958
0.0176269
-1000.05
-0.0104579
0.017668
-1000.05
-0.0143881
0.0176677
-1000.05
-0.0168915
0.0176659
-1000.06
0.0176626
-1000.06
-0.00550632
0.0334868
-1000.04
-0.0104837
0.0335523
-1000.04
-0.0144225
0.0335375
-1000.04
-0.0169356
0.0335158
-1000.05
0.0334907
-1000.06
-0.00551648
0.0460549
-1000.03
-0.010505
0.0461358
-1000.03
-0.0144464
0.0461182
-1000.03
-0.0169646
0.0461017
-1000.04
0.0460833
-1000.04
-0.00553839
0.0541182
-1000.01
-0.0105293
0.0542143
-1000.01
-0.0144662
0.0542125
-1000.02
-0.0169849
0.0542194
-1000.02
0.0541585
-1000.03
-0.00556041
-999.99
-0.010533
-999.992
-0.0144534
-999.996
-0.0170062
-1000
-1000.01
-0.00746334
0.0239303
-1000.06
-0.0142003
0.0239844
-1000.07
-0.0195267
0.0239838
-1000.07
-0.0229029
0.0239816
-1000.08
0.0239626
-1000.09
-0.00747814
0.0454585
-1000.05
-0.0142351
0.0455477
-1000.06
-0.0195729
0.0455368
-1000.06
-0.0229748
0.0455202
-1000.07
0.0454974
-1000.08
-0.00749162
0.0625437
-1000.04
-0.014254
0.0626635
-1000.04
-0.019592
0.0626545
-1000.04
-0.0229994
0.0626482
-1000.05
0.062644
-1000.06
-0.00751061
0.0735406
-1000.01
-0.0142707
0.0736808
-1000.02
-0.0196009
0.0736825
-1000.02
-0.0230023
0.073694
-1000.03
0.0736464
-1000.04
-0.00753266
-999.986
-0.0142771
-999.989
-0.0195876
-999.994
-0.0230115
-1000
-1000.01
-0.0101537
0.0324902
-1000.08
-0.0193213
0.0325593
-1000.09
-0.0265643
0.0325581
-1000.1
-0.0311652
0.0325578
-1000.11
0.0325441
-1000.12
-0.0101778
0.0617287
-1000.07
-0.0193691
0.061853
-1000.08
-0.0266244
0.0618525
-1000.08
-0.0312488
0.061851
-1000.09
0.0618504
-1000.1
-0.0101914
0.0849651
-1000.05
-0.0193799
0.0851348
-1000.05
-0.0266295
0.0851345
-1000.06
-0.0312503
0.0851398
-1000.07
0.0851525
-1000.08
-0.0102082
0.0999536
-1000.02
-0.01939
0.100143
-1000.02
-0.0266257
0.10014
-1000.03
-0.0312328
0.100145
-1000.04
0.100088
-1000.05
-0.010239
-999.981
-0.0194072
-999.985
-0.0266238
-999.992
-0.031258
-1000
-1000.01
-0.0138307
0.0441135
-1000.11
-0.0263119
0.0442069
-1000.12
-0.0361629
0.0442135
-1000.13
-0.0424313
0.0442249
-1000.14
0.0442386
-1000.16
-0.0138634
0.0838325
-1000.1
-0.0263692
0.0840081
-1000.1
-0.0362327
0.0840262
-1000.11
-0.0425121
0.0840504
-1000.13
0.0840883
-1000.14
-0.0138731
0.115429
-1000.07
-0.0263648
0.115666
-1000.07
-0.0362135
0.115681
-1000.08
-0.0424771
0.115707
-1000.1
0.115749
-1000.11
-0.0138894
0.13584
-1000.02
-0.0263624
0.136102
-1000.03
-0.0361868
0.136103
-1000.04
-0.0424297
0.136112
-1000.05
0.136059
-1000.07
-0.0139265
-999.974
-0.0263787
-999.98
-0.0361793
-999.989
-0.0424583
-1000
-1000.02
-0.0188438
0.0598926
-1000.16
-0.0358327
0.0600251
-1000.16
-0.0492201
0.0600511
-1000.18
-0.0577249
0.0600869
-1000.19
0.0601386
-1000.22
-0.0188818
0.113841
-1000.13
-0.0358936
0.114088
-1000.14
-0.0492947
0.114136
-1000.15
-0.0578008
0.114197
-1000.17
0.114281
-1000.19
-0.0188854
0.156799
-1000.09
-0.0358644
0.157129
-1000.1
-0.0492392
0.157174
-1000.11
-0.0577201
0.157233
-1000.13
0.15731
-1000.15
-0.018897
0.184592
-1000.03
-0.0358363
0.184967
-1000.04
-0.0491775
0.184988
-1000.05
-0.057636
0.185011
-1000.07
0.184984
-1000.09
-0.0189274
-999.965
-0.0358373
-999.972
-0.0491517
-999.986
-0.0576386
-1000
-1000.03
-0.0256861
0.0812919
-1000.21
-0.0488205
0.0814822
-1000.22
-0.0670123
0.0815434
-1000.24
-0.0785133
0.0816233
-1000.26
0.0817236
-1000.29
-0.025727
0.154543
-1000.18
-0.0488767
0.154894
-1000.19
-0.0670814
0.154991
-1000.21
-0.0785847
0.155113
-1000.23
0.155254
-1000.26
-0.0257156
0.212945
-1000.12
-0.0488018
0.213415
-1000.13
-0.0669657
0.213508
-1000.15
-0.0784428
0.213612
-1000.18
0.213725
-1000.21
-0.0257088
0.25082
-1000.05
-0.0487297
0.251353
-1000.06
-0.0668553
0.251394
-1000.07
-0.0783154
0.251418
-1000.1
0.25141
-1000.13
-0.0257246
-999.953
-0.0487197
-999.963
-0.0668289
-999.981
-0.0782974
-1000.01
-1000.03
-0.0350648
0.110269
-1000.29
-0.066606
0.110547
-1000.3
-0.0913407
0.110674
-1000.33
-0.106874
0.110837
-1000.36
0.111023
-1000.4
-0.0350989
0.209689
-1000.24
-0.0666368
0.2102
-1000.26
-0.0913759
0.210394
-1000.28
-0.106919
0.21063
-1000.32
0.210888
-1000.36
-0.0350464
0.289091
-1000.17
-0.0664706
0.289765
-1000.18
-0.0911413
0.289939
-1000.21
-0.106656
0.290127
-1000.24
0.290319
-1000.28
-0.0349991
0.340748
-1000.06
-0.0663219
0.341482
-1000.08
-0.090939
0.341541
-1000.1
-0.106437
0.34156
-1000.13
0.341556
-1000.17
-0.0350062
-999.936
-0.0663031
-999.95
-0.090916
-999.975
-0.106413
-1000.01
-1000.05
-0.0479794
0.149438
-1000.39
-0.0910583
0.149862
-1000.41
-0.124716
0.150117
-1000.44
-0.145692
0.150449
-1000.49
0.15082
-1000.54
-0.0479775
0.284308
-1000.33
-0.0910124
0.285076
-1000.35
-0.124647
0.28546
-1000.39
-0.145627
0.285938
-1000.43
0.28647
-1000.49
-0.0478279
0.392253
-1000.23
-0.0906582
0.393226
-1000.25
-0.124159
0.393559
-1000.28
-0.145078
0.393947
-1000.33
0.394373
-1000.38
-0.0477008
0.462767
-1000.08
-0.0903519
0.463775
-1000.1
-0.123743
0.463889
-1000.14
-0.144611
0.46396
-1000.18
0.464015
-1000.24
-0.047695
-999.914
-0.090287
-999.933
-0.123658
-999.967
-0.144522
-1000.01
-1000.07
-0.0658392
0.202278
-1000.52
-0.124812
0.202948
-1000.55
-0.170652
0.203461
-1000.6
-0.198973
0.20413
-1000.67
0.204889
-1000.74
-0.0657357
0.385088
-1000.45
-0.124573
0.386271
-1000.48
-0.170325
0.387034
-1000.52
-0.198613
0.388012
-1000.59
0.389138
-1000.66
-0.0653826
0.531796
-1000.31
-0.123835
0.533228
-1000.34
-0.169314
0.53389
-1000.38
-0.197443
0.534721
-1000.45
0.5357
-1000.52
-0.0650901
0.628193
-1000.12
-0.123197
0.629599
-1000.14
-0.168428
0.629851
-1000.19
-0.19639
0.630116
-1000.25
0.630434
-1000.32
-0.0650372
-999.886
-0.123006
-999.911
-0.168134
-999.957
-0.196024
-1000.02
-1000.09
-0.090658
0.273355
-1000.71
-0.171647
0.274448
-1000.74
-0.234135
0.275471
-1000.81
-0.272377
0.276804
-1000.9
0.278345
-1001.01
-0.0903226
0.520821
-1000.61
-0.170975
0.522692
-1000.64
-0.233237
0.524214
-1000.71
-0.271343
0.526197
-1000.8
0.528536
-1000.9
-0.0895614
0.720125
-1000.42
-0.16946
0.722288
-1000.46
-0.231169
0.72362
-1000.52
-0.268902
0.725363
-1000.61
0.727476
-1000.71
-0.088927
0.852167
-1000.16
-0.168139
0.854147
-1000.19
-0.229315
0.854683
-1000.26
-0.266649
0.855381
-1000.34
0.856302
-1000.44
-0.0887699
-999.848
-0.167672
-999.883
-0.228563
-999.946
-0.265656
-1000.03
-1000.13
-0.125357
0.368575
-1000.95
-0.237138
0.370399
-1001
-0.322322
0.372442
-1001.1
-0.374076
0.375076
-1001.23
0.378211
-1001.38
-0.124537
0.702924
-1000.82
-0.235534
0.70597
-1000.87
-0.320213
0.709029
-1000.96
-0.371565
0.713021
-1001.09
0.717805
-1001.23
-0.122963
0.973492
-1000.57
-0.232434
0.976865
-1000.62
-0.316022
0.979569
-1000.71
-0.366568
0.983129
-1000.83
0.987489
-1000.97
-0.121631
1.1548
-1000.22
-0.229704
1.15763
-1000.27
-0.312236
1.15878
-1000.35
-0.361961
1.16031
-1000.47
1.16238
-1000.6
-0.121248
-999.799
-0.228636
-999.847
-0.310598
-999.934
-0.359781
-1000.05
-1000.18
-0.174181
0.49544
-1001.27
-0.329821
0.49854
-1001.35
-0.445432
0.502672
-1001.49
-0.516402
0.507803
-1001.66
0.514249
-1001.88
-0.17239
0.945969
-1001.09
-0.326224
0.951092
-1001.17
-0.440856
0.957324
-1001.3
-0.510714
0.965228
-1001.47
0.975028
-1001.68
-0.169188
1.31288
-1000.76
-0.319852
1.31831
-1000.83
-0.432488
1.32383
-1000.96
-0.500521
1.33091
-1001.13
1.33987
-1001.32
-0.16645
1.56275
-1000.3
-0.314233
1.56687
-1000.37
-0.424938
1.56931
-1000.49
-0.491154
1.57234
-1000.65
1.57681
-1000.83
-0.165597
-999.739
-0.311884
-999.804
-0.421685
-999.923
-0.486565
-1000.08
-1000.25
-0.243005
0.663251
-1001.69
-0.463636
0.668531
-1001.79
-0.617207
0.677154
-1002.01
-0.719736
0.686739
-1002.25
0.700498
-1002.58
-0.239373
1.26807
-1001.46
-0.455725
1.2769
-1001.56
-0.60799
1.28987
-1001.76
-0.70707
1.30502
-1001.99
1.32569
-1002.3
-0.232962
1.76463
-1001.03
-0.442473
1.77358
-1001.12
-0.591734
1.78494
-1001.31
-0.685929
1.79849
-1001.52
1.81744
-1001.8
-0.227497
2.11123
-1000.42
-0.43093
2.11716
-1000.51
-0.577139
2.12239
-1000.68
-0.666525
2.12769
-1000.89
2.13763
-1001.14
-0.225899
-999.665
-0.425934
-999.752
-0.571349
-999.917
-0.656736
-1000.12
-1000.36
-0.33832
0.883213
-1002.24
-0.663985
0.891685
-1002.36
-0.851651
0.910937
-1002.73
-1.02259
0.926678
-1003
0.958922
-1003.59
-0.331592
1.69084
-1001.94
-0.646463
1.706
-1002.06
-0.83468
1.73439
-1002.4
-0.993948
1.76113
-1002.67
1.80817
-1003.19
-0.319138
2.35982
-1001.38
-0.618187
2.37457
-1001.49
-0.804738
2.39878
-1001.79
-0.948527
2.42279
-1002.04
2.46582
-1002.48
-0.308671
2.84709
-1000.6
-0.594184
2.85467
-1000.7
-0.778044
2.86662
-1000.97
-0.906768
2.87309
-1001.21
2.89709
-1001.58
-0.306779
-999.578
-0.583464
-999.688
-0.770478
-999.928
-0.885028
-1000.19
-1000.51
-0.465641
1.16863
-1002.94
-0.981286
1.17874
-1003.02
-1.16073
1.227
-1003.78
-1.4998
1.24257
-1003.91
1.32845
-1005.14
-0.453669
2.23906
-1002.55
-0.942609
2.2631
-1002.65
-1.12936
2.33133
-1003.32
-1.43632
2.36786
-1003.49
2.4884
-1004.54
-0.429461
3.12912
-1001.84
-0.880366
3.15239
-1001.93
-1.0746
3.20788
-1002.47
-1.33746
3.24234
-1002.65
3.35288
-1003.48
-0.409603
3.83588
-1000.9
-0.829457
3.84029
-1000.97
-1.02672
3.87282
-1001.43
-1.24441
3.86595
-1001.61
3.93365
-1002.24
-0.410649
-999.472
-0.805268
-999.587
-1.02643
-999.969
-1.19355
-1000.26
-1000.73
-0.640202
1.53496
-1003.83
-1.49858
1.53247
-1003.7
-1.5878
1.66365
-1005.36
-2.26153
1.64077
-1004.87
1.88057
-1007.59
-0.618322
2.94153
-1003.34
-1.41936
2.97185
-1003.29
-1.52425
3.14866
-1004.7
-2.13057
3.16334
-1004.4
3.48834
-1006.65
-0.567048
4.081
-1002.41
-1.28398
4.11388
-1002.35
-1.41252
4.24704
-1003.44
-1.92906
4.27383
-1003.25
4.58081
-1004.98
-0.526241
5.18226
-1001.47
-1.1794
5.1583
-1001.36
-1.31179
5.26407
-1002.32
-1.72979
5.16869
-1002.09
5.38698
-1003.32
-0.536892
-999.29
-1.12796
-999.344
-1.33861
-1000.03
-1.6199
-1000.24
-1001.03
-0.896931
1.99683
-1004.93
-2.32792
1.92902
-1004.2
-2.22926
2.28051
-1007.74
-3.46062
2.10327
-1005.75
2.74304
-1011.56
-0.863228
3.83883
-1004.32
-2.17596
3.86065
-1003.91
-2.10494
4.30501
-1006.79
-3.19168
4.2113
-1005.42
5.02594
-1010
-0.746718
5.1699
-1003
-1.88322
5.20703
-1002.56
-1.87219
5.51272
-1004.66
-2.80699
5.47731
-1003.58
6.26234
-1007.08
-0.656797
7.06941
-1002.71
-1.68505
6.9436
-1002.07
-1.62364
7.2711
-1004.14
-2.38894
6.85452
-1002.7
7.52494
-1005.2
-0.692803
-998.799
-1.60296
-998.656
-1.72862
-999.95
-2.2208
-999.855
-1001.32
-1.28032
2.55207
-1006.21
-3.66512
2.2995
-1004.11
-3.23559
3.1667
-1011.33
-5.38577
2.59211
-1006.19
4.16586
-1018.1
-1.25668
4.9441
-1005.45
-3.38576
4.93537
-1004.42
-3.00469
5.96625
-1009.97
-4.80714
5.62229
-1006.65
7.50074
-1015.34
-0.974557
6.32627
-1003.4
-2.72825
6.36501
-1002.24
-2.52896
7.01085
-1005.9
-4.11476
6.80019
-1003.17
8.55158
-1009.77
-0.788701
9.74223
-1005.34
-2.37847
9.38291
-1003.5
-1.89759
10.2114
-1007.82
-3.18523
9.01733
-1003.63
10.784
-1008.54
-0.887602
-997.522
-2.2887
-996.934
-2.26001
-999.299
-3.08573
-998.473
-1001.4
-1.8502
3.24598
-1007.6
-5.85837
2.56054
-1002.66
-4.89592
4.5912
-1016.89
-8.58217
3.05358
-1005.56
6.69344
-1029.33
-1.93114
6.02155
-1006.3
-5.39676
5.9698
-1004.36
-4.46205
8.24512
-1014.56
-7.30843
7.4664
-1008.22
11.5952
-1023.83
-1.22681
7.43431
-1003.59
-3.83426
7.55796
-1001.22
-3.45334
8.71512
-1006.75
-6.10958
8.30862
-1001.36
11.771
-1012.92
-0.889535
13.4421
-1010.46
-3.30581
12.6442
-1006.17
-1.96699
14.3778
-1014.82
-4.01251
11.636
-1004.91
15.7168
-1014.3
-1.10969
-994.696
-3.25725
-993.268
-3.01493
-997.353
-4.4255
-994.998
-1001.05
-2.71149
4.36017
-1009.25
-9.55454
2.46295
-998.283
-7.77872
7.29535
-1025.96
-14.0842
3.27505
-1002.53
11.7324
-1049.85
-3.18048
6.42433
-1005.18
-8.93442
6.23094
-1002.38
-7.01505
11.2339
-1020.42
-11.3231
9.78302
-1010.42
18.5446
-1036.96
-1.38195
8.20095
-1003.98
-4.9606
8.69358
-1000.1
-4.70023
10.37
-1006.15
-9.20312
10.2161
-997.288
16.2914
-1015.96
-0.888118
18.5634
-1019.93
-4.51742
17.0574
-1010.9
-1.4783
20.082
-1027.57
-4.608
14.5756
-1006.14
23.0147
-1023.76
-1.32464
-988.866
-4.54546
-986.204
-4.15594
-992.6
-6.73873
-987.347
-1000.48
-3.93902
6.35777
-1011.67
-16.0317
1.30296
-987.493
-13.1743
13.0482
-1041.86
-23.8483
2.65222
-994.504
22.8676
-1090.25
-5.73151
4.34662
-997.44
-15.6961
4.00305
-995.111
-12.1448
15.2309
-1026.15
-18.0497
12.7194
-1014.58
30.8449
-1056.14
-1.15161
8.02423
-1006.51
-5.36919
9.7589
-1001.64
-6.28541
11.3421
-1001.34
-14.1945
13.12
-989.779
22.3838
-1016.9
-0.724196
25.9304
-1037.12
-6.21946
23.5261
-1019.18
0.309428
27.4345
-1050.19
-4.45489
17.8973
-1006.16
33.5512
-1039.08
-1.55562
-976.501
-6.20604
-972.899
-6.2203
-981.499
-11.4678
-970.804
-1001.8
-8.11935
8.60952
-1012.16
-30.0849
-3.08375
-962.444
-23.9238
24.6334
-1072.66
-39.398
-0.265215
-978.764
44.4334
-1170.56
-12.159
-2.92085
-973.751
-30.7101
-3.0412
-976.602
-22.9769
20.0826
-1029.33
-28.6012
16.3868
-1025.61
51.152
-1083.56
-0.795794
5.63699
-1014.27
-6.1645
9.79064
-1009.11
-9.43882
9.88162
-987.867
-23.318
18.3067
-977.82
28.738
-1012.03
-1.43311
36.7697
-1066.82
-10.7892
33.0269
-1033.06
5.08385
34.9278
-1091.11
-3.1344
21.6687
-1001.3
47.8387
-1067.65
-3.19685
-949.946
-10.621
-947.962
-11.3353
-959.544
-22.3887
-937.301
-1014.48
5.459
25.8636
-1043.48
-26.2871
-20.4538
-910.244
-40.0473
53.9243
-1112.82
-90.148
-15.8171
-912.847
131.911
-1379.61
-16.8021
-23.8988
-907.187
-39.7812
-35.103
-938.974
-32.8486
28.3108
-1010.65
-49.1239
21.8996
-1047.05
113.234
-1082.26
13.0864
-0.000549278
-1051.26
35.9127
14.2489
-1081.28
11.9843
7.38389
-943.012
-24.8569
36.5202
-955.6
47.5633
-965.983
14.1379
61.2395
-1142.19
10.3115
63.3459
-1078.33
44.8975
49.3524
-1167.67
21.4857
27.6634
-969.032
85.6989
-1128.49
8.25929
-891.216
20.6889
-914.968
4.60472
-883.191
-18.3159
-834.662
-1017.02
-30.5328
20.9076
-1033.86
-118.245
-34.7818
-787.75
-85.6912
100.894
-1246.27
-100.108
-21.6443
-876.785
155.749
-1698.18
-50.6497
-56.5894
-779.04
-122.624
-53.8024
-847.98
-98.1766
32.5787
-966.786
-73.8014
37.9077
-1130.98
122.759
-1130.43
9.88104
-11.4697
-1106.26
-5.90147
7.58617
-1126.89
-33.1443
-24.3881
-858.803
-83.6878
44.9675
-912.116
-12.78
-886.596
-10.0243
85.4641
-1229.1
-42.0963
70.6221
-1109.29
3.85921
17.2582
-1255.27
-40.7831
37.899
-917.322
31.3231
-1218.84
-26.9076
-751.103
-61.4829
-820.363
-84.8865
-784.964
-138.156
-718.099
-1238.92
112.045
155.368
-1301.27
-9.17574
-183.882
-482.647
-199.98
280.41
-1335.87
-437.121
-204.809
-434.836
832.515
-3058.77
-105.119
-240.729
-277.824
-168.984
-336.527
-631.47
-135.231
38.1505
-758.28
-104.246
44.6871
-1411.46
418.574
-594.919
72.1992
-86.1376
-1333.05
330.195
56.4756
-1777.89
133.743
-89.6815
-534.519
-61.9355
215.708
-887.458
7.31129
-487.073
80.1139
229.373
-1624.73
104.365
288.59
-1365.66
259.724
37.3075
-1537.62
157.896
37.3991
-637.185
293.827
-1744.29
26.6323
-266.7
203.255
-761.039
79.2922
-248.35
-63.5557
-116.165
-1401.2
-260.893
-105.892
-934.484
-463.341
61.796
-341.995
32.3823
363.114
-2194.71
257.216
89.6194
-749.289
-266.974
-2640.79
-56.9421
-91.1466
-235.628
-271.129
70.4593
-425.946
-310.078
133.591
-489.809
-130.116
133.488
-1635.29
128.737
-1546.49
99.5337
41.5325
-1565.26
-221.003
-57.4497
-1329.44
-206.575
-53.8738
-361.483
-187.095
10.598
-784.048
-173.362
-294.473
-60.849
124.234
-1646.58
-182.161
-71.0276
-1230.77
-120.208
-74.3636
-1579.08
-274.294
111.961
-584.461
-334.259
-1487.89
-110.921
-223.892
-325.312
-592.887
-520.557
-114.52
-590.002
-214.559
-2628.7
-0.0113497
-0.11271
-934.36
36.6905
0.425723
-379.123
-19.1769
-7.90133
-2130.94
-124.285
-73.2654
-570.916
372.934
-3254.93
0.811724
-5.86637
-230.686
0.743207
-2.89453
-422.557
22.2118
-2.67015
-516.509
72.4525
-13.8143
-1744.98
131.048
-1215.61
-36.5957
-38.7592
-1495.77
12.2282
15.7806
-1396.94
1.62304
-20.4091
-333.139
-6.79771
14.6809
-804.122
-17.963
-153.893
19.7315
0.521485
-1705.59
9.38532
-11.0152
-1193.62
33.9727
8.83446
-1632.91
-21.8506
-14.8926
-499.064
301.641
-1969.55
0.756152
-212.239
0.737314
-629.673
-1.16469
-6.77257
15.3004
-239.057
-2434.32
-28.5589
-189.616
-716.185
306.928
72.6805
-787.289
17.5909
-419.016
-1422.59
213.982
142.069
-909.376
-246.828
-2883.34
57.7327
107.997
-586.032
-0.19645
258.226
-550.173
337.819
91.7116
-1365.25
108.811
231.257
-1605.16
-1.36878
-1336.17
246.393
166.99
-1801.16
184.904
309.13
-1386.36
113.025
117.296
-286.844
23.5408
-48.7565
-434.625
393.618
-690.575
190.506
-54.7637
-1674.35
201.643
21.0762
-916.707
-9.76002
-101.509
-1202.7
-153.643
43.4399
-447.377
131.646
-1524.48
108.441
-233.149
59.4631
-591.859
2.20755
-526.579
-6.22088
-17.1857
-2114.27
-149.162
-216.366
-350.657
15.7882
179.34
-1131.58
477.343
-145.363
-1738.78
491.656
64.0683
-987.758
-771.371
-1270.2
118.153
-153.806
-766.746
-24.3482
16.7594
-245.091
512.181
7.15728
-2054.3
-170.325
152.659
-1011.24
-518.063
-1314.76
86.5746
-127.859
-1913.68
26.3745
117.557
-1426.95
54.6354
205.887
-513.835
-91.5899
-79.9366
-55.8046
232.667
-1595.07
469.539
52.3382
-2324.08
158.791
64.2916
-552.693
-50.3586
-15.5421
-772.123
92.0111
-109.814
-559.87
-361.212
-14.7781
1.43318
-14.4894
-23.7432
-501.198
-83.9256
-454.457
-192.432
-20.9312
-2363.87
-93.8156
45.7422
-302.584
-465.792
12.9707
-772.573
-79.8612
-386.047
-1738.67
-46.7541
-34.7589
-986.106
100.357
-1332.03
-36.9541
-213.686
-470.363
-19.6066
-195.831
-53.6368
375.455
199.32
-3034.73
64.8885
-178.439
-556.998
-137.235
-119.856
-221.337
-994.571
-911.458
-414.577
-154.987
-1274.56
-193.847
286.426
-821.672
-60.2132
32.81
-400.687
-256.37
-1075.28
-32.4844
-984.256
-2301.91
59.9484
-22.6355
-777.478
-62.2732
31.4245
-394.9
-13.5047
-60.4964
-515.332
-341.589
-16.1598
195.64
-1823.1
118.945
-310.83
-2.94834
-20.6129
638.866
-913.424
-1529.54
21.8139
-20.298
-304.1
-321.397
-118.452
-310.91
-891.238
-82.5164
-1086.31
-398.576
51.321
-1530.09
7.43997
-1778.01
-8.24131
63.0918
-545.511
-123.96
19.8196
-76.1903
-366.891
-81.5114
-2792.81
0.194671
7.68321
-880.445
2.06816
-545.867
14.1832
-24.7924
-837.757
-282.458
-123.355
-834.743
-586.895
-48.8837
-549.862
51.9853
217.532
-1249.42
0.187438
-785.507
-610.837
-507.096
-1208.77
-337.435
-123.183
-1051.05
-31.7642
-10.4233
-739.031
31.1962
67.5397
-428.299
0.828749
-19.2046
-100.078
-2085.25
-16.4933
-118.012
605.095
-1291.75
544.851
-770.124
-24.2268
-29.5938
62.4488
-336.955
154.563
4.86347
-499.931
-400.097
83.7288
-615.377
-211.893
194.352
-1912.65
-250.134
-1818.43
-163.685
167.944
-487.322
167.729
301.543
-704.283
-683.517
-32.1891
-1825.64
-428.524
233.22
-1174.31
398.601
-1949.06
-109.999
2.36974
-562.183
-86.1459
208.062
-765.115
-518.053
9.70296
-159.847
-421.163
-42.7356
-1070.35
169.844
-1215.72
-253.129
-67.8133
-885.459
-271.826
-60.1647
-764.129
-345.191
166.963
-822.925
0.87443
4.74738
-821.848
-1.22633
-26.9684
-20.689
-1992.87
194.693
-375.19
219.537
-1548.74
-2.82224
-327.31
-713.923
245.14
96.5957
-678.69
336.545
162.78
-754.115
-213.511
-38.4986
-26.8227
-83.7283
44.5175
-2086.95
-88.555
-1680.02
-24.8419
20.3483
-386.233
550.099
91.9314
-1208.38
141.562
87.1485
-1542.75
-77.9353
2.75469
-913.047
68.4146
-2040.89
-13.7209
88.4161
-616.53
1.1546
66.1964
-754.255
-33.8236
-5.96929
-31.7511
7.18865
-211.207
-897.402
-65.4003
-1410.72
-64.8437
-121.008
-611.192
19.7958
-1.8763
-780.696
-288.718
33.1307
-553.511
-234.883
-188.393
-898.498
171.235
-912.446
-275.779
-1553.13
71.7609
-1089.01
-188.65
-1035.02
361.404
-1243.81
-859.244
-66.5438
80.8309
-692.977
25.245
83.5994
-929.504
71.8228
11.8244
-85.2248
165.691
115.882
-2296.7
-67.1379
-1422.41
67.6371
-44.9004
-328.139
371.947
-11.6841
-1417.4
-222.104
-210.105
-726.771
-186.809
2.65918
-835.119
96.7062
-2314.7
17.9856
155.14
-834.557
-113.991
20.637
-654.6
375.574
151.694
-883.115
361.34
59.2939
-939.802
-69.8558
-877.665
19.8426
251.944
-727.838
53.8961
304.45
-1098.56
81.6255
143.877
-573.423
118.216
-319.367
-556.428
-203.751
-791.57
-204.477
-75.5849
-346.125
-788.891
81.139
-1429.42
400.835
-1731.68
-571.922
51.3903
0.984473
-745.352
-169.731
56.6063
-764.989
383.786
31.5238
-670.266
641.026
430.242
-2984.18
-185.102
-498.826
433.55
-92.8979
-667.806
334.467
-247.344
-1014.37
-21.7572
-290.542
-48.4817
510.456
-1.00766
-936.084
-333.175
-2097.05
173.975
-109.591
-991.839
109.835
-38.7734
-799.031
97.0127
-273.03
-887.806
63.6687
9.79679
-917.263
-59.6156
-1098.53
408.957
6.75095
-1253.14
230.132
32.8931
-991.404
90.4496
131.339
-838.109
139.807
-166.715
-429.273
-85.6982
-327.408
74.0129
-34.3629
191.859
-780.541
41.789
-1258.4
-166.098
-1103.73
-869.449
304.961
-139.551
-910.761
-45.7199
4.57411
-418.882
303.181
-243.625
-775.542
65.6843
-612.722
-2133.96
83.4141
-216.211
209.544
-101.373
-915.528
-28.7205
-218.066
-553.465
296.773
7.23815
-624.837
390.692
-352.805
-1289.92
-577.183
-930.28
171.124
-351.397
-912.939
146.391
-182.551
-809.813
-98.8871
-156.408
-478.881
258.496
-77.4646
-1549.99
-370.429
-1174.99
156.043
-86.7649
-1673.81
-100.16
-170.857
-746.896
-76.3901
-16.7439
-1001.54
-1.77415
-7.4866
-573.867
-37.8842
-711.986
2.82679
-50.2999
57.4512
-573.515
-117.451
-1086.67
57.4705
-1448.7
-1413.29
-275.049
-138.137
-497.575
-32.2486
69.3293
-731.012
-0.260013
52.1962
-859.727
3.19017
-10.3039
-2127.1
-26.9576
-208.958
-63.8827
4.10977
-993.893
-146.701
52.3838
-453.7
23.2758
284.594
-1027.21
43.6194
33.4481
-1354.02
53.7268
-1006.7
-1.24276
-49.5555
-858.031
-4.2733
-0.976193
-753.423
-53.1945
121.231
-266.597
122.161
222.843
-1914.74
-110.554
-740.433
-72.7598
-139.735
-1510.87
46.512
5.3071
-872.451
-172.451
-13.7594
-647.589
-39.2387
22.0496
-506.287
-278.552
-615.987
6.84186
-533.437
57.2156
-551.405
-310.811
-660.721
-166.984
-1355.33
-1661.12
-194.439
-105.452
-197.684
-252.506
116.981
-789.926
-156.349
243.567
-1199.45
77.5271
429.016
-2790
9.92715
-149.922
26.8157
-101.293
-1024.87
-137.538
26.1668
-198.532
-204.003
112.962
-830.143
16.2498
378.431
-1523.68
114.168
-1084.68
35.3322
24.4454
-1019.1
22.0318
37.2415
-751.197
-52.2962
26.4144
-105.721
132.59
198.538
-1919.73
-0.499337
-575.071
61.2581
157.849
-1705.53
47.3399
34.6797
-855.971
-17.4887
34.0803
-590.427
6.11154
9.05505
-340.404
-27.3251
-477.797
150.854
-680.721
84.5439
-617.274
10.647
-543.411
-24.5678
-1050.99
-1503.94
172.38
88.7928
-458.857
470.536
-224.311
-863.77
273.35
-249.594
-752.672
-1032.97
-513.065
-970.617
155.134
-627.977
-174.207
75.967
-837.835
131.125
140.898
-869.073
292.256
-352.66
-888.209
-398.714
-319.912
-1025.87
-9.43865
-829.454
-161.688
-82.3994
-699.046
-136.284
85.9016
-721.606
221.715
-210.206
-606.174
-31.1965
-792.881
-1193.85
-104.237
-487.78
-66.0001
-516.008
-1205.92
-132.541
70.0326
-773.561
-72.8384
-114.918
-745.418
82.5027
-180.874
-1107.75
27.3891
-953.813
-197.009
-645.053
-244.061
-712.252
79.9328
-976.428
-61.1366
-1595.37
-1582.37
133.149
105.422
-697.429
160.464
61.7277
-952.813
221.01
88.7043
-901.922
454.37
83.2382
-1287.22
28.0555
-823.18
99.6244
127.826
-959.863
113.706
49.7721
-871.199
157.436
67.1121
-910.347
176.454
144.166
-1105.81
54.9779
-945.35
106.84
222.649
-900.709
207.887
161.243
-934.123
258.906
173.181
-763.262
263.097
176.815
-1230.69
220.832
-821.238
-32.909
158.565
-1108.93
87.5705
269.65
-1002.45
186.843
140.462
-811.971
123.577
128.704
-996.376
166.917
-857.247
140.249
-846.856
275.653
-867.743
357.845
-843.201
105.778
-1104.55
-1056.86
85.9967
54.7746
-838.2
97.8936
-21.8099
-942.9
117.804
-27.246
-894.586
-7.85546
-80.9847
-1080.57
12.6254
-904.694
-3.79926
28.3692
-929.659
42.7289
15.0296
-954.567
92.2401
-56.762
-930.342
4.065
-50.0138
-1048.61
-21.9905
-945.755
11.65
-0.210656
-883.779
37.5688
-8.57457
-936.438
120.827
-26.7439
-876.538
27.7413
-90.1985
-1097.42
-5.92037
-901.656
-39.5124
-44.5727
-1025.06
-50.7943
-0.239497
-999.501
42.6991
-13.0538
-919.155
36.2265
-27.7382
-1052.36
8.63095
-939.697
15.7793
-902.143
38.0106
-942.486
109.195
-909.497
31.0346
-1079.9
-1010.26
47.1178
26.6946
-912.012
59.386
10.6228
-965.791
92.6752
8.65057
-936.526
76.0691
-6.1862
-1057.78
0.672842
-952.92
27.2046
23.378
-953.547
39.8159
14.5129
-971.068
70.4226
-1.04151
-951.257
45.4235
1.76807
-1031.56
-7.74156
-967.431
33.783
36.0269
-930.211
51.6879
24.2143
-964.044
91.5293
7.72705
-925.148
52.6568
-8.38282
-1048.39
2.32547
-952.331
-2.58884
10.5218
-996.963
7.4662
18.0507
-1003.39
47.9851
2.07726
-954.024
31.2442
-9.02988
-1034.98
0.490957
-968.016
26.4817
-936.565
39.5545
-966.428
79.4787
-938.8
36.138
-1033.24
-983.894
27.1308
10.3049
-949.448
35.9675
2.51184
-977.139
60.8618
0.201416
-961.622
42.3889
-9.46464
-1029.84
-2.31697
-979.474
16.6635
8.32319
-968.228
25.3221
5.53036
-982.745
48.1
-3.84482
-969.989
32.3565
-5.21681
-1020.07
-7.66227
-983.946
20.4933
12.9922
-955.373
29.5581
9.1434
-976.722
57.2376
-0.0149207
-956.658
35.9039
-8.76525
-1023.51
-5.73039
-977.967
4.82779
1.88555
-990.684
8.35709
3.33805
-1001.12
32.3391
-3.78389
-974.237
22.2858
-12.1341
-1021.55
-8.84008
-984.138
17.375
-958.675
23.6234
-977.579
46.9918
-960.547
25.7681
-1013.28
-984.807
16.6408
4.10201
-970.191
22.8563
1.17794
-984.533
39.7059
-0.417142
-978.054
29.8244
-4.98177
-1014.98
-3.05601
-993.37
12.0935
2.8568
-979.077
17.4305
1.75102
-988.654
32.7657
-3.31643
-982.424
24.5712
-5.27932
-1011.58
-6.99615
-994.28
14.0399
5.12342
-971.679
19.8801
3.13335
-983.944
36.9138
-1.71338
-975.295
25.6404
-6.64353
-1010.87
-7.31913
-991.295
6.12568
-0.806748
-990.879
8.00491
-0.98576
-998.877
22.7685
-5.58382
-985.131
16.9582
-10.6475
-1011.74
-10.4795
-993.011
11.6776
-972.313
15.8336
-983.015
29.7403
-975.355
18.949
-1004.06
-990.338
10.538
1.33686
-982.065
15.1953
0.106528
-989.296
25.9967
-0.800393
-988.055
21.0343
-2.86459
-1007.15
-2.85219
-1000.11
8.39936
0.444251
-986.583
12.1963
-0.112608
-992.232
22.2559
-3.1064
-990.178
18.3335
-4.50655
-1006.01
-5.93915
-999.875
9.45405
1.10335
-981.792
13.718
-0.0674128
-988.253
24.0435
-2.47377
-986.253
18.3566
-5.2107
-1004.48
-6.89417
-998.017
5.24371
-2.60408
-992.415
6.87999
-3.22059
-997.36
16.1564
-5.60754
-991.273
13.1275
-8.50402
-1005.42
-9.41048
-997.794
7.80368
-981.552
10.8163
-987.446
19.1706
-985.021
13.8756
-1000.06
-995.037
6.8222
0.102541
-988.99
10.4131
-0.279753
-992.608
17.0458
-0.900454
-993.787
15.0265
-1.88692
-1003.24
-2.37667
-1002.87
5.71876
-0.819549
-991.38
8.77304
-1.25666
-994.309
15.1209
-2.72228
-994.704
13.6286
-3.63176
-1002.77
-4.72983
-1002.37
6.29634
-0.584465
-988.324
9.52884
-1.01636
-991.726
15.666
-2.58635
-992.526
13.2351
-4.17398
-1001.51
-5.815
-1001.04
4.01413
-3.00075
-994.013
5.71288
-3.49959
-996.575
11.5047
-4.90088
-994.75
10.2319
-6.52244
-1001.8
-7.60401
-1000.13
5.14776
-987.872
7.50202
-990.959
12.4799
-991.043
10.16
-998.583
-997.947
4.43562
-0.264074
-993.162
7.30748
-0.460685
-995.019
11.1916
-0.85678
-996.814
10.8637
-1.40026
-1001.52
-1.87376
-1003.45
3.89231
-1.24327
-994.293
6.45006
-1.51359
-995.814
10.2522
-2.24977
-997.113
10.1415
-2.84449
-1001.22
-3.6137
-1002.97
4.12263
-1.08366
-992.606
6.67715
-1.41009
-994.384
10.2292
-2.38502
-995.943
9.63557
-3.40022
-1000.36
-4.64457
-1001.99
2.96679
-2.80969
-995.254
4.65571
-3.15882
-996.515
8.15747
-3.97962
-996.657
7.97502
-4.9166
-1000.1
-5.82835
-1000.97
3.37246
-992.06
5.27187
-993.642
8.19308
-994.605
7.49265
-998.309
-999.361
2.93321
-0.394787
-995.7
5.19429
-0.518667
-996.761
7.44122
-0.75984
-998.301
7.90838
-1.08822
-1000.9
-1.4226
-1003.02
2.67317
-1.2341
-996.127
4.77228
-1.41208
-997.02
6.99878
-1.78796
-998.312
7.52945
-2.18485
-1000.65
-2.70176
-1002.63
2.71546
-1.24441
-995.311
4.72911
-1.49369
-996.316
6.77204
-2.07727
-997.696
7.06825
-2.76982
-1000.07
-3.59147
-1001.91
2.15095
-2.38834
-996.261
3.71669
-2.62509
-996.949
5.76988
-3.09593
-997.692
6.16152
-3.67568
-999.582
-4.35671
-1001.03
2.22511
-994.755
3.75962
-995.606
5.46831
-996.599
5.58678
-998.527
-999.853
1.98961
-0.424113
-997.265
3.66694
-0.503715
-997.935
5.07328
-0.652952
-999.055
5.70446
-0.851554
-1000.68
-1.0604
-1002.34
1.87113
-1.06984
-997.352
3.47463
-1.18078
-997.946
4.86028
-1.39083
-998.96
5.49137
-1.66298
-1000.47
-2.00655
-1002.05
1.82994
-1.22619
-996.985
3.33964
-1.40475
-997.602
4.61719
-1.76261
-998.602
5.15279
-2.21492
-1000.06
-2.71853
-1001.52
1.56206
-1.92261
-997.126
2.87214
-2.07615
-997.588
4.11497
-2.36077
-998.336
4.63617
-2.75287
-999.565
-3.23421
-1000.82
1.50532
-996.449
2.70381
-996.948
3.77205
-997.705
4.16802
-998.854
-999.961
1.37524
-0.401496
-998.239
2.57557
-0.451849
-998.683
3.52889
-0.541975
-999.466
4.06145
-0.657784
-1000.55
-0.78593
-1001.76
1.32133
-0.871588
-998.203
2.48337
-0.943166
-998.617
3.41463
-1.078
-999.355
3.93456
-1.26379
-1000.39
-1.48798
-1001.54
1.26356
-1.11565
-998.004
2.35788
-1.23413
-998.405
3.23161
-1.4503
-999.103
3.71003
-1.72465
-1000.07
-2.0328
-1001.14
1.13593
-1.50588
-997.872
2.13183
-1.6097
-998.209
2.95221
-1.80316
-998.804
3.39736
-2.07462
-999.66
-2.39914
-1000.61
1.0521
-997.505
1.9532
-997.824
2.68672
-998.368
3.07387
-999.137
-999.975
0.96295
-0.349813
-998.853
1.81524
-0.379961
-999.156
2.48302
-0.432635
-999.702
2.88316
-0.50195
-1000.45
-0.581668
-1001.3
0.935074
-0.698637
-998.79
1.76452
-0.747457
-999.079
2.41597
-0.836502
-999.602
2.80588
-0.958368
-1000.32
-1.10233
-1001.14
0.890098
-0.950515
-998.643
1.67647
-1.02296
-998.916
2.29404
-1.15033
-999.407
2.66127
-1.31798
-1000.08
-1.51143
-1000.85
0.820843
-1.1807
-998.463
1.54864
-1.25335
-998.706
2.12479
-1.38484
-999.146
2.466
-1.56569
-999.754
-1.77848
-1000.45
0.754359
-998.2
1.41901
-998.42
1.94451
-998.814
2.25288
-999.358
-999.976
0.680036
-0.287084
-999.245
1.28558
-0.305216
-999.456
1.75934
-0.337074
-999.838
2.05111
-0.380094
-1000.36
-0.430181
-1000.96
0.663853
-0.556204
-999.184
1.25534
-0.588379
-999.388
1.7184
-0.645741
-999.757
2.00336
-0.724018
-1000.26
-0.815891
-1000.85
0.633885
-0.769435
-999.063
1.19812
-0.813908
-999.255
1.63992
-0.892055
-999.603
1.91112
-0.99756
-1000.08
-1.12056
-1000.63
0.592128
-0.926541
-998.898
1.11975
-0.975153
-999.073
1.53378
-1.06131
-999.39
1.78735
-1.17913
-999.826
-1.31718
-1000.33
0.547106
-998.689
1.03392
-998.846
1.4159
-999.133
1.64898
-999.525
-999.978
0.483061
-0.227956
-999.501
0.914589
-0.239264
-999.648
1.25281
-0.259168
-999.917
1.46384
-0.286272
-1000.28
-0.317955
-1000.71
0.473209
-0.437374
-999.448
0.895978
-0.458179
-999.591
1.22741
-0.494787
-999.853
1.43411
-0.544772
-1000.21
-0.60339
-1000.62
0.453939
-0.606028
-999.349
0.859415
-0.634206
-999.484
1.17732
-0.683513
-999.732
1.37532
-0.750703
-1000.07
-0.829364
-1000.46
0.427785
-0.721657
-999.21
0.810039
-0.753434
-999.336
1.10985
-0.809122
-999.565
1.29632
-0.885306
-999.878
-0.974619
-1000.24
0.398491
-999.042
0.754452
-999.156
1.03357
-999.365
1.20681
-999.65
-999.982
0.344714
-0.177743
-999.668
0.653269
-0.184946
-999.772
0.89568
-0.197539
-999.962
1.0481
-0.214733
-1000.22
-0.234892
-1000.53
0.338596
-0.339773
-999.625
0.641674
-0.353175
-999.726
0.879814
-0.376512
-999.912
1.02947
-0.40845
-1000.17
-0.44594
-1000.46
0.326304
-0.470166
-999.545
0.618379
-0.488247
-999.641
0.847843
-0.519672
-999.818
0.991929
-0.562688
-1000.06
-0.613154
-1000.34
0.309708
-0.557073
-999.433
0.586942
-0.577702
-999.524
0.804695
-0.61358
-999.689
0.941304
-0.662759
-999.915
-0.720459
-1000.18
0.290858
-999.3
0.55112
-999.383
0.755446
-999.535
0.883504
-999.743
-999.985
0.246918
-0.136961
-999.778
0.468253
-0.141585
-999.852
0.642524
-0.149596
-999.987
0.752659
-0.160567
-1000.17
-0.173462
-1000.39
0.243097
-0.261325
-999.744
0.461001
-0.269971
-999.816
0.632571
-0.284878
-999.948
0.740944
-0.305337
-1000.13
-0.32939
-1000.34
0.235259
-0.36106
-999.68
0.446137
-0.37273
-999.749
0.612113
-0.392863
-999.876
0.716887
-0.420488
-1000.05
-0.452936
-1000.25
0.224675
-0.426626
-999.592
0.426012
-0.440015
-999.658
0.584424
-0.463144
-999.777
0.684364
-0.494903
-999.94
-0.53218
-1000.13
0.212575
-999.488
0.402924
-999.548
0.552625
-999.659
0.647035
-999.811
-999.988
0.177444
-0.104621
-999.85
0.33667
-0.107608
-999.903
0.462264
-0.112729
-1000
0.541929
-0.119756
-1000.13
-0.128026
-1000.29
0.17505
-0.199402
-999.824
0.332123
-0.204994
-999.876
0.456005
-0.214539
-999.97
0.534557
-0.227664
-1000.1
-0.243111
-1000.25
0.170047
-0.275157
-999.774
0.322617
-0.282719
-999.824
0.442894
-0.295656
-999.915
0.519126
-0.313414
-1000.04
-0.334291
-1000.19
0.163277
-0.324552
-999.706
0.309695
-0.333274
-999.753
0.425105
-0.348191
-999.84
0.498212
-0.368702
-999.958
-0.39284
-1000.1
0.155493
-999.625
0.294812
-999.669
0.404573
-999.75
0.474046
-999.861
-999.991
0.127873
-0.0793858
-999.899
0.242705
-0.0813343
-999.937
0.333423
-0.0846076
-1000.01
0.391136
-0.0891153
-1000.1
-0.0944268
-1000.21
0.126362
-0.151193
-999.878
0.239861
-0.154809
-999.915
0.329489
-0.160939
-999.983
0.386497
-0.169367
-1000.08
-0.179277
-1000.19
0.123175
-0.208428
-999.84
0.233765
-0.213354
-999.876
0.321081
-0.221679
-999.942
0.376606
-0.233103
-1000.03
-0.246538
-1000.14
0.118827
-0.245557
-999.788
0.225458
-0.251263
-999.822
0.309643
-0.260891
-999.885
0.363147
-0.274139
-999.971
-0.289779
-1000.07
0.113805
-999.726
0.215861
-999.758
0.296388
-999.817
0.347489
-999.898
-999.993
0.0923576
-0.0599325
-999.931
0.175389
-0.0611853
-999.958
0.241041
-0.0632841
-1000.01
0.282895
-0.066184
-1000.08
-0.0696039
-1000.16
0.0914274
-0.114038
-999.916
0.173609
-0.116393
-999.942
0.23857
-0.120342
-999.991
0.279977
-0.125763
-1000.06
-0.132125
-1000.14
0.0893873
-0.15712
-999.886
0.169688
-0.160348
-999.912
0.233169
-0.165713
-999.96
0.273631
-0.173089
-1000.02
-0.181762
-1000.1
0.0865829
-0.184974
-999.846
0.164339
-0.188721
-999.871
0.225787
-0.194955
-999.917
0.26494
-0.203531
-999.979
-0.2137
-1000.05
0.0833346
-999.799
0.158132
-999.823
0.217213
-999.866
0.254756
-999.925
-999.995
0.0668633
-0.0450367
-999.953
0.127019
-0.0458417
-999.972
0.174598
-0.0472032
-1000.01
0.204966
-0.0490703
-1000.06
-0.0512524
-1000.12
0.0662957
-0.0856553
-999.941
0.125894
-0.0872112
-999.96
0.173051
-0.0897494
-999.996
0.203157
-0.093232
-1000.04
-0.0973104
-1000.1
0.0649711
-0.117992
-999.919
0.123378
-0.120104
-999.938
0.169585
-0.12356
-999.972
0.199092
-0.128327
-1000.02
-0.133928
-1000.07
0.0631669
-0.138836
-999.889
0.119935
-0.14129
-999.907
0.164817
-0.145317
-999.94
0.19348
-0.150867
-999.985
-0.157523
-1000.04
0.0610775
-999.853
0.115928
-999.87
0.159269
-999.902
0.186811
-999.945
-999.996
0.0485226
-0.0337067
-999.968
0.0921463
-0.0342511
-999.982
0.126682
-0.03513
-1000.01
0.148749
-0.0363256
-1000.04
-0.0377045
-1000.08
0.0481528
-0.0641483
-999.959
0.0914447
-0.0651707
-999.973
0.125726
-0.0667912
-999.998
0.147646
-0.0690239
-1000.03
-0.0716337
-1000.07
0.0472985
-0.0883342
-999.942
0.0898416
-0.0897078
-999.956
0.123505
-0.091931
-999.98
0.145048
-0.0950063
-1000.01
-0.0986062
-1000.05
0.046149
-0.103884
-999.919
0.0876285
-0.105488
-999.932
0.120431
-0.108078
-999.956
0.141443
-0.111657
-999.989
-0.115983
-1000.03
0.0448131
-999.892
0.0850507
-999.905
0.116853
-999.928
0.137106
-999.96
-999.997
0.0352726
-0.0251649
-999.978
0.0669537
-0.025536
-999.988
0.0920657
-0.0260936
-1000.01
0.108139
-0.0268585
-1000.03
-0.0277461
-1000.06
0.0350301
-0.0479251
-999.971
0.0665292
-0.0485846
-999.981
0.0914766
-0.0496219
-999.999
0.107456
-0.0510606
-1000.02
-0.0527502
-1000.05
0.0344922
-0.0659544
-999.958
0.0655048
-0.0668552
-999.968
0.0900464
-0.068295
-999.986
0.105775
-0.0702905
-1000.01
-0.072615
-1000.04
0.0337568
-0.0775338
-999.941
0.0640733
-0.0786027
-999.951
0.088053
-0.0802907
-999.968
0.103449
-0.0826109
-999.993
-0.0854065
-1000.02
0.0328844
-999.921
0.0623937
-999.93
0.0857322
-999.947
0.100641
-999.971
-999.998
0.0256787
-0.0187514
-999.985
0.0487309
-0.0189945
-999.992
0.0670137
-0.0193507
-1000.01
0.0787447
-0.0198433
-1000.02
-0.0204344
-1000.05
0.0255308
-0.0357166
-999.979
0.0484718
-0.0361486
-999.987
0.0666481
-0.0368218
-1000
0.0783063
-0.0377556
-1000.02
-0.03886
-1000.04
0.0251896
-0.0491411
-999.97
0.0478076
-0.0497495
-999.977
0.0657205
-0.0506878
-999.99
0.0772101
-0.0519818
-1000.01
-0.0534786
-1000.03
0.0247049
-0.0577734
-999.957
0.0468759
-0.0585003
-999.964
0.0644288
-0.0596117
-999.977
0.0757132
-0.0611115
-999.995
-0.0628975
-1000.02
0.0241208
-999.942
0.0457705
-999.949
0.0629285
-999.961
0.0739043
-999.978
-999.998
0.0187258
-0.0139401
-999.989
0.0355185
-0.0141012
-999.995
0.0488424
-0.0143344
-1000
0.0574114
-0.0146571
-1000.02
-0.0150575
-1000.03
0.018636
-0.0265656
-999.986
0.0353533
-0.0268629
-999.991
0.0486137
-0.0273053
-1000
0.0571243
-0.0279112
-1000.01
-0.0286168
-1000.03
0.0184085
-0.0365667
-999.979
0.0349173
-0.0369828
-999.984
0.0480138
-0.0375914
-999.993
0.0564244
-0.0384118
-1000.01
-0.0393305
-1000.02
0.0180831
-0.0429991
-999.969
0.0343134
-0.0434867
-999.974
0.0471954
-0.0442067
-999.983
0.0555066
-0.0451348
-999.996
-0.0461729
-1000.01
0.0176996
-999.958
0.0335979
-999.963
0.0462664
-999.972
0.0544504
-999.984
-999.999
0.0136745
-0.0103432
-999.993
0.0259151
-0.010456
-999.997
0.0356365
-0.0106127
-1000
0.0418906
-0.01083
-1000.01
-0.0110979
-1000.03
0.0136148
-0.0197364
-999.99
0.0258087
-0.0199444
-999.994
0.0354916
-0.0202381
-1000
0.0417064
-0.0206335
-1000.01
-0.021081
-1000.02
0.0134584
-0.0271757
-999.985
0.0255198
-0.027454
-999.989
0.0351009
-0.0278561
-999.996
0.041263
-0.028383
-1000.01
-0.0289477
-1000.02
0.0132452
-0.0319315
-999.977
0.0251219
-0.0322613
-999.981
0.0345766
-0.0327397
-999.988
0.0407016
-0.0333226
-999.998
-0.0338669
-1000.01
0.0129919
-999.969
0.0246446
-999.973
0.033986
-999.979
0.0401214
-999.989
-1000
0.00999188
-0.00766922
-999.995
0.0189253
-0.00775078
-999.998
0.0260294
-0.00785702
-1000
0.0305984
-0.00800465
-1000.01
-0.0081789
-1000.02
0.00995057
-0.0146485
-999.993
0.0188595
-0.0147874
-999.996
0.0259359
-0.0149876
-1000
0.0304859
-0.015255
-1000.01
-0.0155613
-1000.02
0.0098472
-0.0201541
-999.989
0.0186634
-0.0203414
-999.992
0.0256711
-0.0206262
-999.997
0.0301827
-0.020998
-1000
-0.0214123
-1000.01
0.00970728
-0.0236401
-999.984
0.0183832
-0.0238874
-999.987
0.0253028
-0.0242376
-999.992
0.0297738
-0.024675
-999.999
-0.0250685
-1000.01
0.0095157
-999.978
0.0180318
-999.98
0.024853
-999.985
0.0293229
-999.992
-1000
0.00729763
-0.00569192
-999.997
0.013833
-0.00574649
-999.999
0.0190304
-0.00581933
-1000
0.0223801
-0.00592092
-1000.01
-0.00603236
-1000.01
0.00727385
-0.0108571
-999.995
0.0137917
-0.0109487
-999.997
0.0189686
-0.0110932
-1000
0.0223126
-0.0112833
-1000.01
-0.0114994
-1000.01
0.00720751
-0.0149239
-999.992
0.0136506
-0.0150642
-999.994
0.0187812
-0.015275
-999.998
0.022094
-0.01555
-1000
-0.0158694
-1000.01
0.0071019
-0.0175074
-999.988
0.0134438
-0.0177054
-999.99
0.0185112
-0.0179595
-999.994
0.0217693
-0.0183001
-999.999
-0.0186572
-1000.01
0.00694493
-999.984
0.0131911
-999.986
0.0181669
-999.989
0.021366
-999.994
-1000
0.00532675
-0.00422769
-999.998
0.010117
-0.00426013
-1000
0.0139183
-0.00431469
-1000
0.0163708
-0.00438731
-1000.01
-0.00445748
-1000.01
0.00531812
-0.00803739
-999.997
0.0100856
-0.00810519
-999.998
0.0138761
-0.00821358
-1000
0.0163329
-0.00835119
-1000
-0.00848993
-1000.01
0.00526911
-0.0110662
-999.995
0.00997963
-0.0111802
-999.996
0.0137427
-0.0113295
-999.999
0.0161863
-0.0115193
-1000
-0.0117097
-1000.01
0.00517995
-0.0130386
-999.992
0.00983127
-0.0131785
-999.993
0.0135577
-0.0133362
-999.996
0.0159704
-0.0135445
-1000
-0.0137397
-1000
0.00507214
-999.988
0.00967927
-999.99
0.0133599
-999.992
0.0157263
-999.996
-1000
0.00389088
-0.00313528
-999.999
0.00740048
-0.00315586
-1000
0.0101837
-0.00319927
-1000
0.0119727
-0.00325081
-1000
-0.00329553
-1000.01
0.00388786
-0.00594832
-999.998
0.00737516
-0.00600051
-999.999
0.0101557
-0.00607837
-1000
0.0119549
-0.00617697
-1000
-0.00627068
-1000.01
0.00385009
-0.00822437
-999.996
0.00729853
-0.00830709
-999.997
0.0100599
-0.00840735
-999.999
0.0118568
-0.00853586
-1000
-0.00863348
-1000.01
0.00378522
-0.00973702
-999.994
0.0071966
-0.00981808
-999.995
0.00993387
-0.00991198
-999.997
0.0117307
-0.010027
-1000
-0.0100421
-1000
0.0037307
-999.992
0.00710851
-999.993
0.00983674
-999.995
0.0116548
-999.997
-1000
0.00284401
-0.00231968
-999.999
0.00541854
-0.00233483
-1000
0.00747012
-0.00236517
-1000
0.00878476
-0.00239904
-1000
-0.00242892
-1000.01
0.00284475
-0.004399
-999.999
0.00540277
-0.00443242
-1000
0.00745259
-0.00448458
-1000
0.00877763
-0.00455421
-1000
-0.00463205
-1000.01
0.00282273
-0.00609848
-999.998
0.0053509
-0.00614631
-999.998
0.00738243
-0.00621342
-1000
0.00870101
-0.00630898
-1000
-0.00638797
-1000
0.0027881
-0.00720606
-999.996
0.00528312
-0.00725402
-999.997
0.00729015
-0.0073233
-999.998
0.00860199
-0.00741752
-1000
-0.00739345
-1000
0.00276083
-999.994
0.00521263
-999.995
0.00720541
-999.996
0.00856386
-999.998
-1000
0.00207998
-0.00171995
-1000
0.00398469
-0.0017277
-1000
0.00550999
-0.00174646
-1000
0.00649588
-0.0017677
-1000
-0.00178714
-1000
0.00208507
-0.003248
-999.999
0.00397643
-0.0032669
-1000
0.00549898
-0.00330193
-1000
0.00649524
-0.00334864
-1000
-0.00341036
-1000
0.00207542
-0.00449483
-999.998
0.00394113
-0.00452005
-999.999
0.0054502
-0.00456276
-1000
0.00643591
-0.00462741
-1000
-0.00468837
-1000
0.00206079
-0.00526627
-999.997
0.00389612
-0.00530432
-999.998
0.00538711
-0.00535339
-999.999
0.00635641
-0.00542616
-1000
-0.00543928
-1000
0.00203726
-999.996
0.00384485
-999.996
0.00530749
-999.997
0.00629345
-999.999
-1000
0.00152207
-0.00128882
-1000
0.00294949
-0.00129216
-1000
0.00409687
-0.00130506
-1000
0.00484389
-0.00131764
-1000
-0.00133196
-1000
0.00152863
-0.00240591
-1000
0.00294248
-0.00242063
-1000
0.00409074
-0.00244384
-1000
0.00483828
-0.00247515
-1000
-0.00251579
-1000
0.00152162
-0.00331437
-999.999
0.00292029
-0.0033318
-999.999
0.00405914
-0.00335336
-1000
0.00479711
-0.00338724
-1000
-0.00340505
-1000
0.00151106
-0.00386888
-999.998
0.00289474
-0.0038997
-999.999
0.00402201
-0.00392043
-999.999
0.00476098
-0.00395534
-1000
-0.00394019
-1000
0.00149456
-999.997
0.0028775
-999.998
0.00398994
-999.998
0.00472482
-999.999
-1000
0.0011157
-0.000990611
-1000
0.00220853
-0.000991522
-1000
0.00307863
-0.000995966
-1000
0.00363232
-0.00100301
-1000
-0.00102118
-1000
0.00112046
-0.00180802
-1000
0.00220613
-0.00181938
-1000
0.00307617
-0.00183247
-1000
0.0036163
-0.00185822
-1000
-0.00188692
-1000
0.00111548
-0.00248035
-999.999
0.00219652
-0.00249368
-1000
0.00305359
-0.00249874
-1000
0.0035822
-0.00251352
-1000
-0.00250041
-1000
0.00110777
-0.00293287
-999.999
0.00218063
-0.00294643
-999.999
0.00303178
-0.00295067
-1000
0.00357539
-0.00294122
-1000
-0.00289554
-1000
0.00111222
-999.998
0.00218911
-999.998
0.00304439
-999.999
0.00357757
-1000
-1000
0.000832257
-0.000780267
-1000
0.00169545
-0.000774232
-1000
0.00235683
-0.000767601
-1000
0.00275085
-0.000775173
-1000
-0.000794548
-1000
0.00084263
-0.00138702
-1000
0.0017016
-0.0013922
-1000
0.00235584
-0.00139663
-1000
0.00273151
-0.00141847
-1000
-0.00143462
-1000
0.000845981
-0.00190135
-1000
0.00169954
-0.00190693
-1000
0.00233972
-0.00190733
-1000
0.00270228
-0.00191654
-1000
-0.00189547
-1000
0.000847741
-0.0022936
-999.999
0.00169209
-0.00228032
-999.999
0.00232524
-0.00227319
-1000
0.00270184
-0.00225234
-1000
-0.00221816
-1000
0.000870118
-999.999
0.00170383
-999.999
0.00234806
-999.999
0.00271555
-1000
-1000
0.000662091
-0.000618341
-1000
0.00135765
-0.000602858
-1000
0.00186433
-0.000592101
-1000
0.00215095
-0.000598776
-1000
-0.000604444
-1000
0.000680984
-0.00109052
-1000
0.00136756
-0.00109041
-1000
0.00186418
-0.00109005
-1000
0.00214269
-0.00109887
-1000
-0.00109502
-1000
0.000689151
-0.00150013
-1000
0.00136761
-0.00149759
-1000
0.0018613
-0.00149584
-1000
0.00213714
-0.00149651
-1000
-0.00148449
-1000
0.000697977
-0.00180574
-999.999
0.00136731
-0.00178149
-999.999
0.00185852
-0.00177541
-1000
0.00213571
-0.00177167
-1000
-0.00177492
-1000
0.00072741
-999.999
0.00136731
-999.999
0.00185324
-999.999
0.00211154
-1000
-1000
0.000576387
-0.000489742
-1000
0.0011424
-0.000475437
-1000
0.00154633
-0.000467796
-1000
0.00178254
-0.000469784
-1000
-0.000457035
-1000
0.000592522
-0.000890197
-1000
0.0011472
-0.000892444
-1000
0.00154977
-0.000891336
-1000
0.00179355
-0.000882893
-1000
-0.000865083
-1000
0.00059639
-0.00123133
-1000
0.00114807
-0.00122831
-1000
0.00156022
-0.00122629
-1000
0.00181279
-0.0012193
-1000
-0.00122656
-1000
0.000606447
-0.00144357
-1000
0.00115216
-0.00143033
-1000
0.00156293
-0.00143172
-1000
0.00180012
-0.00145889
-1000
-0.00153516
-1000
0.000617661
-999.999
0.0011373
-999.999
0.00152089
-1000
0.0017376
-1000
-1000
0.000541985
-0.000415833
0.00102831
-0.000413376
0.0013846
-0.000412714
0.00161269
-0.000408697
-0.000386167
0.000547331
-0.000793907
0.0010289
-0.000800445
0.00139332
-0.000798914
0.00163675
-0.000781124
-0.000766764
0.000544206
-0.00109439
0.00103068
-0.00109552
0.00140874
-0.00109578
0.00166659
-0.00108796
-0.00111628
0.000548959
-0.00126586
0.00103606
-0.00125818
0.00140565
-0.00126399
0.00166056
-0.00128459
-0.00136671
0.000549906
0.00100608
0.00134072
0.00160133
)
;

boundaryField
{
    inlet
    {
        type            calculated;
        value           nonuniform List<scalar> 
25
(
-1000
-1000
-1000
-1000
-1000
-1000
-1000
-1000
-1000
-1000
-1000
-1000
-1000
-1000
-1000
-1000
-1000
-1000
-1000
-1000
-1000
-1000
-1000
-1000
-1000
)
;
    }
    outlet
    {
        type            calculated;
        value           nonuniform List<scalar> 
25
(
1000
1000
1000
1000
1000
1000
1000
1000
1000
1000
1000
1000
1000
1000
1000
1000
1000
1000
1000
1000
1000
1000
1000
1000
1000
)
;
    }
    repeat_boundary
    {
        type            calculated;
        value           uniform 0;
    }
    procBoundary0to1
    {
        type            processor;
        value           nonuniform List<scalar> 
450
(
-4.44794e-05
-4.05456e-05
-4.21907e-05
-3.43411e-05
-1.43849e-05
-0.000112641
-0.000104477
-0.000108676
-9.40227e-05
-3.86666e-05
-0.000223144
-0.000219066
-0.000232648
-0.000234013
-0.000186046
-0.000387905
-0.00039057
-0.000417978
-0.00045873
-0.000502213
-0.000620529
-0.000626273
-0.000656411
-0.000735042
-0.00089185
-0.000935249
-0.000939348
-0.000959634
-0.00101784
-0.00120466
-0.00135834
-0.00135849
-0.00136125
-0.00138366
-0.00145181
-0.00193297
-0.00193316
-0.00193205
-0.00192476
-0.00184017
-0.00271209
-0.00271629
-0.00273174
-0.00272964
-0.00263743
-0.00376097
-0.00377028
-0.00380376
-0.00380988
-0.00386286
-0.00517067
-0.00518455
-0.00521667
-0.00521986
-0.00532955
-0.00706717
-0.00708985
-0.00711133
-0.00709722
-0.00709024
-0.00962382
-0.00966048
-0.00967871
-0.00965271
-0.00951701
-0.013077
-0.0131254
-0.0131468
-0.0131351
-0.0129892
-0.0177524
-0.017806
-0.0178233
-0.0178217
-0.0177218
-0.0240984
-0.0241552
-0.0241594
-0.0241417
-0.0240178
-0.0327249
-0.0327887
-0.0327785
-0.0327414
-0.0325569
-0.04446
-0.0445356
-0.0445104
-0.0444685
-0.044291
-0.0604315
-0.0605175
-0.0604604
-0.0604146
-0.0603288
-0.0821788
-0.0822586
-0.0821208
-0.0820172
-0.0819834
-0.111811
-0.111845
-0.111537
-0.111262
-0.111115
-0.152228
-0.152135
-0.151509
-0.150912
-0.150528
-0.207437
-0.207042
-0.205789
-0.204619
-0.203955
-0.282996
-0.281927
-0.279405
-0.27708
-0.275921
-0.386604
-0.38413
-0.379118
-0.374476
-0.37219
-0.528574
-0.523382
-0.513724
-0.504761
-0.500366
-0.720687
-0.710869
-0.693315
-0.677074
-0.669674
-0.970002
-0.953145
-0.924222
-0.898309
-0.889733
-1.28037
-1.24976
-1.20151
-1.16353
-1.16726
-1.68536
-1.62469
-1.53026
-1.45693
-1.49832
-2.24147
-2.12617
-1.94407
-1.77438
-1.87307
-3.00865
-2.80157
-2.47409
-2.0691
-2.29708
-4.04297
-3.71638
-3.13546
-2.20018
-2.75671
-5.29825
-5.00604
-3.90779
-1.8764
-3.18316
-6.30947
-6.8455
-4.79424
-0.296415
-3.34542
-3.52662
-7.90654
-5.77225
6.32721
-1.99336
-13.0052
-31.7437
-5.2336
44.1944
8.93046
62.7098
7.35797
-27.5359
5.46142
2.49946
90.9518
-225.816
-50.1958
396.834
117.288
106.208
425.748
-77.5962
-369.799
-11.7683
116.922
-16.5422
1.6325
140.203
-10.6992
89.2259
-16.0929
165.237
-336.737
14.5697
-350.115
-445.041
62.1768
-823.813
-238.811
-85.2787
-892.423
-460.87
73.0962
246.543
39.9644
431.578
-235.907
33.5999
4.77873
78.6582
325.934
237.811
179.709
199.329
-133.583
-143.078
336.002
413.96
731.782
-24.7779
-76.8432
-5.15555
131.234
12.7225
-97.4605
440.884
10.9773
-298.272
40.7822
-300.344
-115.483
128.196
50.2595
491.593
22.8953
39.3589
-148.112
32.7606
95.1401
8.56359
-10.016
81.895
-105.253
-19.0752
-710.044
-489.365
-23.6887
426.892
-103.356
621.518
265.427
430.7
80.9254
-61.4589
61.0322
39.0868
92.0897
104.125
18.0156
123.623
75.5134
93.265
61.3983
35.6524
71.2592
54.2173
59.6084
41.5166
32.3895
46.7772
38.8452
39.2904
28.9916
25.1212
30.6288
27.0156
26.0336
20.4275
18.1514
20.1609
18.4735
17.3484
14.3516
12.7208
13.3181
12.4877
11.6128
10.0079
8.81922
8.89745
8.46767
7.87387
6.97898
6.16076
6.09311
5.85895
5.47599
4.94649
4.40659
4.25966
4.12387
3.88098
3.55492
3.20465
3.01109
2.92922
2.77559
2.57079
2.34472
2.14195
2.09158
1.99423
1.86432
1.71878
1.53021
1.49886
1.43696
1.35407
1.26036
1.09684
1.07721
1.03775
0.984624
0.924114
0.788434
0.776123
0.75093
0.716873
0.677927
0.568168
0.560423
0.544273
0.522388
0.497414
0.410373
0.405494
0.395092
0.380949
0.364801
0.296999
0.293935
0.287249
0.278149
0.26776
0.215319
0.21339
0.209079
0.203217
0.196583
0.156352
0.155135
0.152326
0.148478
0.144098
0.113683
0.112923
0.111105
0.108593
0.105694
0.0827295
0.0822512
0.0810674
0.0794237
0.0775177
0.0602498
0.0599443
0.0591508
0.0579962
0.0565318
0.0439147
0.0437349
0.0432268
0.0424392
0.0412427
0.0320252
0.03193
0.0316294
0.0311867
0.030466
0.023379
0.0233195
0.0231102
0.0228389
0.0224375
0.0171165
0.0170736
0.0168952
0.0166334
0.0161142
0.0125778
0.0125576
0.0124356
0.0122142
0.011589
0.00926871
0.00926393
0.00920575
0.00911529
0.00871708
0.00686028
0.00685275
0.00680862
0.00677901
0.00666185
0.00512849
0.00511408
0.00505174
0.00498971
0.00488908
0.00388951
0.00387749
0.00381779
0.00376065
0.00357219
0.00299249
0.00298777
0.0029566
0.00295779
0.002845
0.00234775
0.00234527
0.00233356
0.00238418
0.00244207
0.00191396
0.00191027
0.001899
0.00192575
0.00207227
0.00169847
0.00169366
0.0016793
0.00165021
0.0017716
)
;
    }
    procBoundary0to2
    {
        type            processor;
        value           nonuniform List<scalar> 
450
(
0.000261747
0.000259042
0.00025785
0.000264232
0.0002791
0.000698919
0.000689115
0.00068245
0.000705522
0.000726177
0.00119474
0.00118391
0.00116113
0.0011503
0.00113926
0.00178244
0.00177209
0.00173713
0.00169177
0.00162185
0.0025286
0.00252089
0.00247437
0.00240408
0.00221476
0.0035156
0.00351778
0.0034757
0.0034119
0.00318863
0.00483817
0.00484619
0.00482162
0.0047766
0.00464991
0.0066152
0.00662375
0.00660414
0.00658227
0.00655544
0.00901269
0.00901958
0.00898381
0.00895
0.00894171
0.0122586
0.0122685
0.0122182
0.0121715
0.012114
0.0166612
0.0166836
0.0166455
0.0166109
0.0165357
0.0226419
0.0226828
0.0226719
0.0226818
0.0226475
0.0307779
0.0308386
0.0308435
0.0308832
0.0309486
0.0418502
0.0419339
0.0419394
0.0419753
0.0420555
0.0569103
0.057024
0.0570262
0.0570442
0.0570982
0.0773828
0.077535
0.0775356
0.0775441
0.0776083
0.105211
0.105414
0.105409
0.105406
0.105507
0.143044
0.143316
0.143296
0.143261
0.143346
0.194484
0.194851
0.194805
0.194718
0.194714
0.264423
0.264916
0.264839
0.264699
0.264604
0.359503
0.36016
0.360041
0.359861
0.359751
0.488758
0.489621
0.489426
0.489168
0.489048
0.664454
0.66558
0.665249
0.664803
0.664511
0.903208
0.904664
0.904113
0.903356
0.902725
1.22746
1.22929
1.22836
1.22711
1.22612
1.66741
1.66951
1.66794
1.66571
1.66438
2.2632
2.26516
2.26259
2.25803
2.25684
3.06689
3.0672
3.06391
3.0529
3.05545
4.1405
4.13417
4.13493
4.10327
4.12783
5.53709
5.5069
5.53739
5.43393
5.55972
7.27202
7.16567
7.3155
6.95983
7.4706
9.35287
9.06173
9.53128
8.46096
10.0714
11.7257
11.1258
12.1898
9.57156
13.7013
14.0579
13.2147
14.9395
9.50716
18.8878
15.1201
14.8713
16.3472
6.6019
26.7543
13.412
15.5133
13.6879
-0.78087
40.1182
-5.75052
17.9216
-10.9165
-52.0549
60.9986
-27.7414
10.5931
-57.565
-25.3946
112.568
-281.662
52.6439
-375.344
-421.686
275.264
192.347
-24.789
-12.948
279.799
315.008
-11.8871
25.7893
-97.0112
-6.85951
133.261
-142.295
32.2411
475.554
-170.003
-209.2
-167.755
-1.19401
-27.4814
2.43762
-65.2266
628.716
-136.308
-280.527
190.182
-783.598
-144.866
-399.586
639.123
-15.5168
-964.414
-139.508
-18.3684
399.113
-215.707
486.318
-284.969
364.399
-220.181
178.048
-53.8212
-1021.12
145.983
111.014
-151.185
-102.96
-108.484
-93.3025
110.389
-586.778
4.94766
-73.6541
-432.507
-13.5758
162.561
71.8368
336.56
-67.1766
-71.6777
-215.15
-292.847
154.279
166.859
-9.333
-260.071
-190.003
-354.667
212.061
-5.89535
504.577
148.041
220.121
289.737
-74.957
-110.041
-191.352
-5.06539
52.2721
-17.9425
25.7687
-24.9525
18.4625
28.9198
-8.5438
-12.3541
-25.3903
6.62029
8.24011
-5.40576
-10.8723
-14.5483
1.15398
0.294543
-4.68214
-9.07346
-11.1219
-1.16782
-1.80243
-4.2963
-7.2104
-8.98651
-1.82851
-2.34075
-3.85607
-5.67522
-7.25494
-1.99475
-2.37489
-3.33906
-4.4904
-5.74086
-1.91843
-2.19572
-2.81009
-3.57564
-4.43959
-1.73383
-1.93268
-2.32327
-2.82191
-3.36481
-1.50247
-1.63481
-1.87293
-2.17761
-2.51551
-1.24058
-1.32198
-1.4642
-1.65283
-1.869
-0.984952
-1.03571
-1.12458
-1.24493
-1.38458
-0.766603
-0.799259
-0.85622
-0.93384
-1.02428
-0.590152
-0.611395
-0.648172
-0.698442
-0.757174
-0.450849
-0.464719
-0.488489
-0.521005
-0.558989
-0.342396
-0.351482
-0.366882
-0.387924
-0.412386
-0.258777
-0.26474
-0.274745
-0.288417
-0.304289
-0.194799
-0.198707
-0.205185
-0.214018
-0.224234
-0.146155
-0.148727
-0.15293
-0.15864
-0.165141
-0.109342
-0.111044
-0.113795
-0.117554
-0.121835
-0.0816156
-0.0827367
-0.0845244
-0.086988
-0.0898188
-0.0608252
-0.0615734
-0.0627477
-0.0643781
-0.0662357
-0.0452642
-0.0457773
-0.0465772
-0.0477426
-0.0492007
-0.0336381
-0.0339811
-0.034505
-0.0353091
-0.0364804
-0.0249901
-0.0252122
-0.0255321
-0.0259913
-0.0266612
-0.0185656
-0.0187234
-0.0189484
-0.01923
-0.0195861
-0.0137739
-0.0138955
-0.0140792
-0.0143333
-0.0147903
-0.0102042
-0.0102865
-0.0104009
-0.0105984
-0.0111556
-0.00756877
-0.00761505
-0.00765326
-0.00771619
-0.00804713
-0.00562711
-0.00565279
-0.0056674
-0.0056569
-0.00570849
-0.00418047
-0.00419197
-0.00421555
-0.00422112
-0.00427723
-0.00309658
-0.00309269
-0.00310282
-0.00312914
-0.00331886
-0.00230354
-0.00230012
-0.00230337
-0.00228027
-0.00244049
-0.00176049
-0.0017675
-0.00177423
-0.0017264
-0.00174453
-0.00142196
-0.00143589
-0.00146562
-0.00148197
-0.00146685
-0.00126794
-0.00128887
-0.00133935
-0.00143087
-0.00153964
)
;
    }
}


// ************************************************************************* //
