/*--------------------------------*- C++ -*----------------------------------*\
| =========                 |                                                 |
| \\      /  F ield         | OpenFOAM: The Open Source CFD Toolbox           |
|  \\    /   O peration     | Version:  5.x                                   |
|   \\  /    A nd           | Web:      www.OpenFOAM.org                      |
|    \\/     M anipulation  |                                                 |
\*---------------------------------------------------------------------------*/
FoamFile
{
    version     2.0;
    format      ascii;
    class       labelList;
    location    "constant/polyMesh";
    object      cellProcAddressing;
}
// * * * * * * * * * * * * * * * * * * * * * * * * * * * * * * * * * * * * * //


2250
(
55
56
57
58
59
65
66
67
68
69
75
76
77
78
79
85
86
87
88
89
95
96
97
98
99
155
156
157
158
159
165
166
167
168
169
175
176
177
178
179
185
186
187
188
189
195
196
197
198
199
255
256
257
258
259
265
266
267
268
269
275
276
277
278
279
285
286
287
288
289
295
296
297
298
299
355
356
357
358
359
365
366
367
368
369
375
376
377
378
379
385
386
387
388
389
395
396
397
398
399
455
456
457
458
459
465
466
467
468
469
475
476
477
478
479
485
486
487
488
489
495
496
497
498
499
555
556
557
558
559
565
566
567
568
569
575
576
577
578
579
585
586
587
588
589
595
596
597
598
599
655
656
657
658
659
665
666
667
668
669
675
676
677
678
679
685
686
687
688
689
695
696
697
698
699
755
756
757
758
759
765
766
767
768
769
775
776
777
778
779
785
786
787
788
789
795
796
797
798
799
855
856
857
858
859
865
866
867
868
869
875
876
877
878
879
885
886
887
888
889
895
896
897
898
899
955
956
957
958
959
965
966
967
968
969
975
976
977
978
979
985
986
987
988
989
995
996
997
998
999
1055
1056
1057
1058
1059
1065
1066
1067
1068
1069
1075
1076
1077
1078
1079
1085
1086
1087
1088
1089
1095
1096
1097
1098
1099
1155
1156
1157
1158
1159
1165
1166
1167
1168
1169
1175
1176
1177
1178
1179
1185
1186
1187
1188
1189
1195
1196
1197
1198
1199
1255
1256
1257
1258
1259
1265
1266
1267
1268
1269
1275
1276
1277
1278
1279
1285
1286
1287
1288
1289
1295
1296
1297
1298
1299
1355
1356
1357
1358
1359
1365
1366
1367
1368
1369
1375
1376
1377
1378
1379
1385
1386
1387
1388
1389
1395
1396
1397
1398
1399
1455
1456
1457
1458
1459
1465
1466
1467
1468
1469
1475
1476
1477
1478
1479
1485
1486
1487
1488
1489
1495
1496
1497
1498
1499
1555
1556
1557
1558
1559
1565
1566
1567
1568
1569
1575
1576
1577
1578
1579
1585
1586
1587
1588
1589
1595
1596
1597
1598
1599
1655
1656
1657
1658
1659
1665
1666
1667
1668
1669
1675
1676
1677
1678
1679
1685
1686
1687
1688
1689
1695
1696
1697
1698
1699
1755
1756
1757
1758
1759
1765
1766
1767
1768
1769
1775
1776
1777
1778
1779
1785
1786
1787
1788
1789
1795
1796
1797
1798
1799
1855
1856
1857
1858
1859
1865
1866
1867
1868
1869
1875
1876
1877
1878
1879
1885
1886
1887
1888
1889
1895
1896
1897
1898
1899
1955
1956
1957
1958
1959
1965
1966
1967
1968
1969
1975
1976
1977
1978
1979
1985
1986
1987
1988
1989
1995
1996
1997
1998
1999
2055
2056
2057
2058
2059
2065
2066
2067
2068
2069
2075
2076
2077
2078
2079
2085
2086
2087
2088
2089
2095
2096
2097
2098
2099
2155
2156
2157
2158
2159
2165
2166
2167
2168
2169
2175
2176
2177
2178
2179
2185
2186
2187
2188
2189
2195
2196
2197
2198
2199
2255
2256
2257
2258
2259
2265
2266
2267
2268
2269
2275
2276
2277
2278
2279
2285
2286
2287
2288
2289
2295
2296
2297
2298
2299
2355
2356
2357
2358
2359
2365
2366
2367
2368
2369
2375
2376
2377
2378
2379
2385
2386
2387
2388
2389
2395
2396
2397
2398
2399
2455
2456
2457
2458
2459
2465
2466
2467
2468
2469
2475
2476
2477
2478
2479
2485
2486
2487
2488
2489
2495
2496
2497
2498
2499
2555
2556
2557
2558
2559
2565
2566
2567
2568
2569
2575
2576
2577
2578
2579
2585
2586
2587
2588
2589
2595
2596
2597
2598
2599
2655
2656
2657
2658
2659
2665
2666
2667
2668
2669
2675
2676
2677
2678
2679
2685
2686
2687
2688
2689
2695
2696
2697
2698
2699
2755
2756
2757
2758
2759
2765
2766
2767
2768
2769
2775
2776
2777
2778
2779
2785
2786
2787
2788
2789
2795
2796
2797
2798
2799
2855
2856
2857
2858
2859
2865
2866
2867
2868
2869
2875
2876
2877
2878
2879
2885
2886
2887
2888
2889
2895
2896
2897
2898
2899
2955
2956
2957
2958
2959
2965
2966
2967
2968
2969
2975
2976
2977
2978
2979
2985
2986
2987
2988
2989
2995
2996
2997
2998
2999
3055
3056
3057
3058
3059
3065
3066
3067
3068
3069
3075
3076
3077
3078
3079
3085
3086
3087
3088
3089
3095
3096
3097
3098
3099
3155
3156
3157
3158
3159
3165
3166
3167
3168
3169
3175
3176
3177
3178
3179
3185
3186
3187
3188
3189
3195
3196
3197
3198
3199
3255
3256
3257
3258
3259
3265
3266
3267
3268
3269
3275
3276
3277
3278
3279
3285
3286
3287
3288
3289
3295
3296
3297
3298
3299
3355
3356
3357
3358
3359
3365
3366
3367
3368
3369
3375
3376
3377
3378
3379
3385
3386
3387
3388
3389
3395
3396
3397
3398
3399
3455
3456
3457
3458
3459
3465
3466
3467
3468
3469
3475
3476
3477
3478
3479
3485
3486
3487
3488
3489
3495
3496
3497
3498
3499
3555
3556
3557
3558
3559
3565
3566
3567
3568
3569
3575
3576
3577
3578
3579
3585
3586
3587
3588
3589
3595
3596
3597
3598
3599
3655
3656
3657
3658
3659
3665
3666
3667
3668
3669
3675
3676
3677
3678
3679
3685
3686
3687
3688
3689
3695
3696
3697
3698
3699
3755
3756
3757
3758
3759
3765
3766
3767
3768
3769
3775
3776
3777
3778
3779
3785
3786
3787
3788
3789
3795
3796
3797
3798
3799
3855
3856
3857
3858
3859
3865
3866
3867
3868
3869
3875
3876
3877
3878
3879
3885
3886
3887
3888
3889
3895
3896
3897
3898
3899
3955
3956
3957
3958
3959
3965
3966
3967
3968
3969
3975
3976
3977
3978
3979
3985
3986
3987
3988
3989
3995
3996
3997
3998
3999
4055
4056
4057
4058
4059
4065
4066
4067
4068
4069
4075
4076
4077
4078
4079
4085
4086
4087
4088
4089
4095
4096
4097
4098
4099
4155
4156
4157
4158
4159
4165
4166
4167
4168
4169
4175
4176
4177
4178
4179
4185
4186
4187
4188
4189
4195
4196
4197
4198
4199
4255
4256
4257
4258
4259
4265
4266
4267
4268
4269
4275
4276
4277
4278
4279
4285
4286
4287
4288
4289
4295
4296
4297
4298
4299
4355
4356
4357
4358
4359
4365
4366
4367
4368
4369
4375
4376
4377
4378
4379
4385
4386
4387
4388
4389
4395
4396
4397
4398
4399
4455
4456
4457
4458
4459
4465
4466
4467
4468
4469
4475
4476
4477
4478
4479
4485
4486
4487
4488
4489
4495
4496
4497
4498
4499
4555
4556
4557
4558
4559
4565
4566
4567
4568
4569
4575
4576
4577
4578
4579
4585
4586
4587
4588
4589
4595
4596
4597
4598
4599
4655
4656
4657
4658
4659
4665
4666
4667
4668
4669
4675
4676
4677
4678
4679
4685
4686
4687
4688
4689
4695
4696
4697
4698
4699
4755
4756
4757
4758
4759
4765
4766
4767
4768
4769
4775
4776
4777
4778
4779
4785
4786
4787
4788
4789
4795
4796
4797
4798
4799
4855
4856
4857
4858
4859
4865
4866
4867
4868
4869
4875
4876
4877
4878
4879
4885
4886
4887
4888
4889
4895
4896
4897
4898
4899
4955
4956
4957
4958
4959
4965
4966
4967
4968
4969
4975
4976
4977
4978
4979
4985
4986
4987
4988
4989
4995
4996
4997
4998
4999
5055
5056
5057
5058
5059
5065
5066
5067
5068
5069
5075
5076
5077
5078
5079
5085
5086
5087
5088
5089
5095
5096
5097
5098
5099
5155
5156
5157
5158
5159
5165
5166
5167
5168
5169
5175
5176
5177
5178
5179
5185
5186
5187
5188
5189
5195
5196
5197
5198
5199
5255
5256
5257
5258
5259
5265
5266
5267
5268
5269
5275
5276
5277
5278
5279
5285
5286
5287
5288
5289
5295
5296
5297
5298
5299
5355
5356
5357
5358
5359
5365
5366
5367
5368
5369
5375
5376
5377
5378
5379
5385
5386
5387
5388
5389
5395
5396
5397
5398
5399
5455
5456
5457
5458
5459
5465
5466
5467
5468
5469
5475
5476
5477
5478
5479
5485
5486
5487
5488
5489
5495
5496
5497
5498
5499
5555
5556
5557
5558
5559
5565
5566
5567
5568
5569
5575
5576
5577
5578
5579
5585
5586
5587
5588
5589
5595
5596
5597
5598
5599
5655
5656
5657
5658
5659
5665
5666
5667
5668
5669
5675
5676
5677
5678
5679
5685
5686
5687
5688
5689
5695
5696
5697
5698
5699
5755
5756
5757
5758
5759
5765
5766
5767
5768
5769
5775
5776
5777
5778
5779
5785
5786
5787
5788
5789
5795
5796
5797
5798
5799
5855
5856
5857
5858
5859
5865
5866
5867
5868
5869
5875
5876
5877
5878
5879
5885
5886
5887
5888
5889
5895
5896
5897
5898
5899
5955
5956
5957
5958
5959
5965
5966
5967
5968
5969
5975
5976
5977
5978
5979
5985
5986
5987
5988
5989
5995
5996
5997
5998
5999
6055
6056
6057
6058
6059
6065
6066
6067
6068
6069
6075
6076
6077
6078
6079
6085
6086
6087
6088
6089
6095
6096
6097
6098
6099
6155
6156
6157
6158
6159
6165
6166
6167
6168
6169
6175
6176
6177
6178
6179
6185
6186
6187
6188
6189
6195
6196
6197
6198
6199
6255
6256
6257
6258
6259
6265
6266
6267
6268
6269
6275
6276
6277
6278
6279
6285
6286
6287
6288
6289
6295
6296
6297
6298
6299
6355
6356
6357
6358
6359
6365
6366
6367
6368
6369
6375
6376
6377
6378
6379
6385
6386
6387
6388
6389
6395
6396
6397
6398
6399
6455
6456
6457
6458
6459
6465
6466
6467
6468
6469
6475
6476
6477
6478
6479
6485
6486
6487
6488
6489
6495
6496
6497
6498
6499
6555
6556
6557
6558
6559
6565
6566
6567
6568
6569
6575
6576
6577
6578
6579
6585
6586
6587
6588
6589
6595
6596
6597
6598
6599
6655
6656
6657
6658
6659
6665
6666
6667
6668
6669
6675
6676
6677
6678
6679
6685
6686
6687
6688
6689
6695
6696
6697
6698
6699
6755
6756
6757
6758
6759
6765
6766
6767
6768
6769
6775
6776
6777
6778
6779
6785
6786
6787
6788
6789
6795
6796
6797
6798
6799
6855
6856
6857
6858
6859
6865
6866
6867
6868
6869
6875
6876
6877
6878
6879
6885
6886
6887
6888
6889
6895
6896
6897
6898
6899
6955
6956
6957
6958
6959
6965
6966
6967
6968
6969
6975
6976
6977
6978
6979
6985
6986
6987
6988
6989
6995
6996
6997
6998
6999
7055
7056
7057
7058
7059
7065
7066
7067
7068
7069
7075
7076
7077
7078
7079
7085
7086
7087
7088
7089
7095
7096
7097
7098
7099
7155
7156
7157
7158
7159
7165
7166
7167
7168
7169
7175
7176
7177
7178
7179
7185
7186
7187
7188
7189
7195
7196
7197
7198
7199
7255
7256
7257
7258
7259
7265
7266
7267
7268
7269
7275
7276
7277
7278
7279
7285
7286
7287
7288
7289
7295
7296
7297
7298
7299
7355
7356
7357
7358
7359
7365
7366
7367
7368
7369
7375
7376
7377
7378
7379
7385
7386
7387
7388
7389
7395
7396
7397
7398
7399
7455
7456
7457
7458
7459
7465
7466
7467
7468
7469
7475
7476
7477
7478
7479
7485
7486
7487
7488
7489
7495
7496
7497
7498
7499
7555
7556
7557
7558
7559
7565
7566
7567
7568
7569
7575
7576
7577
7578
7579
7585
7586
7587
7588
7589
7595
7596
7597
7598
7599
7655
7656
7657
7658
7659
7665
7666
7667
7668
7669
7675
7676
7677
7678
7679
7685
7686
7687
7688
7689
7695
7696
7697
7698
7699
7755
7756
7757
7758
7759
7765
7766
7767
7768
7769
7775
7776
7777
7778
7779
7785
7786
7787
7788
7789
7795
7796
7797
7798
7799
7855
7856
7857
7858
7859
7865
7866
7867
7868
7869
7875
7876
7877
7878
7879
7885
7886
7887
7888
7889
7895
7896
7897
7898
7899
7955
7956
7957
7958
7959
7965
7966
7967
7968
7969
7975
7976
7977
7978
7979
7985
7986
7987
7988
7989
7995
7996
7997
7998
7999
8055
8056
8057
8058
8059
8065
8066
8067
8068
8069
8075
8076
8077
8078
8079
8085
8086
8087
8088
8089
8095
8096
8097
8098
8099
8155
8156
8157
8158
8159
8165
8166
8167
8168
8169
8175
8176
8177
8178
8179
8185
8186
8187
8188
8189
8195
8196
8197
8198
8199
8255
8256
8257
8258
8259
8265
8266
8267
8268
8269
8275
8276
8277
8278
8279
8285
8286
8287
8288
8289
8295
8296
8297
8298
8299
8355
8356
8357
8358
8359
8365
8366
8367
8368
8369
8375
8376
8377
8378
8379
8385
8386
8387
8388
8389
8395
8396
8397
8398
8399
8455
8456
8457
8458
8459
8465
8466
8467
8468
8469
8475
8476
8477
8478
8479
8485
8486
8487
8488
8489
8495
8496
8497
8498
8499
8555
8556
8557
8558
8559
8565
8566
8567
8568
8569
8575
8576
8577
8578
8579
8585
8586
8587
8588
8589
8595
8596
8597
8598
8599
8655
8656
8657
8658
8659
8665
8666
8667
8668
8669
8675
8676
8677
8678
8679
8685
8686
8687
8688
8689
8695
8696
8697
8698
8699
8755
8756
8757
8758
8759
8765
8766
8767
8768
8769
8775
8776
8777
8778
8779
8785
8786
8787
8788
8789
8795
8796
8797
8798
8799
8855
8856
8857
8858
8859
8865
8866
8867
8868
8869
8875
8876
8877
8878
8879
8885
8886
8887
8888
8889
8895
8896
8897
8898
8899
8955
8956
8957
8958
8959
8965
8966
8967
8968
8969
8975
8976
8977
8978
8979
8985
8986
8987
8988
8989
8995
8996
8997
8998
8999
)


// ************************************************************************* //
