/*--------------------------------*- C++ -*----------------------------------*\
| =========                 |                                                 |
| \\      /  F ield         | OpenFOAM: The Open Source CFD Toolbox           |
|  \\    /   O peration     | Version:  5.x                                   |
|   \\  /    A nd           | Web:      www.OpenFOAM.org                      |
|    \\/     M anipulation  |                                                 |
\*---------------------------------------------------------------------------*/
FoamFile
{
    version     2.0;
    format      ascii;
    class       surfaceScalarField;
    location    "0.05";
    object      phi;
}
// * * * * * * * * * * * * * * * * * * * * * * * * * * * * * * * * * * * * * //

dimensions      [0 3 -1 0 0 0 0];

internalField   nonuniform List<scalar> 
5825
(
-2.1003e-16
-8.01628e-17
-1e-09
-1.45671e-16
-8.25059e-17
-1e-09
-5.83979e-17
-9.96321e-17
-1e-09
-1.40866e-17
-1.37655e-16
-1e-09
-1.65441e-16
-1e-09
-2.1189e-16
-7.18502e-17
-1e-09
-1.57935e-16
-8.00319e-17
-1e-09
-9.53953e-17
-1.02143e-16
-1e-09
-4.14992e-17
-1.24463e-16
-1e-09
-1.31997e-16
-1e-09
-2.24059e-16
-5.83308e-17
-1e-09
-1.80012e-16
-6.82966e-17
-1e-09
-1.18175e-16
-7.87789e-17
-1e-09
-4.95968e-17
-8.27655e-17
-1e-09
-7.98829e-17
-1e-09
-2.34678e-16
-3.72866e-17
-1e-09
-1.90157e-16
-3.86175e-17
-1e-09
-1.22231e-16
-3.5049e-17
-1e-09
-4.68453e-17
-2.91845e-17
-1e-09
-2.66673e-17
-1e-09
-2.35791e-16
-1e-09
-1.85921e-16
-1e-09
-1.16149e-16
-1e-09
-4.42733e-17
-1e-09
-1e-09
-5.08829e-16
-2.1784e-16
-1e-09
-3.97824e-16
-2.81933e-16
-1e-09
-2.11157e-16
-3.4208e-16
-1e-09
-9.91e-17
-4.20573e-16
-1e-09
-4.58417e-16
-1e-09
-5.75521e-16
-2.49874e-16
-1e-09
-4.39396e-16
-2.74752e-16
-1e-09
-2.82135e-16
-3.17359e-16
-1e-09
-1.30862e-16
-3.47755e-16
-1e-09
-3.48331e-16
-1e-09
-6.13693e-16
-1.97654e-16
-1e-09
-4.82166e-16
-2.09327e-16
-1e-09
-3.14268e-16
-2.20499e-16
-1e-09
-1.32821e-16
-2.18877e-16
-1e-09
-2.12639e-16
-1e-09
-6.29892e-16
-1.13215e-16
-1e-09
-4.92124e-16
-1.04608e-16
-1e-09
-3.12842e-16
-9.17433e-17
-1e-09
-1.26433e-16
-8.1691e-17
-1e-09
-8.49651e-17
-1e-09
-6.22355e-16
-1e-09
-4.77864e-16
-1e-09
-3.0265e-16
-1e-09
-1.29462e-16
-1e-09
-1e-09
-7.34378e-16
-4.42178e-16
-1e-09
-6.46275e-16
-5.91365e-16
-1e-09
-4.57378e-16
-7.00555e-16
-1e-09
-2.59795e-16
-7.5999e-16
-1e-09
-7.53749e-16
-1e-09
-8.8203e-16
-5.0252e-16
-1e-09
-7.22225e-16
-5.48437e-16
-1e-09
-5.05754e-16
-5.95384e-16
-1e-09
-2.48323e-16
-6.05587e-16
-1e-09
-5.95624e-16
-1e-09
-9.59162e-16
-3.77952e-16
-1e-09
-7.69381e-16
-3.87757e-16
-1e-09
-5.18027e-16
-3.94106e-16
-1e-09
-2.39555e-16
-3.91901e-16
-1e-09
-3.98317e-16
-1e-09
-9.75581e-16
-1.92957e-16
-1e-09
-7.74081e-16
-1.82211e-16
-1e-09
-5.16027e-16
-1.76827e-16
-1e-09
-2.45961e-16
-1.83157e-16
-1e-09
-2.01668e-16
-1e-09
-9.65832e-16
-1e-09
-7.6711e-16
-1e-09
-5.2178e-16
-1e-09
-2.64199e-16
-1e-09
-1e-09
-1.06615e-15
-8.65146e-16
-1e-09
-9.59697e-16
-1.02676e-15
-1e-09
-7.70938e-16
-1.1481e-15
-1e-09
-4.39721e-16
-1.16232e-15
-1e-09
-1.12241e-15
-1e-09
-1.21093e-15
-8.22098e-16
-1e-09
-1.04877e-15
-8.94077e-16
-1e-09
-7.79225e-16
-9.43913e-16
-1e-09
-4.00218e-16
-9.47716e-16
-1e-09
-9.48005e-16
-1e-09
-1.30967e-15
-5.83091e-16
-1e-09
-1.09907e-15
-6.19712e-16
-1e-09
-7.84574e-16
-6.43763e-16
-1e-09
-4.02523e-16
-6.62376e-16
-1e-09
-6.86866e-16
-1e-09
-1.35004e-15
-2.82842e-16
-1e-09
-1.12185e-15
-3.04926e-16
-1e-09
-8.03207e-16
-3.27819e-16
-1e-09
-4.28405e-16
-3.55115e-16
-1e-09
-3.75199e-16
-1e-09
-1.37061e-15
-1e-09
-1.1425e-15
-1e-09
-8.2857e-16
-1e-09
-4.48334e-16
-1e-09
-1e-09
-1.73337e-15
-1.60433e-15
-1e-09
-1.49338e-15
-1.65877e-15
-1e-09
-1.16019e-15
-1.72281e-15
-1e-09
-6.24497e-16
-1.70819e-15
-1e-09
-1.6773e-15
-1e-09
-1.77654e-15
-1.32324e-15
-1e-09
-1.5351e-15
-1.37539e-15
-1e-09
-1.14428e-15
-1.42245e-15
-1e-09
-5.9989e-16
-1.44301e-15
-1e-09
-1.45994e-15
-1e-09
-1.84429e-15
-9.07712e-16
-1e-09
-1.5822e-15
-9.68631e-16
-1e-09
-1.16608e-15
-1.0169e-15
-1e-09
-6.20594e-16
-1.05512e-15
-1e-09
-1.07848e-15
-1e-09
-1.90585e-15
-4.58048e-16
-1e-09
-1.62916e-15
-5.07974e-16
-1e-09
-1.20417e-15
-5.45456e-16
-1e-09
-6.46583e-16
-5.69528e-16
-1e-09
-5.69724e-16
-1e-09
-1.95119e-15
-1e-09
-1.66247e-15
-1e-09
-1.22514e-15
-1e-09
-6.46473e-16
-1e-09
-1e-09
-2.73661e-15
-2.57219e-15
-1e-09
-2.27009e-15
-2.48931e-15
-1e-09
-1.64141e-15
-2.47517e-15
-1e-09
-8.44679e-16
-2.46438e-15
-1e-09
-2.46268e-15
-1e-09
-2.65684e-15
-2.05567e-15
-1e-09
-2.24135e-15
-2.04855e-15
-1e-09
-1.63068e-15
-2.08105e-15
-1e-09
-8.51911e-16
-2.11658e-15
-1e-09
-2.13234e-15
-1e-09
-2.66457e-15
-1.43623e-15
-1e-09
-2.27391e-15
-1.47632e-15
-1e-09
-1.66819e-15
-1.52075e-15
-1e-09
-8.73597e-16
-1.55209e-15
-1.00001e-09
-1.55408e-15
-1.00001e-09
-2.70615e-15
-7.5818e-16
-1e-09
-2.31636e-15
-7.8719e-16
-1e-09
-1.69942e-15
-8.0527e-16
-1.00001e-09
-8.79135e-16
-8.04581e-16
-1.00001e-09
-7.83911e-16
-1.00001e-09
-2.72721e-15
-1e-09
-2.32796e-15
-1e-09
-1.69479e-15
-1.00001e-09
-8.58174e-16
-1.00001e-09
-1.00001e-09
-3.82536e-15
-3.52099e-15
-1e-09
-3.16201e-15
-3.43522e-15
-1e-09
-2.22033e-15
-3.42618e-15
-1e-09
-1.13512e-15
-3.45592e-15
-1e-09
-3.47666e-15
-1e-09
-3.74469e-15
-2.92568e-15
-1e-09
-3.1382e-15
-2.9065e-15
-1e-09
-2.24896e-15
-2.93153e-15
-1e-09
-1.16594e-15
-2.96682e-15
-1.00001e-09
-2.96715e-15
-1.00001e-09
-3.74161e-15
-2.13369e-15
-1e-09
-3.16356e-15
-2.13031e-15
-1e-09
-2.2872e-15
-2.1455e-15
-1.00001e-09
-1.17441e-15
-2.15376e-15
-1.00001e-09
-2.13875e-15
-1.00001e-09
-3.73992e-15
-1.14325e-15
-1e-09
-3.17589e-15
-1.12332e-15
-1.00001e-09
-2.29526e-15
-1.11059e-15
-1.00001e-09
-1.16415e-15
-1.09333e-15
-1.00001e-09
-1.07069e-15
-1.00001e-09
-3.71117e-15
-1e-09
-3.15395e-15
-1.00001e-09
-2.27302e-15
-1.00001e-09
-1.14138e-15
-1.00001e-09
-1.00001e-09
-5.07951e-15
-4.6317e-15
-1e-09
-4.22055e-15
-4.60745e-15
-1e-09
-2.98092e-15
-4.65254e-15
-1e-09
-1.54422e-15
-4.722e-15
-1.00001e-09
-4.74877e-15
-1.00001e-09
-5.0624e-15
-3.98303e-15
-1e-09
-4.25505e-15
-3.98707e-15
-1.00001e-09
-3.04896e-15
-4.01013e-15
-1.00001e-09
-1.58346e-15
-4.03641e-15
-1.00001e-09
-4.02922e-15
-1.00001e-09
-5.07678e-15
-2.97583e-15
-1e-09
-4.27866e-15
-2.93917e-15
-1.00001e-09
-3.07796e-15
-2.92773e-15
-1.00001e-09
-1.58665e-15
-2.92554e-15
-1.00001e-09
-2.91283e-15
-1.00001e-09
-5.04138e-15
-1.5888e-15
-1.00001e-09
-4.26418e-15
-1.5369e-15
-1.00001e-09
-3.07555e-15
-1.51316e-15
-1.00001e-09
-1.58043e-15
-1.50335e-15
-1.00001e-09
-1.49011e-15
-1.00001e-09
-4.97865e-15
-1.00001e-09
-4.22882e-15
-1.00001e-09
-3.05916e-15
-1.00001e-09
-1.56698e-15
-1.00001e-09
-1.00001e-09
-6.93352e-15
-6.38721e-15
-1e-09
-5.73639e-15
-6.29755e-15
-1e-09
-4.09232e-15
-6.33012e-15
-1.00001e-09
-2.13798e-15
-6.38693e-15
-1.00001e-09
-6.40577e-15
-1.00001e-09
-6.84845e-15
-5.46819e-15
-1e-09
-5.76061e-15
-5.43393e-15
-1.00001e-09
-4.15034e-15
-5.43465e-15
-1.00001e-09
-2.17375e-15
-5.45092e-15
-1.00001e-09
-5.44842e-15
-1.00001e-09
-6.82305e-15
-4.05464e-15
-1.00001e-09
-5.76172e-15
-3.98807e-15
-1.00001e-09
-4.16885e-15
-3.96797e-15
-1.00001e-09
-2.18476e-15
-3.9733e-15
-1.00001e-09
-3.96568e-15
-1.00001e-09
-6.75618e-15
-2.14113e-15
-1.00001e-09
-5.73889e-15
-2.08468e-15
-1.00001e-09
-4.17418e-15
-2.07499e-15
-1.00001e-09
-2.1862e-15
-2.07854e-15
-1.00001e-09
-2.06155e-15
-1.00001e-09
-6.68432e-15
-1.00001e-09
-5.71494e-15
-1.00001e-09
-4.16849e-15
-1.00001e-09
-2.16886e-15
-1.00001e-09
-1.00002e-09
-9.52137e-15
-8.8711e-15
-1e-09
-7.9148e-15
-8.6732e-15
-1.00001e-09
-5.68783e-15
-8.63224e-15
-1.00001e-09
-2.97779e-15
-8.64096e-15
-1.00001e-09
-8.64351e-15
-1.00001e-09
-9.32595e-15
-7.5144e-15
-1.00001e-09
-7.8646e-15
-7.40389e-15
-1.00001e-09
-5.69887e-15
-7.3749e-15
-1.00001e-09
-3.00265e-15
-7.38264e-15
-1.00001e-09
-7.37633e-15
-1.00002e-09
-9.22573e-15
-5.48024e-15
-1.00001e-09
-7.83561e-15
-5.40058e-15
-1.00001e-09
-5.70894e-15
-5.38829e-15
-1.00002e-09
-3.01465e-15
-5.395e-15
-1.00002e-09
-5.37112e-15
-1.00002e-09
-9.14462e-15
-2.85991e-15
-1.00001e-09
-7.82095e-15
-2.82819e-15
-1.00001e-09
-5.71587e-15
-2.8356e-15
-1.00002e-09
-3.00348e-15
-2.83067e-15
-1.00002e-09
-2.79347e-15
-1.00002e-09
-9.09085e-15
-1.00001e-09
-7.80957e-15
-1.00002e-09
-5.69763e-15
-1.00002e-09
-2.96578e-15
-1.00002e-09
-1.00002e-09
-1.28295e-14
-1.19641e-14
-1e-09
-1.08434e-14
-1.18008e-14
-1.00001e-09
-7.84732e-15
-1.17348e-14
-1.00001e-09
-4.11892e-15
-1.17145e-14
-1.00002e-09
-1.16931e-14
-1.00002e-09
-1.2668e-14
-1.01648e-14
-1.00001e-09
-1.07568e-14
-1.00466e-14
-1.00001e-09
-7.82758e-15
-1.00198e-14
-1.00002e-09
-4.12649e-15
-1.00145e-14
-1.00002e-09
-9.97986e-15
-1.00002e-09
-1.25711e-14
-7.3523e-15
-1.00001e-09
-1.07297e-14
-7.31084e-15
-1.00002e-09
-7.82576e-15
-7.30973e-15
-1.00002e-09
-4.11674e-15
-7.29254e-15
-1.00002e-09
-7.23712e-15
-1.00003e-09
-1.25298e-14
-3.82126e-15
-1.00001e-09
-1.07258e-14
-3.83663e-15
-1.00002e-09
-7.80882e-15
-3.83812e-15
-1.00002e-09
-4.07852e-15
-3.80593e-15
-1.00003e-09
-3.76667e-15
-1.00003e-09
-1.25151e-14
-1.00002e-09
-1.07014e-14
-1.00002e-09
-7.75814e-15
-1.00002e-09
-4.03861e-15
-1.00003e-09
-1.00003e-09
-1.73232e-14
-1.6081e-14
-1.00001e-09
-1.47552e-14
-1.59994e-14
-1.00001e-09
-1.07392e-14
-1.59528e-14
-1.00002e-09
-5.66019e-15
-1.59193e-14
-1.00002e-09
-1.58571e-14
-1.00002e-09
-1.72406e-14
-1.36785e-14
-1.00001e-09
-1.46957e-14
-1.36289e-14
-1.00002e-09
-1.07058e-14
-1.3614e-14
-1.00002e-09
-5.63579e-15
-1.35767e-14
-1.00003e-09
-1.34987e-14
-1.00003e-09
-1.72046e-14
-9.89849e-15
-1.00002e-09
-1.46807e-14
-9.91174e-15
-1.00002e-09
-1.0672e-14
-9.89783e-15
-1.00003e-09
-5.5908e-15
-9.84473e-15
-1.00003e-09
-9.7778e-15
-1.00003e-09
-1.72187e-14
-5.17733e-15
-1.00002e-09
-1.46641e-14
-5.21016e-15
-1.00003e-09
-1.0619e-14
-5.18367e-15
-1.00003e-09
-5.54696e-15
-5.14472e-15
-1.00004e-09
-5.14127e-15
-1.00004e-09
-1.72107e-14
-1.00002e-09
-1.46021e-14
-1.00003e-09
-1.05549e-14
-1.00003e-09
-5.54273e-15
-1.00004e-09
-1.00004e-09
-2.35632e-14
-2.18051e-14
-1.00001e-09
-2.01037e-14
-2.17795e-14
-1.00002e-09
-1.46789e-14
-2.17381e-14
-1.00002e-09
-7.7578e-15
-2.16577e-14
-1.00003e-09
-2.15296e-14
-1.00003e-09
-2.35364e-14
-1.8551e-14
-1.00002e-09
-2.00607e-14
-1.85432e-14
-1.00002e-09
-1.46022e-14
-1.84997e-14
-1.00003e-09
-7.68161e-15
-1.84113e-14
-1.00004e-09
-1.83033e-14
-1.00004e-09
-2.35305e-14
-1.34761e-14
-1.00002e-09
-2.00172e-14
-1.34763e-14
-1.00003e-09
-1.45161e-14
-1.34188e-14
-1.00004e-09
-7.61726e-15
-1.33512e-14
-1.00004e-09
-1.33047e-14
-1.00005e-09
-2.35282e-14
-7.10107e-15
-1.00003e-09
-1.99575e-14
-7.08582e-15
-1.00004e-09
-1.44483e-14
-7.04464e-15
-1.00004e-09
-7.6021e-15
-7.03586e-15
-1.00005e-09
-7.05289e-15
-1.00005e-09
-2.34572e-14
-1.00003e-09
-1.98686e-14
-1.00004e-09
-1.44058e-14
-1.00005e-09
-7.6181e-15
-1.00005e-09
-1.00005e-09
-3.21031e-14
-2.96517e-14
-1.00001e-09
-2.74223e-14
-2.96493e-14
-1.00002e-09
-2.00348e-14
-2.95776e-14
-1.00003e-09
-1.05743e-14
-2.94279e-14
-1.00004e-09
-2.92464e-14
-1.00004e-09
-3.20986e-14
-2.52742e-14
-1.00002e-09
-2.73528e-14
-2.52411e-14
-1.00003e-09
-1.98905e-14
-2.51342e-14
-1.00004e-09
-1.04641e-14
-2.50091e-14
-1.00005e-09
-2.4899e-14
-1.00006e-09
-3.2064e-14
-1.84151e-14
-1.00003e-09
-2.72458e-14
-1.83382e-14
-1.00004e-09
-1.97673e-14
-1.82436e-14
-1.00005e-09
-1.04134e-14
-1.8189e-14
-1.00006e-09
-1.81437e-14
-1.00006e-09
-3.19829e-14
-9.71012e-15
-1.00004e-09
-2.71488e-14
-9.64342e-15
-1.00005e-09
-1.97125e-14
-9.6183e-15
-1.00006e-09
-1.04112e-14
-9.62325e-15
-1.00007e-09
-9.59982e-15
-1.00007e-09
-3.18403e-14
-1.00004e-09
-2.70592e-14
-1.00005e-09
-1.96713e-14
-1.00006e-09
-1.03864e-14
-1.00007e-09
-1.00007e-09
-4.39001e-14
-4.04696e-14
-1.00002e-09
-3.74203e-14
-4.03191e-14
-1.00003e-09
-2.72591e-14
-4.01557e-14
-1.00005e-09
-1.43423e-14
-3.99689e-14
-1.00006e-09
-3.97851e-14
-1.00006e-09
-4.37494e-14
-3.44587e-14
-1.00003e-09
-3.72574e-14
-3.43204e-14
-1.00005e-09
-2.70768e-14
-3.41508e-14
-1.00006e-09
-1.42548e-14
-3.40157e-14
-1.00007e-09
-3.38899e-14
-1.00008e-09
-4.36115e-14
-2.50786e-14
-1.00004e-09
-3.70875e-14
-2.49368e-14
-1.00006e-09
-2.69444e-14
-2.48278e-14
-1.00007e-09
-1.42107e-14
-2.47621e-14
-1.00008e-09
-2.46593e-14
-1.00009e-09
-4.34661e-14
-1.31824e-14
-1.00005e-09
-3.69751e-14
-1.31255e-14
-1.00007e-09
-2.68785e-14
-1.30988e-14
-1.00008e-09
-1.4167e-14
-1.30604e-14
-1.00009e-09
-1.30016e-14
-1.0001e-09
-4.33068e-14
-1.00006e-09
-3.68603e-14
-1.00007e-09
-2.67769e-14
-1.00009e-09
-1.41062e-14
-1.0001e-09
-1.0001e-09
-6.01502e-14
-5.53727e-14
-1.00002e-09
-5.10465e-14
-5.48576e-14
-1.00004e-09
-3.70804e-14
-5.45448e-14
-1.00006e-09
-1.95015e-14
-5.43297e-14
-1.00008e-09
-5.41194e-14
-1.00008e-09
-5.96355e-14
-4.69633e-14
-1.00004e-09
-5.07366e-14
-4.66594e-14
-1.00006e-09
-3.68699e-14
-4.64098e-14
-1.00008e-09
-1.94218e-14
-4.62287e-14
-1.0001e-09
-4.60233e-14
-1.0001e-09
-5.933e-14
-3.40846e-14
-1.00006e-09
-5.04864e-14
-3.38972e-14
-1.00008e-09
-3.66927e-14
-3.37372e-14
-1.0001e-09
-1.93277e-14
-3.35981e-14
-1.00011e-09
-3.3438e-14
-1.00012e-09
-5.91386e-14
-1.7901e-14
-1.00007e-09
-5.03216e-14
-1.78493e-14
-1.00009e-09
-3.65534e-14
-1.77604e-14
-1.00011e-09
-1.92477e-14
-1.76849e-14
-1.00013e-09
-1.76379e-14
-1.00013e-09
-5.89481e-14
-1.00008e-09
-5.01125e-14
-1.0001e-09
-3.63921e-14
-1.00012e-09
-1.91976e-14
-1.00013e-09
-1.00014e-09
-8.19953e-14
-7.5423e-14
-1.00003e-09
-6.95729e-14
-7.46168e-14
-1.00006e-09
-5.0538e-14
-7.41171e-14
-1.00009e-09
-2.66047e-14
-7.37784e-14
-1.0001e-09
-7.34294e-14
-1.00011e-09
-8.119e-14
-6.39255e-14
-1.00006e-09
-6.90788e-14
-6.34298e-14
-1.00009e-09
-5.02062e-14
-6.30189e-14
-1.00011e-09
-2.64332e-14
-6.27066e-14
-1.00013e-09
-6.23986e-14
-1.00014e-09
-8.06898e-14
-4.63605e-14
-1.00008e-09
-6.86664e-14
-4.60631e-14
-1.00011e-09
-4.98985e-14
-4.57665e-14
-1.00014e-09
-2.62756e-14
-4.55444e-14
-1.00015e-09
-4.53639e-14
-1.00016e-09
-8.03862e-14
-2.43862e-14
-1.0001e-09
-6.83642e-14
-2.42417e-14
-1.00013e-09
-4.96763e-14
-2.408e-14
-1.00015e-09
-2.6203e-14
-2.40093e-14
-1.00017e-09
-2.39233e-14
-1.00018e-09
-8.00517e-14
-1.00011e-09
-6.80402e-14
-1.00014e-09
-4.94895e-14
-1.00016e-09
-2.61125e-14
-1.00018e-09
-1.00019e-09
-1.11452e-13
-1.02429e-13
-1.00004e-09
-9.47711e-14
-1.01396e-13
-1.00008e-09
-6.88696e-14
-1.00601e-13
-1.00012e-09
-3.62284e-14
-1.00029e-13
-1.00014e-09
-9.95084e-14
-1.00016e-09
-1.10419e-13
-8.69363e-14
-1.00008e-09
-9.39838e-14
-8.61681e-14
-1.00012e-09
-6.83068e-14
-8.54944e-14
-1.00015e-09
-3.59484e-14
-8.50209e-14
-1.00018e-09
-8.46301e-14
-1.00019e-09
-1.09644e-13
-6.30888e-14
-1.00011e-09
-9.33081e-14
-6.25643e-14
-1.00015e-09
-6.78394e-14
-6.20921e-14
-1.00018e-09
-3.57608e-14
-6.18036e-14
-1.00021e-09
-6.15331e-14
-1.00022e-09
-1.0911e-13
-3.32168e-14
-1.00013e-09
-9.28297e-14
-3.29203e-14
-1.00017e-09
-6.75513e-14
-3.27128e-14
-1.00021e-09
-3.5636e-14
-3.25815e-14
-1.00023e-09
-3.23838e-14
-1.00025e-09
-1.08553e-13
-1.00015e-09
-9.24024e-14
-1.00019e-09
-6.72622e-14
-1.00022e-09
-3.54317e-14
-1.00024e-09
-1.00026e-09
-1.51653e-13
-1.39246e-13
-1.00006e-09
-1.28983e-13
-1.37718e-13
-1.00011e-09
-9.37053e-14
-1.36497e-13
-1.00016e-09
-4.9268e-14
-1.35672e-13
-1.00019e-09
-1.34998e-13
-1.00021e-09
-1.50123e-13
-1.18182e-13
-1.00011e-09
-1.2777e-13
-1.17002e-13
-1.00016e-09
-9.28935e-14
-1.16014e-13
-1.00021e-09
-4.89205e-14
-1.15367e-13
-1.00024e-09
-1.14803e-13
-1.00026e-09
-1.48933e-13
-8.57988e-14
-1.00015e-09
-1.26781e-13
-8.49667e-14
-1.00021e-09
-9.22556e-14
-8.42998e-14
-1.00025e-09
-4.86322e-14
-8.38422e-14
-1.00029e-09
-8.33572e-14
-1.0003e-09
-1.48086e-13
-4.51624e-14
-1.00018e-09
-1.26107e-13
-4.47237e-14
-1.00024e-09
-9.17981e-14
-4.44024e-14
-1.00028e-09
-4.83454e-14
-4.41061e-14
-1.00032e-09
-4.38382e-14
-1.00033e-09
-1.47293e-13
-1.0002e-09
-1.25486e-13
-1.00025e-09
-9.12858e-14
-1.0003e-09
-4.80684e-14
-1.00033e-09
-1.00035e-09
-2.0625e-13
-1.89236e-13
-1.00008e-09
-1.75378e-13
-1.8701e-13
-1.00015e-09
-1.27485e-13
-1.85296e-13
-1.00022e-09
-6.71093e-14
-1.84148e-13
-1.00026e-09
-1.83155e-13
-1.00029e-09
-2.04022e-13
-1.60567e-13
-1.00015e-09
-1.73676e-13
-1.58863e-13
-1.00022e-09
-1.26355e-13
-1.57475e-13
-1.00028e-09
-6.65609e-14
-1.5649e-13
-1.00033e-09
-1.55562e-13
-1.00036e-09
-2.02304e-13
-1.16587e-13
-1.00021e-09
-1.72289e-13
-1.15367e-13
-1.00028e-09
-1.25381e-13
-1.14359e-13
-1.00034e-09
-6.60098e-14
-1.13557e-13
-1.00039e-09
-1.12848e-13
-1.00041e-09
-2.01064e-13
-6.13301e-14
-1.00025e-09
-1.7127e-13
-6.06976e-14
-1.00032e-09
-1.24578e-13
-6.01287e-14
-1.00038e-09
-6.55709e-14
-5.96862e-14
-1.00043e-09
-5.93696e-14
-1.00045e-09
-1.99949e-13
-1.00027e-09
-1.70291e-13
-1.00034e-09
-1.2384e-13
-1.0004e-09
-6.52414e-14
-1.00045e-09
-1.00047e-09
-2.80447e-13
-2.57109e-13
-1.0001e-09
-2.38589e-13
-2.53961e-13
-1.00021e-09
-1.7357e-13
-2.51496e-13
-1.0003e-09
-9.14357e-14
-2.49715e-13
-1.00036e-09
-2.48115e-13
-1.00039e-09
-2.77297e-13
-2.18161e-13
-1.0002e-09
-2.36135e-13
-2.1566e-13
-1.0003e-09
-1.71813e-13
-2.13559e-13
-1.00039e-09
-9.04414e-14
-2.11948e-13
-1.00045e-09
-2.1056e-13
-1.00048e-09
-2.74781e-13
-1.58354e-13
-1.00028e-09
-2.34035e-13
-1.56511e-13
-1.00038e-09
-1.70216e-13
-1.54894e-13
-1.00046e-09
-8.95658e-14
-1.53672e-13
-1.00053e-09
-1.52732e-13
-1.00056e-09
-2.72911e-13
-8.3243e-14
-1.00034e-09
-2.32402e-13
-8.22618e-14
-1.00044e-09
-1.68993e-13
-8.13854e-14
-1.00052e-09
-8.89931e-14
-8.08079e-14
-1.00058e-09
-8.0331e-14
-1.00061e-09
-2.71272e-13
-1.00037e-09
-2.30967e-13
-1.00047e-09
-1.68013e-13
-1.00055e-09
-8.84978e-14
-1.00061e-09
-1.00064e-09
-3.81732e-13
-3.49539e-13
-1.00014e-09
-3.24837e-13
-3.44789e-13
-1.00028e-09
-2.36282e-13
-3.40967e-13
-1.0004e-09
-1.24413e-13
-3.38134e-13
-1.00049e-09
-3.35759e-13
-1.00054e-09
-3.7698e-13
-2.96439e-13
-1.00027e-09
-3.21023e-13
-2.92547e-13
-1.00041e-09
-2.3348e-13
-2.89221e-13
-1.00053e-09
-1.22864e-13
-2.86744e-13
-1.00061e-09
-2.84802e-13
-1.00066e-09
-3.73076e-13
-2.15021e-13
-1.00038e-09
-3.17696e-13
-2.12124e-13
-1.00051e-09
-2.31023e-13
-2.09629e-13
-1.00063e-09
-1.21619e-13
-2.07876e-13
-1.00071e-09
-2.06501e-13
-1.00076e-09
-3.70145e-13
-1.12963e-13
-1.00046e-09
-3.15178e-13
-1.11437e-13
-1.00059e-09
-2.29268e-13
-1.1018e-13
-1.00071e-09
-1.20742e-13
-1.09293e-13
-1.00079e-09
-1.08544e-13
-1.00083e-09
-3.67721e-13
-1.0005e-09
-3.13158e-13
-1.00063e-09
-2.27834e-13
-1.00074e-09
-1.19968e-13
-1.00083e-09
-1.00087e-09
-5.19449e-13
-4.74826e-13
-1.0002e-09
-4.42169e-13
-4.6765e-13
-1.00039e-09
-3.21548e-13
-4.61726e-13
-1.00055e-09
-1.69278e-13
-4.57406e-13
-1.00067e-09
-4.54035e-13
-1.00073e-09
-5.1227e-13
-4.02503e-13
-1.00037e-09
-4.36246e-13
-3.96427e-13
-1.00056e-09
-3.17268e-13
-3.91285e-13
-1.00072e-09
-1.67033e-13
-3.87596e-13
-1.00083e-09
-3.84756e-13
-1.00089e-09
-5.06187e-13
-2.91754e-13
-1.00052e-09
-4.31103e-13
-2.87248e-13
-1.0007e-09
-3.13606e-13
-2.835e-13
-1.00086e-09
-1.65139e-13
-2.80825e-13
-1.00097e-09
-2.78727e-13
-1.00103e-09
-5.01635e-13
-1.53168e-13
-1.00062e-09
-4.2732e-13
-1.50862e-13
-1.0008e-09
-3.10927e-13
-1.48963e-13
-1.00096e-09
-1.63716e-13
-1.47527e-13
-1.00107e-09
-1.46436e-13
-1.00113e-09
-4.98105e-13
-1.00068e-09
-4.24381e-13
-1.00086e-09
-3.08745e-13
-1.00101e-09
-1.62587e-13
-1.00112e-09
-1.00118e-09
-7.06612e-13
-6.44586e-13
-1.00027e-09
-6.01844e-13
-6.33791e-13
-1.00053e-09
-4.37787e-13
-6.24706e-13
-1.00075e-09
-2.3054e-13
-6.18118e-13
-1.00091e-09
-6.13166e-13
-1.001e-09
-6.95811e-13
-5.46005e-13
-1.0005e-09
-5.92753e-13
-5.36622e-13
-1.00076e-09
-4.31253e-13
-5.28779e-13
-1.00097e-09
-2.2712e-13
-5.23126e-13
-1.00113e-09
-5.18865e-13
-1.00121e-09
-6.86426e-13
-3.95367e-13
-1.0007e-09
-5.84904e-13
-3.88496e-13
-1.00095e-09
-4.25637e-13
-3.82773e-13
-1.00116e-09
-2.24145e-13
-3.7858e-13
-1.00132e-09
-3.75488e-13
-1.0014e-09
-6.79494e-13
-2.0741e-13
-1.00084e-09
-5.79128e-13
-2.03925e-13
-1.00109e-09
-4.21436e-13
-2.00935e-13
-1.0013e-09
-2.21968e-13
-1.98724e-13
-1.00145e-09
-1.97135e-13
-1.00153e-09
-6.74344e-13
-1.00092e-09
-5.74716e-13
-1.00116e-09
-4.18207e-13
-1.00137e-09
-2.20325e-13
-1.00152e-09
-1.0016e-09
-9.61614e-13
-8.74988e-13
-1.00037e-09
-8.19461e-13
-8.58396e-13
-1.00072e-09
-5.96417e-13
-8.44412e-13
-1.00102e-09
-3.1414e-13
-8.34206e-13
-1.00124e-09
-8.26819e-13
-1.00136e-09
-9.4501e-13
-7.39937e-13
-1.00068e-09
-8.05472e-13
-7.25506e-13
-1.00103e-09
-5.86287e-13
-7.13439e-13
-1.00132e-09
-3.08836e-13
-7.04662e-13
-1.00154e-09
-6.9838e-13
-1.00165e-09
-9.30568e-13
-5.35062e-13
-1.00095e-09
-7.93392e-13
-5.24545e-13
-1.00129e-09
-5.77561e-13
-5.1565e-13
-1.00157e-09
-3.04304e-13
-5.09188e-13
-1.00178e-09
-5.04638e-13
-1.0019e-09
-9.19964e-13
-2.8062e-13
-1.00114e-09
-7.84417e-13
-2.75119e-13
-1.00147e-09
-5.71086e-13
-2.70407e-13
-1.00175e-09
-3.0099e-13
-2.67051e-13
-1.00196e-09
-2.64684e-13
-1.00207e-09
-9.12191e-13
-1.00124e-09
-7.77761e-13
-1.00157e-09
-5.66336e-13
-1.00185e-09
-2.98541e-13
-1.00205e-09
-1.00216e-09
-1.30872e-12
-1.18677e-12
-1.0005e-09
-1.11598e-12
-1.16133e-12
-1.00098e-09
-8.12826e-13
-1.13989e-12
-1.0014e-09
-4.28281e-13
-1.12415e-12
-1.0017e-09
-1.11319e-12
-1.00186e-09
-1.28326e-12
-1.00143e-12
-1.00093e-09
-1.09454e-12
-9.79226e-13
-1.0014e-09
-7.972e-13
-9.60577e-13
-1.0018e-09
-4.20168e-13
-9.47087e-13
-1.00209e-09
-9.37814e-13
-1.00225e-09
-1.26102e-12
-7.23094e-13
-1.00129e-09
-1.07587e-12
-7.06667e-13
-1.00174e-09
-7.83783e-13
-6.92825e-13
-1.00213e-09
-4.13269e-13
-6.8289e-13
-1.00242e-09
-6.7607e-13
-1.00257e-09
-1.24445e-12
-3.791e-13
-1.00155e-09
-1.0619e-12
-3.70247e-13
-1.00199e-09
-7.7382e-13
-3.62924e-13
-1.00237e-09
-4.08115e-13
-3.57733e-13
-1.00265e-09
-3.54159e-13
-1.0028e-09
-1.23248e-12
-1.00168e-09
-1.05192e-12
-1.00212e-09
-7.66718e-13
-1.0025e-09
-4.04414e-13
-1.00277e-09
-1.00292e-09
-1.78135e-12
-1.60785e-12
-1.00069e-09
-1.52032e-12
-1.56897e-12
-1.00135e-09
-1.10828e-12
-1.5361e-12
-1.00191e-09
-5.84335e-13
-1.512e-12
-1.00232e-09
-1.49571e-12
-1.00254e-09
-1.74243e-12
-1.35303e-12
-1.00127e-09
-1.48749e-12
-1.31861e-12
-1.0019e-09
-1.08437e-12
-1.28987e-12
-1.00245e-09
-5.71923e-13
-1.26922e-12
-1.00285e-09
-1.25541e-12
-1.00306e-09
-1.70791e-12
-9.75098e-13
-1.00175e-09
-1.45872e-12
-9.49168e-13
-1.00236e-09
-1.06385e-12
-9.2764e-13
-1.00289e-09
-5.61333e-13
-9.12193e-13
-1.00328e-09
-9.01952e-13
-1.00349e-09
-1.68175e-12
-5.10707e-13
-1.00209e-09
-1.43698e-12
-4.96693e-13
-1.00269e-09
-1.04833e-12
-4.85293e-13
-1.0032e-09
-5.53307e-13
-4.77153e-13
-1.00358e-09
-4.7181e-13
-1.00378e-09
-1.66345e-12
-1.00227e-09
-1.42191e-12
-1.00286e-09
-1.03757e-12
-1.00337e-09
-5.47761e-13
-1.00374e-09
-1.00394e-09
-2.42564e-12
-2.17567e-12
-1.00096e-09
-2.07232e-12
-2.11582e-12
-1.00185e-09
-1.51211e-12
-2.06549e-12
-1.00262e-09
-7.97863e-13
-2.02867e-12
-1.00318e-09
-2.00441e-12
-1.00349e-09
-2.36576e-12
-1.82363e-12
-1.00173e-09
-2.02205e-12
-1.76993e-12
-1.00259e-09
-1.47563e-12
-1.72584e-12
-1.00334e-09
-7.78875e-13
-1.69433e-12
-1.00388e-09
-1.67408e-12
-1.00417e-09
-2.31195e-12
-1.31083e-12
-1.00237e-09
-1.9779e-12
-1.26966e-12
-1.0032e-09
-1.44435e-12
-1.23594e-12
-1.00392e-09
-7.62994e-13
-1.2117e-12
-1.00444e-09
-1.19634e-12
-1.00473e-09
-2.27039e-12
-6.85963e-13
-1.00282e-09
-1.94376e-12
-6.63612e-13
-1.00362e-09
-1.41994e-12
-6.45719e-13
-1.00432e-09
-7.50492e-13
-6.33045e-13
-1.00483e-09
-6.253e-13
-1.00511e-09
-2.24215e-12
-1.00306e-09
-1.92079e-12
-1.00384e-09
-1.40368e-12
-1.00453e-09
-7.42412e-13
-1.00503e-09
-1.00531e-09
-3.30339e-12
-2.93821e-12
-1.00134e-09
-2.82605e-12
-2.84567e-12
-1.00256e-09
-2.06469e-12
-2.76937e-12
-1.00361e-09
-1.09044e-12
-2.71313e-12
-1.00438e-09
-2.67722e-12
-1.00479e-09
-3.21099e-12
-2.44926e-12
-1.00238e-09
-2.74973e-12
-2.36492e-12
-1.00354e-09
-2.00907e-12
-2.29797e-12
-1.00455e-09
-1.06159e-12
-2.2507e-12
-1.00529e-09
-2.22244e-12
-1.00569e-09
-3.12671e-12
-1.75475e-12
-1.00321e-09
-2.68271e-12
-1.68827e-12
-1.00432e-09
-1.9625e-12
-1.63497e-12
-1.0053e-09
-1.03931e-12
-1.59613e-12
-1.00602e-09
-1.57263e-12
-1.00642e-09
-3.05962e-12
-9.18659e-13
-1.0038e-09
-2.62837e-12
-8.81878e-13
-1.00486e-09
-1.92314e-12
-8.54125e-13
-1.0058e-09
-1.01922e-12
-8.34551e-13
-1.0065e-09
-8.24142e-13
-1.00687e-09
-3.01477e-12
-1.00412e-09
-2.5935e-12
-1.00515e-09
-1.89884e-12
-1.00608e-09
-1.00828e-12
-1.00676e-09
-1.00714e-09
-4.49753e-12
-3.95658e-12
-1.00192e-09
-3.85584e-12
-3.81126e-12
-1.00355e-09
-2.82142e-12
-3.69809e-12
-1.00499e-09
-1.49178e-12
-3.61208e-12
-1.00605e-09
-3.55956e-12
-1.00662e-09
-4.35331e-12
-3.27337e-12
-1.00328e-09
-3.74193e-12
-3.13839e-12
-1.00482e-09
-2.73656e-12
-3.04013e-12
-1.00621e-09
-1.44809e-12
-2.97245e-12
-1.00722e-09
-2.93847e-12
-1.00775e-09
-4.21949e-12
-2.33497e-12
-1.00436e-09
-3.64364e-12
-2.22447e-12
-1.00581e-09
-2.67161e-12
-2.1388e-12
-1.00717e-09
-1.42283e-12
-2.07171e-12
-1.00817e-09
-2.03246e-12
-1.00874e-09
-4.10814e-12
-1.22742e-12
-1.00511e-09
-3.55486e-12
-1.16408e-12
-1.00647e-09
-2.60322e-12
-1.12323e-12
-1.00777e-09
-1.38688e-12
-1.09318e-12
-1.00869e-09
-1.08329e-12
-1.00921e-09
-4.03393e-12
-1.00555e-09
-3.50377e-12
-1.00684e-09
-2.568e-12
-1.00814e-09
-1.37655e-12
-1.00904e-09
-1.0096e-09
-6.11414e-12
-5.30632e-12
-1.00284e-09
-5.26463e-12
-5.06693e-12
-1.00498e-09
-3.85707e-12
-4.90851e-12
-1.00696e-09
-2.04428e-12
-4.77419e-12
-1.0084e-09
-4.69507e-12
-1.0092e-09
-5.88018e-12
-4.34524e-12
-1.00461e-09
-5.10101e-12
-4.11962e-12
-1.00655e-09
-3.72481e-12
-3.99029e-12
-1.0085e-09
-1.97352e-12
-3.90495e-12
-1.00984e-09
-3.88785e-12
-1.01054e-09
-5.65972e-12
-3.07896e-12
-1.006e-09
-4.9715e-12
-2.8869e-12
-1.00773e-09
-3.65257e-12
-2.7423e-12
-1.00974e-09
-1.97434e-12
-2.60731e-12
-1.01115e-09
-2.53341e-12
-1.01207e-09
-5.46688e-12
-1.64309e-12
-1.00691e-09
-4.81667e-12
-1.52348e-12
-1.00849e-09
-3.51093e-12
-1.47522e-12
-1.01034e-09
-1.88953e-12
-1.42831e-12
-1.01149e-09
-1.43709e-12
-1.0122e-09
-5.3319e-12
-1.00756e-09
-4.75267e-12
-1.00894e-09
-3.46552e-12
-1.0109e-09
-1.90383e-12
-1.01203e-09
-1.01294e-09
-8.25767e-12
-7.07649e-12
-1.00449e-09
-7.19867e-12
-6.63574e-12
-1.00702e-09
-5.269e-12
-6.45406e-12
-1.00983e-09
-2.81903e-12
-6.21976e-12
-1.01174e-09
-6.06995e-12
-1.01301e-09
-7.83633e-12
-5.7249e-12
-1.00675e-09
-6.98552e-12
-5.30359e-12
-1.00873e-09
-5.03904e-12
-5.20057e-12
-1.0117e-09
-2.66293e-12
-5.12805e-12
-1.0133e-09
-5.21575e-12
-1.01405e-09
-7.44159e-12
-3.99508e-12
-1.00859e-09
-6.87816e-12
-3.64515e-12
-1.00995e-09
-5.04219e-12
-3.39122e-12
-1.01338e-09
-2.83772e-12
-3.09795e-12
-1.01538e-09
-2.9744e-12
-1.01715e-09
-7.09608e-12
-2.23501e-12
-1.00953e-09
-6.56166e-12
-1.96372e-12
-1.0107e-09
-4.65786e-12
-1.96709e-12
-1.01367e-09
-2.5624e-12
-1.8705e-12
-1.01481e-09
-1.95857e-12
-1.01577e-09
-6.82273e-12
-1.01072e-09
-6.5364e-12
-1.01119e-09
-4.61807e-12
-1.01479e-09
-2.71184e-12
-1.01581e-09
-1.01761e-09
-1.09028e-11
-9.37219e-12
-1.00799e-09
-9.88671e-12
-8.37961e-12
-1.00975e-09
-7.16094e-12
-8.35771e-12
-1.01414e-09
-4.00444e-12
-7.85798e-12
-1.01636e-09
-7.60508e-12
-1.019e-09
-1.01319e-11
-7.54328e-12
-1.01062e-09
-9.66864e-12
-6.55154e-12
-1.01102e-09
-6.63709e-12
-6.77395e-12
-1.01632e-09
-3.43263e-12
-6.73287e-12
-1.01763e-09
-7.14515e-12
-1.01795e-09
-9.45291e-12
-5.0178e-12
-1.01342e-09
-9.84421e-12
-4.39913e-12
-1.01171e-09
-7.0575e-12
-4.00258e-12
-1.01894e-09
-4.36754e-12
-3.35796e-12
-1.02145e-09
-3.22964e-12
-1.02544e-09
-8.85812e-12
-3.18513e-12
-1.01357e-09
-9.02666e-12
-2.42823e-12
-1.0125e-09
-5.91108e-12
-2.75432e-12
-1.01804e-09
-3.43422e-12
-2.38505e-12
-1.01826e-09
-2.75268e-12
-1.01968e-09
-8.31742e-12
-1.01632e-09
-9.2531e-12
-1.01269e-09
-6.0269e-12
-1.02077e-09
-4.07869e-12
-1.02014e-09
-1.02444e-09
-1.3824e-11
-1.22746e-11
-1.01648e-09
-1.36895e-11
-9.7567e-12
-1.0128e-09
-9.50924e-12
-1.06671e-11
-1.02109e-09
-6.18581e-12
-9.54765e-12
-1.02181e-09
-9.37487e-12
-1.02922e-09
-1.27624e-11
-1.01144e-11
-1.01771e-09
-1.35191e-11
-7.36247e-12
-1.01266e-09
-8.20109e-12
-8.85806e-12
-1.02345e-09
-3.88719e-12
-8.63729e-12
-1.02286e-09
-9.96656e-12
-1.02124e-09
-1.15829e-11
-5.98568e-12
-1.0233e-09
-1.46935e-11
-5.09573e-12
-1.01087e-09
-1.02384e-11
-4.52705e-12
-1.02773e-09
-7.37698e-12
-2.99762e-12
-1.02995e-09
-3.0708e-12
-1.03971e-09
-1.07273e-11
-4.89943e-12
-1.01974e-09
-1.24072e-11
-2.6714e-12
-1.01325e-09
-7.18248e-12
-4.19349e-12
-1.02359e-09
-4.48103e-12
-2.72103e-12
-1.02124e-09
-4.03601e-12
-1.0232e-09
-9.5209e-12
-1.02691e-09
-1.33422e-11
-1.01154e-09
-7.99209e-12
-1.03031e-09
-6.54305e-12
-1.02431e-09
-1.03502e-09
-1.64681e-11
-1.5812e-11
-1.03801e-09
-1.86565e-11
-9.7359e-12
-1.01529e-09
-1.26183e-11
-1.34487e-11
-1.03314e-09
-1.08452e-11
-1.11021e-11
-1.0261e-09
-1.13179e-11
-1.04813e-09
-1.59727e-11
-1.35463e-11
-1.0304e-09
-1.87618e-11
-6.60389e-12
-1.013e-09
-9.53262e-12
-1.13321e-11
-1.03479e-09
-3.16251e-12
-1.07564e-11
-1.02957e-09
-1.43009e-11
-1.02142e-09
-1.3375e-11
-6.60287e-12
-1.04346e-09
-2.25459e-11
-5.95691e-12
-1.00234e-09
-1.63728e-11
-4.73451e-12
-1.0405e-09
-1.36735e-11
-1.26307e-12
-1.04214e-09
-2.10368e-12
-1.06558e-09
-1.28473e-11
-8.25106e-12
-1.02865e-09
-1.65585e-11
-2.12861e-12
-1.01336e-09
-8.47271e-12
-7.08314e-12
-1.02933e-09
-5.24096e-12
-2.20032e-12
-1.02354e-09
-6.38513e-12
-1.02416e-09
-9.61416e-12
-1.04749e-09
-1.92571e-11
-1.00402e-09
-1.10624e-11
-1.04559e-09
-1.12039e-11
-1.02637e-09
-1.05261e-09
-1.71078e-11
-1.93585e-11
-1.09463e-09
-2.27864e-11
-2.44868e-12
-1.02039e-09
-1.71439e-11
-1.56997e-11
-1.05426e-09
-2.17415e-11
-1.24043e-11
-1.02259e-09
-1.32023e-11
-1.08702e-09
-2.08512e-11
-1.65251e-11
-1.05296e-09
-2.59014e-11
-2.88579e-12
-1.00751e-09
-9.8821e-12
-1.25047e-11
-1.05401e-09
1.8832e-12
-1.37018e-11
-1.04004e-09
-2.14793e-11
-1.01126e-09
-1.33165e-11
-6.12375e-12
-1.08291e-09
-3.53021e-11
-7.20191e-12
-9.76041e-10
-2.97485e-11
-3.81276e-12
-1.05474e-09
-2.73802e-11
4.80132e-12
-1.06301e-09
5.61151e-13
-1.115e-09
-1.58397e-11
-1.52793e-11
-1.04064e-09
-2.06926e-11
-1.23032e-13
-1.01559e-09
-9.30003e-12
-1.33243e-11
-1.03121e-09
-4.27401e-12
1.35667e-12
-1.02512e-09
-1.12588e-11
-1.01661e-09
-6.61657e-12
-1.08845e-09
-2.73789e-11
-9.83382e-10
-1.64481e-11
-1.06984e-09
-2.12929e-11
-1.02017e-09
-1.08516e-09
-1.50663e-11
-1.66318e-11
-1.24508e-09
-2.21905e-11
2.32007e-11
-1.04265e-09
-2.23354e-11
-1.09169e-11
-1.10023e-09
-5.40659e-11
-1.09495e-11
-9.91598e-10
-1.44267e-11
-1.18826e-09
-3.24948e-11
-1.20017e-11
-1.08933e-09
-4.25646e-11
1.03038e-11
-9.84546e-10
-8.15601e-12
-1.24502e-12
-1.09809e-09
1.56652e-11
-2.18291e-11
-1.05298e-09
-3.54977e-11
-9.74525e-10
-9.97818e-12
-3.47972e-12
-1.15177e-09
-6.12253e-11
-1.00337e-11
-9.04456e-10
-6.69062e-11
2.26409e-12
-1.05257e-09
-6.62367e-11
2.67387e-11
-1.11225e-09
1.61517e-11
-1.23289e-09
-2.19494e-11
-3.15461e-11
-1.05554e-09
-2.46951e-11
7.35537e-12
-1.03023e-09
-1.03563e-11
-2.54631e-11
-1.01782e-09
-3.03948e-13
1.35489e-11
-1.02198e-09
-2.76334e-11
-9.73133e-10
8.6121e-12
-1.17676e-09
-3.7921e-11
-9.29494e-10
-3.094e-11
-1.10229e-09
-5.58825e-11
-9.8168e-10
-1.16868e-09
3.03172e-11
-6.8077e-11
-1.47008e-09
2.46372e-11
4.1937e-11
-1.06079e-09
-2.54488e-11
-3.94832e-11
-1.07775e-09
-6.88854e-11
1.98949e-11
-9.17978e-10
-9.47271e-12
-1.27604e-09
6.10928e-12
-3.97805e-12
-1.25045e-09
1.32474e-12
-9.89089e-12
-9.27933e-10
2.21093e-12
-3.17544e-11
-1.1067e-09
5.62499e-11
-2.45494e-11
-1.06258e-09
-4.77631e-11
-8.79985e-10
4.06354e-11
1.27568e-11
-1.28012e-09
-2.75579e-11
-5.13987e-11
-7.94755e-10
-6.39415e-11
-3.11348e-11
-1.01681e-09
-6.38004e-11
6.72114e-12
-1.14366e-09
-6.87988e-12
-1.33757e-09
-2.27627e-11
-5.11406e-11
-1.0474e-09
8.17392e-12
-1.6116e-12
-1.11096e-09
1.3852e-11
-8.64519e-11
-9.68184e-10
1.63337e-11
9.55728e-12
-1.0273e-09
-2.61111e-11
-9.37568e-10
4.45687e-11
-1.2999e-09
-2.63128e-11
-8.60224e-10
1.02436e-12
-1.21608e-09
-1.25492e-11
-9.5855e-10
-1.20734e-09
6.90086e-11
1.83757e-10
-2.67785e-09
9.66108e-11
3.31603e-10
-1.30569e-09
-4.71006e-11
9.67022e-11
-1.26701e-09
-4.08955e-10
-5.36078e-11
-4.6941e-10
-1.98345e-11
-2.04277e-09
-1.80125e-10
8.91591e-11
-1.16684e-09
-2.3831e-10
1.82038e-10
-7.20184e-10
4.75539e-11
2.00677e-10
-1.49654e-09
2.0109e-10
-1.24872e-10
-1.14485e-09
-8.28824e-11
-6.15847e-10
4.71281e-11
-1.01092e-11
-1.53171e-09
-2.77955e-10
-1.77898e-11
-2.69844e-10
-4.80349e-10
1.20056e-10
-7.33793e-10
-4.3076e-10
2.63363e-10
-1.58148e-09
1.82794e-10
-2.03401e-09
-1.26847e-10
-2.04212e-10
-1.08339e-09
-3.04918e-11
1.53234e-10
-1.37834e-09
8.93415e-13
-9.35023e-11
-7.86011e-10
9.97393e-11
2.3517e-10
-1.09795e-09
-1.9339e-10
-4.61645e-10
1.77973e-10
-1.9268e-09
-5.58498e-11
-4.73166e-10
-1.94487e-10
-1.17094e-09
-4.47353e-10
-4.70514e-10
-1.84808e-09
9.12094e-11
-5.70308e-10
-2.51964e-09
1.74479e-10
1.1323e-11
-1.3561e-09
9.2106e-12
-1.82686e-10
-9.21388e-10
4.87e-11
3.05518e-10
-3.33238e-10
2.17885e-11
-1.74026e-09
4.59607e-10
1.9615e-10
-2.71348e-09
3.60236e-10
-1.77354e-10
-4.32137e-10
2.70065e-12
-2.32399e-10
-1.08929e-09
1.14785e-10
-1.23857e-11
-9.39033e-10
-1.02522e-10
-3.76751e-10
2.46871e-10
2.86747e-10
-1.80937e-09
1.93752e-10
-3.22704e-10
-7.1376e-11
1.62898e-10
-2.68091e-10
-6.67246e-10
1.07658e-10
-2.03972e-10
-1.33466e-09
-1.96498e-10
-1.83237e-09
6.4239e-13
9.46657e-12
-8.47456e-10
2.07279e-10
-6.6349e-11
-1.84133e-09
8.80947e-11
-4.71966e-10
-4.62951e-10
-5.48662e-11
-1.70895e-10
-9.88065e-10
1.49358e-10
-8.62367e-10
2.70043e-10
-1.74331e-09
-8.18122e-11
-1.8766e-10
3.33876e-10
-2.05859e-09
4.79491e-10
-7.87024e-10
-1.21923e-09
1.21773e-10
4.78344e-10
-3.19774e-09
1.72405e-11
4.46601e-11
-1.18088e-09
1.5607e-12
5.75383e-12
-9.11568e-10
-4.74224e-11
-3.48143e-11
-1.81052e-10
3.61017e-12
-1.82352e-09
-7.21815e-11
1.24956e-10
-2.26695e-09
-7.98951e-12
1.10905e-14
-4.5168e-10
2.69519e-11
3.8831e-11
-1.15731e-09
4.72336e-11
-3.97806e-11
-9.54348e-10
-5.66227e-12
-3.20245e-10
1.41946e-11
-3.87922e-11
-1.70502e-09
-2.13704e-11
3.33307e-12
-3.9133e-11
-7.28017e-11
1.20567e-11
-5.8904e-10
-4.04969e-11
4.46257e-11
-1.45137e-09
6.38002e-11
-1.94233e-09
-1.50703e-11
-7.83565e-11
-8.10911e-10
3.14297e-12
2.41599e-11
-1.88037e-09
4.6555e-12
-1.15342e-11
-4.40873e-10
6.48444e-11
9.60998e-11
-1.09973e-09
-4.92709e-12
-7.28795e-10
1.66241e-11
-2.52368e-09
1.30526e-12
-1.48182e-10
-1.90991e-11
-2.04972e-09
-5.24428e-11
-6.57581e-10
-1.2766e-09
3.80715e-12
-3.19529e-11
-3.8067e-09
2.36451e-10
-2.14987e-11
-1.23377e-09
1.53652e-10
1.17431e-10
-6.10708e-10
3.46253e-11
-6.0607e-11
-1.68326e-11
-2.43867e-10
-1.37603e-09
-1.58322e-11
8.68404e-11
-2.46042e-09
-2.38913e-11
-5.25589e-11
-4.1256e-10
-2.1069e-11
7.98678e-11
-1.12257e-09
-2.77554e-10
-4.72e-11
-7.1127e-10
4.32343e-11
-8.84901e-10
-1.9409e-10
2.00846e-10
-1.80853e-09
4.86078e-11
1.16253e-10
-4.50643e-10
-1.84507e-10
-3.4025e-11
-2.42033e-10
-5.79417e-10
-3.99398e-11
-1.06372e-09
-8.48648e-12
-2.47003e-09
-5.50784e-11
6.9869e-10
-1.08156e-09
-4.50827e-11
1.3248e-10
-1.90659e-09
-1.79496e-11
2.39127e-11
-5.25944e-10
-1.77268e-10
-1.26904e-10
-8.53445e-10
-3.96897e-11
-8.7486e-10
-3.40838e-10
-1.77683e-09
-1.20884e-10
-2.35656e-10
-1.2957e-10
-2.01712e-09
-1.79373e-10
-7.34683e-10
-1.49566e-09
-2.97523e-11
-4.49566e-10
-3.87788e-09
1.51823e-10
-1.93635e-10
-1.44202e-09
-1.52053e-12
-3.83328e-11
-2.1314e-11
-2.47509e-13
1.16687e-11
-1.61122e-10
-1.43174e-10
-9.93611e-10
-2.62684e-11
-2.48466e-10
-2.57991e-09
3.07978e-11
7.8577e-11
-7.41839e-10
-1.35799e-10
-9.2406e-12
-9.85066e-10
-2.51792e-10
6.78157e-11
-6.51424e-10
1.5291e-10
-1.43278e-09
9.6186e-11
4.66863e-10
-2.62343e-09
1.18302e-10
2.28491e-10
-6.22673e-10
-2.1075e-11
-4.90238e-12
-1.06994e-10
-4.0453e-10
-6.10302e-11
-5.51419e-10
1.83755e-10
-2.9054e-09
-2.65867e-10
5.01112e-10
-5.82964e-10
-4.6617e-10
2.46463e-11
-1.50244e-09
3.98192e-11
3.63123e-10
-1.39996e-09
-3.06224e-10
-1.32238e-10
-4.36194e-10
3.46803e-10
-1.34413e-09
-2.37442e-10
-1.67732e-10
-2.94623e-10
-1.53828e-10
-4.95823e-10
-1.4528e-09
1.34193e-11
-1.37616e-09
-1.13544e-09
2.8676e-10
7.61139e-10
-2.79874e-09
-3.08319e-10
1.0358e-10
-6.9693e-10
1.8374e-11
9.80615e-11
-9.31171e-10
-1.87449e-11
1.20495e-10
-4.33303e-10
-9.36516e-11
-1.39565e-09
-3.8929e-10
-3.46978e-10
-4.87242e-10
-3.05906e-10
2.02386e-11
-7.41882e-10
-3.25236e-10
-1.32806e-10
-7.34868e-10
-4.37017e-10
6.75101e-11
-4.86659e-10
4.25358e-10
-2.3888e-09
2.46023e-11
-3.77913e-11
-2.76708e-09
-1.51793e-10
-5.43216e-11
-3.71719e-10
2.90915e-11
5.21849e-10
-9.42534e-10
-6.62947e-11
1.2928e-10
-5.17803e-10
5.78551e-10
-3.12489e-09
-5.75982e-12
-7.9509e-13
-5.3672e-10
-1.76365e-11
6.0026e-12
-1.55089e-09
1.69593e-10
6.296e-10
-1.69494e-09
-6.52356e-11
2.41627e-10
-3.13713e-10
6.3417e-10
-1.46499e-09
3.01273e-12
-2.68109e-11
2.46998e-13
-1.4506e-10
-3.35368e-11
-7.89419e-10
1.35318e-11
-1.1816e-09
-4.8774e-10
-4.50642e-10
-5.30832e-11
-8.2858e-10
-8.46306e-10
1.39098e-11
-2.71992e-10
-3.50982e-10
-3.11546e-10
-1.92406e-09
-1.65665e-10
5.3009e-11
-5.82407e-10
1.18203e-09
-2.92189e-09
-2.07522e-13
2.50752e-11
-4.2874e-10
-9.7702e-11
-6.12626e-11
-5.69215e-10
-5.85624e-11
-3.57163e-10
-7.28391e-10
-4.36243e-11
-1.54036e-11
-4.33184e-10
6.8944e-10
-1.93984e-09
-3.2045e-10
-9.20892e-10
-1.02024e-09
-2.15038e-10
-3.36395e-11
-5.04754e-10
-1.79924e-11
-2.78051e-10
-1.21869e-09
3.86868e-10
8.22953e-11
-1.02036e-09
-2.9365e-10
-1.75493e-09
-4.90428e-10
-1.27909e-10
-3.86853e-10
-5.07992e-10
6.81617e-11
-1.63513e-09
3.08124e-11
1.0083e-10
-2.61263e-09
-2.31106e-10
1.88851e-10
-1.58351e-10
3.27188e-10
-2.31693e-09
3.07648e-11
-2.2782e-11
7.00878e-11
-1.16221e-10
3.88772e-10
-1.00727e-09
1.4181e-10
-7.45791e-10
-1.87425e-11
1.48635e-12
1.15813e-10
-1.182e-09
1.49791e-10
-3.35059e-11
-3.92631e-10
-3.50967e-11
4.65912e-11
-1.26868e-09
-3.51338e-10
-8.86417e-11
-5.13003e-11
7.05023e-10
-3.50003e-09
1.54182e-10
3.54395e-10
-1.09243e-09
4.18393e-11
1.09777e-12
-4.91476e-10
-4.27768e-11
-1.01368e-10
-4.95816e-10
1.37229e-10
1.32247e-10
-8.34079e-10
-7.11831e-12
-1.09047e-09
-3.09508e-10
-1.05312e-11
-3.78232e-11
-1.67424e-10
2.03841e-10
-8.49582e-10
5.32003e-11
5.16672e-11
-1.59235e-09
7.29138e-11
1.75661e-10
-1.08349e-09
-7.08317e-10
-9.80821e-10
5.45108e-11
-2.74172e-12
-5.0203e-10
-4.53798e-10
-2.19384e-11
-9.01041e-10
-2.10879e-10
-4.40373e-11
-2.75984e-09
3.736e-10
8.12607e-11
-6.48431e-10
-1.01726e-09
-1.63438e-09
4.56374e-12
-2.9376e-11
2.23707e-11
-1.55966e-10
1.70253e-10
-1.19919e-09
-1.16298e-10
-3.77979e-10
-1.1523e-09
2.4651e-10
5.78929e-10
-2.96548e-09
2.16478e-10
2.71993e-11
-4.48232e-10
-5.04756e-12
-5.71386e-11
-5.36794e-10
-4.35367e-11
4.06826e-11
-5.26779e-11
2.91585e-10
-3.95348e-09
-8.84277e-11
2.98069e-10
-9.16544e-10
7.1635e-11
-2.22253e-12
-6.22117e-10
3.29447e-11
9.77866e-11
-6.12052e-10
1.3919e-10
-1.60706e-10
-7.38935e-10
2.15431e-10
-8.75123e-10
2.25892e-11
1.77303e-11
-5.24435e-11
3.85291e-10
5.7532e-11
-1.27204e-09
-5.53926e-11
4.64303e-10
-1.51818e-09
-3.14042e-10
-4.24007e-11
-9.43146e-10
5.49994e-10
-1.62943e-09
1.60959e-11
2.42163e-11
-7.26858e-10
3.31292e-10
1.12334e-10
-1.27104e-09
-2.12355e-11
7.42464e-11
-2.01726e-09
2.50051e-10
5.65387e-11
-1.01866e-09
-7.91761e-10
-4.25783e-11
3.29856e-11
-1.52413e-10
1.43211e-10
-1.53858e-10
-1.4548e-11
-9.67186e-10
4.54698e-10
-7.90687e-10
-1.48937e-09
2.96956e-10
3.64725e-10
-2.18833e-09
-1.45919e-10
1.06478e-10
-1.26798e-10
-4.75301e-11
3.43998e-10
-1.14012e-09
6.98588e-10
1.93635e-11
-1.10471e-09
1.49145e-10
-3.84071e-09
9.9126e-12
-7.77916e-11
-5.03311e-10
1.37949e-10
7.75424e-11
-7.21218e-10
6.59341e-11
1.73779e-10
-3.69818e-10
-1.24134e-12
-1.01118e-10
-5.51278e-10
5.81976e-11
-7.85418e-10
5.70968e-10
2.8936e-10
-1.3716e-09
5.49981e-10
1.45741e-10
-1.31925e-09
-6.28034e-12
9.61459e-11
-8.84289e-10
1.83551e-10
-3.26009e-10
-9.08086e-10
1.49629e-11
-1.40264e-09
4.46625e-11
9.78598e-11
-5.74599e-10
4.2389e-10
1.30892e-10
-1.63542e-09
-1.84949e-10
8.11458e-11
-1.39342e-09
8.86306e-12
-6.0473e-10
-9.33749e-10
1.16961e-12
-1.99218e-11
-1.67591e-12
-1.37071e-10
1.56264e-12
-2.62051e-11
-9.57622e-11
-7.88716e-10
1.88477e-10
-1.67966e-09
-1.29972e-09
-1.04331e-11
-1.85912e-10
-1.0532e-09
4.39702e-10
-2.03257e-12
-7.39851e-10
1.1786e-09
2.09285e-10
-1.93461e-09
2.03821e-09
-1.52782e-10
-1.78095e-09
-7.39012e-10
-9.68728e-10
-2.24e-11
-1.59828e-10
-5.43103e-10
8.60629e-12
2.35178e-10
-9.89435e-10
-7.58465e-11
-2.18933e-11
-5.4187e-11
7.06008e-11
2.06344e-10
-1.05685e-09
-2.44794e-10
-1.20903e-09
-7.787e-11
5.73659e-11
-2.21608e-09
-2.4647e-10
-1.62643e-10
-7.52829e-10
1.33004e-10
1.93363e-10
-1.47902e-09
-8.74499e-11
1.29883e-11
-4.94278e-10
1.20459e-11
-1.74693e-09
2.44298e-10
4.4749e-11
-7.92688e-10
2.13618e-10
-4.36943e-10
-1.33044e-09
-1.0909e-10
-1.81981e-10
-6.95366e-10
-8.02628e-11
-1.45665e-10
-8.03922e-10
3.08947e-11
-1.19033e-10
-1.01763e-11
-6.35859e-11
3.11335e-10
-7.8466e-10
1.22018e-10
-7.8138e-10
-3.48666e-10
-1.35464e-09
-1.61749e-09
-8.53525e-11
2.88023e-11
-1.3164e-09
5.55617e-10
4.75014e-11
-1.63291e-09
1.37129e-11
-5.67682e-11
-1.26082e-09
1.66096e-10
-1.92681e-10
-1.57631e-09
-4.19609e-10
-2.7155e-10
-1.71221e-10
-1.18947e-10
-3.40406e-10
-6.12634e-11
1.46509e-10
-1.1984e-09
-1.52083e-10
6.53939e-11
-8.553e-11
1.22991e-10
1.58961e-11
-1.5405e-09
6.67158e-11
-1.57237e-09
-1.14009e-10
-2.44014e-10
-2.13937e-09
-5.86531e-11
-6.86949e-11
-5.92981e-10
-1.82528e-10
4.90083e-11
-1.33876e-09
6.84013e-12
1.7582e-11
-6.85331e-10
3.02057e-10
-1.97543e-09
1.08807e-11
-6.09995e-11
-8.3639e-10
9.98636e-11
-5.2043e-10
-9.67686e-10
-8.16849e-11
-1.24362e-11
-4.52373e-10
3.72195e-11
1.90247e-10
-1.09549e-09
3.5717e-10
-1.36927e-10
1.2629e-11
-4.7232e-11
4.16247e-10
-1.70871e-09
7.40807e-11
-4.5165e-10
3.50342e-10
-1.44065e-09
-9.0998e-10
-4.5622e-10
-2.97948e-10
-8.07514e-10
-6.63535e-10
7.09656e-11
-1.06119e-09
8.88219e-11
-1.91985e-12
-2.00197e-09
2.31588e-10
4.76278e-10
-2.01463e-09
1.42212e-10
-1.68661e-10
7.28228e-11
4.56858e-10
-1.33745e-09
-7.48537e-11
-3.44043e-10
-6.35716e-10
1.80915e-10
9.72858e-12
-3.52947e-10
1.82023e-10
2.79309e-10
-1.34464e-09
4.78815e-10
-1.72695e-09
-4.36608e-10
2.18655e-10
-1.57128e-09
-7.24004e-12
-1.25233e-10
-1.24116e-09
4.9658e-11
4.16115e-14
-1.38597e-09
3.26433e-10
-1.69495e-10
-5.13303e-10
-4.24982e-11
-1.12769e-09
-2.52027e-10
-8.11416e-11
-2.58582e-10
-6.64633e-11
3.91097e-11
-1.31759e-09
4.31737e-11
-1.74535e-11
-5.44514e-10
4.4701e-11
-4.16231e-10
-8.50283e-10
-6.36544e-13
-1.34088e-10
1.78095e-10
-6.00961e-10
9.77457e-11
-1.58925e-09
-6.4742e-11
-3.06616e-10
1.55839e-11
-1.93721e-09
-8.95032e-10
5.27904e-12
-2.33921e-10
-4.55336e-10
-2.7065e-10
-2.22134e-11
-6.96738e-10
-1.01808e-10
9.24375e-11
-2.38072e-09
3.4748e-11
2.82174e-10
-1.76394e-09
1.87248e-10
-3.13059e-10
1.435e-10
9.86165e-12
-1.67838e-09
2.99943e-11
-3.72187e-11
-5.07205e-10
2.41779e-10
-1.42964e-11
-4.57998e-10
9.75495e-11
-1.08523e-11
-9.07385e-10
6.35681e-11
-1.50572e-09
-4.71499e-10
-1.02828e-11
-1.05806e-09
-4.1855e-10
1.15212e-10
-1.44654e-09
6.58488e-11
2.72763e-11
-1.91194e-09
1.74459e-11
-6.49548e-12
-4.69257e-10
-8.91574e-11
-9.57514e-10
1.16893e-11
-6.17847e-11
-2.10206e-10
5.93028e-12
1.82073e-10
-1.37869e-09
5.62165e-11
2.00481e-11
-5.87572e-10
-1.24042e-11
-2.43682e-10
-5.44476e-10
-2.5618e-11
-2.10031e-10
-5.1575e-11
-8.10747e-10
-5.1651e-12
-1.45359e-09
-3.21378e-11
-2.59595e-10
-1.8081e-10
-2.03222e-09
-1.10146e-09
1.72531e-10
-1.64893e-11
-7.12126e-10
5.27845e-10
2.70369e-11
-1.15476e-09
-1.74832e-10
-2.44937e-10
-1.22694e-09
-4.40515e-10
-2.23785e-10
-1.38616e-09
1.5662e-10
-8.93739e-10
-6.42939e-11
-3.00274e-10
-9.91858e-10
1.67884e-11
2.43247e-10
-8.04497e-10
1.59384e-10
-8.86012e-11
-7.5693e-10
1.42721e-10
-1.28609e-10
-9.85898e-10
-3.5021e-11
-1.17136e-09
3.92284e-10
-1.88259e-10
-1.35872e-09
2.09708e-10
1.48188e-10
-1.1689e-09
-3.31214e-10
-4.44722e-10
-1.0149e-09
-6.77207e-11
9.01406e-11
-9.515e-10
-1.1898e-10
-9.41275e-10
1.86702e-11
1.30607e-10
-7.09189e-10
-4.8271e-11
4.34677e-11
-1.20703e-09
-1.15739e-10
-2.63398e-10
-7.01427e-10
-9.58257e-11
4.42422e-10
-9.16671e-10
2.3708e-10
-6.61917e-10
1.21149e-10
-6.62786e-10
6.391e-11
-1.35288e-09
2.97051e-10
-7.56133e-10
1.6529e-11
-1.30927e-09
-8.47852e-10
1.44507e-10
-3.88995e-11
-9.29561e-10
4.92534e-11
-1.34081e-11
-9.99772e-10
3.42963e-11
-8.41787e-11
-1.15595e-09
-9.08584e-11
-9.15157e-11
-1.15084e-09
-5.75724e-12
-9.55437e-10
-9.95752e-12
1.25503e-12
-9.95619e-10
-2.58649e-12
7.92943e-11
-9.0457e-10
9.70202e-11
-7.22871e-11
-8.68428e-10
4.58512e-11
-4.64908e-11
-9.79754e-10
-8.88423e-11
-1.04242e-09
7.56295e-12
-1.98106e-10
-1.03076e-09
-9.13292e-11
8.79542e-11
-1.07867e-09
-6.65715e-12
-9.92107e-11
-1.07265e-09
-4.46154e-11
1.18336e-11
-9.71865e-10
-1.13124e-10
-9.61609e-10
5.79761e-11
-1.11553e-10
-8.17954e-10
-8.49736e-11
9.82308e-11
-1.07436e-09
-1.92542e-11
-3.69422e-11
-8.29415e-10
-5.98712e-11
8.88634e-11
-9.53084e-10
-1.04073e-11
-8.24504e-10
5.72127e-11
-8.44632e-10
-4.47528e-11
-1.15268e-09
1.23924e-12
-8.39067e-10
-8.56703e-11
-1.1335e-09
-9.43929e-10
5.80677e-11
-4.35124e-11
-9.7359e-10
6.1303e-11
-9.87482e-12
-1.00337e-09
3.46421e-12
-6.95974e-11
-1.05041e-09
-4.70512e-11
-5.8371e-11
-1.05708e-09
-2.31787e-11
-9.91526e-10
6.38856e-12
-3.79169e-11
-9.71542e-10
4.28293e-12
3.9795e-11
-9.52134e-10
4.41002e-11
-4.05797e-11
-9.37263e-10
2.0614e-11
-2.92715e-11
-9.85367e-10
-4.82699e-11
-9.96716e-10
5.27917e-11
-8.63415e-11
-9.88319e-10
2.79452e-12
3.49766e-11
-1.02385e-09
-1.69071e-11
-8.7185e-11
-1.00634e-09
-2.52787e-11
3.32983e-12
-9.96095e-10
-5.95463e-11
-9.75611e-10
2.44298e-11
-2.9659e-11
-9.00547e-10
-2.84185e-11
3.73151e-11
-1.02385e-09
-5.32718e-12
-3.56358e-11
-9.04055e-10
-2.48029e-11
4.56697e-11
-9.75948e-10
6.28968e-12
-9.15143e-10
3.5142e-11
-9.05141e-10
-1.56949e-11
-1.06453e-09
2.22152e-11
-9.12613e-10
-2.07163e-11
-1.0449e-09
-9.58355e-10
2.4188e-11
-3.7337e-11
-9.86711e-10
2.12801e-11
-1.61246e-11
-9.98359e-10
5.87155e-12
-4.50029e-11
-1.01442e-09
-1.46856e-11
-3.30643e-11
-1.01993e-09
-2.67872e-11
-9.97404e-10
9.0393e-12
-2.56029e-11
-9.7572e-10
4.46298e-12
1.07081e-11
-9.74391e-10
1.92758e-11
-2.88034e-11
-9.68276e-10
5.92356e-12
-1.60288e-11
-9.8905e-10
-2.83316e-11
-9.89248e-10
2.20419e-11
-4.33377e-11
-9.78716e-10
9.03775e-13
1.23522e-11
-1.00436e-09
-1.44473e-12
-4.42317e-11
-9.88563e-10
-1.02063e-11
-6.06739e-12
-9.97295e-10
-3.20529e-11
-9.82096e-10
1.06655e-11
-1.55754e-11
-9.4319e-10
-1.28186e-11
1.64748e-11
-1.00449e-09
5.43522e-13
-1.64175e-11
-9.45231e-10
-1.05818e-11
1.39678e-11
-9.84858e-10
-2.50191e-12
-9.55276e-10
1.46673e-11
-9.42951e-10
-9.8359e-12
-1.02355e-09
9.51733e-12
-9.48383e-10
-1.03423e-11
-1.01107e-09
-9.712e-10
1.03727e-11
-2.6574e-11
-9.91534e-10
8.49832e-12
-1.50273e-11
-9.96212e-10
4.36607e-12
-2.97107e-11
-1.00183e-09
-4.23355e-12
-2.17588e-11
-1.00537e-09
-2.18946e-11
-9.97645e-10
6.94907e-12
-1.79534e-11
-9.83043e-10
3.47169e-12
-8.02769e-13
-9.85138e-10
8.64621e-12
-2.00306e-11
-9.8313e-10
1.6047e-12
-1.13219e-11
-9.92446e-10
-1.86922e-11
-9.90846e-10
1.01097e-11
-2.2406e-11
-9.80976e-10
3.79971e-13
2.45527e-12
-9.97888e-10
1.70038e-12
-2.43489e-11
-9.85565e-10
-3.9588e-12
-7.71319e-12
-9.95244e-10
-1.84337e-11
-9.86314e-10
5.20372e-12
-8.38181e-12
-9.66521e-10
-5.5944e-12
5.78986e-12
-9.97024e-10
1.8585e-12
-9.07606e-12
-9.67957e-10
-4.53239e-12
2.81017e-12
-9.8899e-10
-3.64752e-12
-9.74595e-10
6.47886e-12
-9.65216e-10
-5.73697e-12
-1.00555e-09
4.83646e-12
-9.68033e-10
-4.79305e-12
-9.98632e-10
-9.79641e-10
4.87229e-12
-1.78986e-11
-9.94267e-10
3.85173e-12
-1.23634e-11
-9.96199e-10
2.87213e-12
-1.95855e-11
-9.98272e-10
-8.66823e-13
-1.52139e-11
-1.00036e-09
-1.62211e-11
-9.97776e-10
4.57432e-12
-1.28189e-11
-9.88631e-10
2.19427e-12
-3.80029e-12
-9.91321e-10
4.06931e-12
-1.43182e-11
-9.90273e-10
4.08651e-13
-9.21043e-12
-9.94789e-10
-1.34084e-11
-9.9325e-10
4.58674e-12
-1.24484e-11
-9.85594e-10
1.26673e-13
-1.82734e-12
-9.95401e-10
1.99332e-12
-1.40281e-11
-9.87722e-10
-1.36852e-12
-6.82735e-12
-9.94266e-10
-1.14152e-11
-9.89676e-10
2.68005e-12
-5.03565e-12
-9.79597e-10
-2.54052e-12
1.12831e-12
-9.9476e-10
1.70147e-12
-5.68662e-12
-9.80541e-10
-1.95753e-12
-7.59131e-13
-9.914e-10
-3.54537e-12
-9.84422e-10
2.7547e-12
-9.78343e-10
-3.3583e-12
-9.98306e-10
2.46964e-12
-9.79548e-10
-2.27996e-12
-9.94642e-10
-9.85466e-10
2.70405e-12
-1.21868e-11
-9.96142e-10
2.00751e-12
-9.60593e-12
-9.97166e-10
1.80178e-12
-1.31494e-11
-9.9797e-10
3.63551e-14
-1.09798e-11
-9.99188e-10
-1.18807e-11
-9.98283e-10
2.75147e-12
-9.22976e-12
-9.92434e-10
1.24117e-12
-4.84583e-12
-9.94571e-10
2.07843e-12
-1.04904e-11
-9.93769e-10
1.5648e-13
-7.71317e-12
-9.96133e-10
-9.86721e-12
-9.95107e-10
2.1786e-12
-7.54357e-12
-9.89941e-10
1.2389e-13
-3.15679e-12
-9.95036e-10
1.43621e-12
-8.59852e-12
-9.90927e-10
-4.22079e-13
-5.4472e-12
-9.94674e-10
-7.54142e-12
-9.92424e-10
1.39099e-12
-3.3616e-12
-9.87127e-10
-1.23222e-12
-6.00547e-13
-9.94693e-10
1.13684e-12
-3.88471e-12
-9.87624e-10
-8.53169e-13
-1.64607e-12
-9.93211e-10
-3.02043e-12
-9.89797e-10
1.07993e-12
-9.86186e-10
-1.92766e-12
-9.95899e-10
1.24982e-12
-9.8661e-10
-1.08076e-12
-9.93958e-10
-9.89567e-10
1.66781e-12
-8.50606e-12
-9.9746e-10
1.16009e-12
-7.35994e-12
-9.98125e-10
1.11687e-12
-9.15706e-12
-9.9846e-10
1.67618e-13
-8.13953e-12
-9.99148e-10
-8.74042e-12
-9.98833e-10
1.58956e-12
-6.65349e-12
-9.94973e-10
7.07823e-13
-4.73053e-12
-9.96319e-10
1.14762e-12
-7.58133e-12
-9.95784e-10
1.15381e-13
-6.19735e-12
-9.97043e-10
-7.24175e-12
-9.96491e-10
1.1274e-12
-4.92771e-12
-9.93155e-10
1.31558e-13
-3.06282e-12
-9.95707e-10
8.9534e-13
-5.63978e-12
-9.93632e-10
-9.64173e-14
-4.24687e-12
-9.95633e-10
-5.23693e-12
-9.94525e-10
6.89097e-13
-2.35377e-12
-9.91616e-10
-6.13713e-13
-1.14077e-12
-9.95312e-10
6.89492e-13
-2.74563e-12
-9.91821e-10
-3.65428e-13
-1.76125e-12
-9.94642e-10
-2.41288e-12
-9.92986e-10
4.46554e-13
-9.9097e-10
-1.05687e-12
-9.95537e-10
6.37134e-13
-9.9105e-10
-5.12203e-13
-9.9457e-10
-9.92492e-10
1.07262e-12
-6.0376e-12
-9.98352e-10
7.31106e-13
-5.61213e-12
-9.98787e-10
7.02091e-13
-6.52523e-12
-9.98958e-10
1.72288e-13
-6.08487e-12
-9.99339e-10
-6.42275e-12
-9.99239e-10
9.29931e-13
-4.81706e-12
-9.96642e-10
4.3835e-13
-4.04589e-12
-9.97393e-10
6.68653e-13
-5.43035e-12
-9.9711e-10
1.00745e-13
-4.79523e-12
-9.97765e-10
-5.30897e-12
-9.97504e-10
6.29539e-13
-3.41179e-12
-9.95342e-10
1.27332e-13
-2.65674e-12
-9.96595e-10
5.36206e-13
-3.89527e-12
-9.95576e-10
-8.08508e-17
-3.29086e-12
-9.96601e-10
-3.7654e-12
-9.96068e-10
3.41812e-13
-1.68535e-12
-9.94384e-10
-2.85602e-13
-1.21827e-12
-9.96123e-10
4.03919e-13
-1.96287e-12
-9.94444e-10
-1.47123e-13
-1.55334e-12
-9.95829e-10
-1.85837e-12
-9.9504e-10
1.9966e-13
-9.93939e-10
-5.47105e-13
-9.96008e-10
3.36666e-13
-9.93897e-10
-2.33914e-13
-9.95552e-10
-9.94584e-10
7.02764e-13
-4.34244e-12
-9.98936e-10
4.90755e-13
-4.2402e-12
-9.99206e-10
4.52819e-13
-4.69753e-12
-9.99321e-10
1.4438e-13
-4.53464e-12
-9.9953e-10
-4.70896e-12
-9.99512e-10
5.66318e-13
-3.51263e-12
-9.97734e-10
2.96509e-13
-3.23961e-12
-9.98124e-10
4.06425e-13
-3.9087e-12
-9.98009e-10
8.62986e-14
-3.64025e-12
-9.98339e-10
-3.89538e-12
-9.98231e-10
3.73101e-13
-2.45302e-12
-9.96795e-10
1.0751e-13
-2.17937e-12
-9.97389e-10
3.22001e-13
-2.77933e-12
-9.9692e-10
2.99219e-14
-2.52501e-12
-9.97424e-10
-2.75566e-12
-9.97178e-10
1.85753e-13
-1.2344e-12
-9.96143e-10
-1.07796e-13
-1.07975e-12
-9.9693e-10
2.37688e-13
-1.4178e-12
-9.96151e-10
-4.7147e-14
-1.26015e-12
-9.96808e-10
-1.39934e-12
-9.96443e-10
9.673e-14
-9.95827e-10
-2.61163e-13
-9.9673e-10
1.86538e-13
-9.95762e-10
-9.96073e-14
-9.96526e-10
-9.96083e-10
4.68088e-13
-3.15147e-12
-9.99309e-10
3.45735e-13
-3.17237e-12
-9.99474e-10
2.98532e-13
-3.40021e-12
-9.99562e-10
1.14076e-13
-3.36061e-12
-9.99678e-10
-3.44592e-12
-9.99689e-10
3.60741e-13
-2.5758e-12
-9.9845e-10
2.14459e-13
-2.50553e-12
-9.98645e-10
2.56451e-13
-2.83123e-12
-9.9862e-10
7.19221e-14
-2.73342e-12
-9.98782e-10
-2.85788e-12
-9.98747e-10
2.3611e-13
-1.80022e-12
-9.97763e-10
9.51791e-14
-1.71724e-12
-9.98037e-10
1.99825e-13
-2.0167e-12
-9.97839e-10
3.27439e-14
-1.91304e-12
-9.98077e-10
-2.02977e-12
-9.97974e-10
1.18158e-13
-9.17321e-13
-9.97297e-10
-1.13239e-14
-8.76738e-13
-9.97641e-10
1.45849e-13
-1.03339e-12
-9.97291e-10
-1.4287e-15
-9.77255e-13
-9.97597e-10
-1.04188e-12
-9.97433e-10
5.69807e-14
-9.97065e-10
-1.06617e-13
-9.97444e-10
1.10924e-13
-9.97013e-10
-3.48619e-14
-9.97358e-10
-9.9716e-10
3.18634e-13
-2.30105e-12
-9.99545e-10
2.50282e-13
-2.35485e-12
-9.99648e-10
2.01467e-13
-2.47003e-12
-9.99715e-10
8.81395e-14
-2.47785e-12
-9.99783e-10
-2.51846e-12
-9.99801e-10
2.39292e-13
-1.89322e-12
-9.98924e-10
1.6209e-13
-1.90081e-12
-9.99022e-10
1.67492e-13
-2.05958e-12
-9.99036e-10
5.86502e-14
-2.03628e-12
-9.99115e-10
-2.09571e-12
-9.99111e-10
1.58122e-13
-1.33466e-12
-9.98421e-10
8.29683e-14
-1.32091e-12
-9.98542e-10
1.2898e-13
-1.47314e-12
-9.98472e-10
3.15857e-14
-1.43612e-12
-9.9858e-10
-1.49523e-12
-9.98543e-10
8.69003e-14
-6.86006e-13
-9.98077e-10
2.62966e-14
-6.79911e-13
-9.98221e-10
9.42765e-14
-7.59487e-13
-9.98073e-10
1.30122e-14
-7.40257e-13
-9.98212e-10
-7.73241e-13
-9.98142e-10
4.3015e-14
-9.97902e-10
-2.55682e-14
-9.98055e-10
7.22e-14
-9.97871e-10
-3.2335e-15
-9.98022e-10
-9.97936e-10
2.22145e-13
-1.68694e-12
-9.99696e-10
1.82768e-13
-1.73794e-12
-9.99762e-10
1.39583e-13
-1.79955e-12
-9.99813e-10
6.69733e-14
-1.8197e-12
-9.99855e-10
-1.83933e-12
-9.99873e-10
1.65086e-13
-1.39489e-12
-9.99242e-10
1.25617e-13
-1.42506e-12
-9.99295e-10
1.12884e-13
-1.50261e-12
-9.9932e-10
4.71033e-14
-1.50815e-12
-9.99361e-10
-1.53566e-12
-9.99367e-10
1.12484e-13
-9.91591e-13
-9.98873e-10
7.26688e-14
-1.00157e-12
-9.98926e-10
8.69863e-14
-1.07796e-12
-9.98911e-10
2.86142e-14
-1.07094e-12
-9.98959e-10
-1.09944e-12
-9.9895e-10
6.8529e-14
-5.1234e-13
-9.98615e-10
3.53576e-14
-5.15603e-13
-9.98674e-10
6.44821e-14
-5.60808e-13
-9.98619e-10
1.54342e-14
-5.54226e-13
-9.98679e-10
-5.7194e-13
-9.98654e-10
4.01334e-14
-9.98483e-10
1.49552e-14
-9.98545e-10
5.09769e-14
-9.98467e-10
9.05723e-15
-9.98535e-10
-9.98499e-10
1.58313e-13
-1.23925e-12
-9.99793e-10
1.33494e-13
-1.27786e-12
-9.99838e-10
9.89852e-14
-1.31391e-12
-9.99875e-10
5.0011e-14
-1.33264e-12
-9.99904e-10
-1.34292e-12
-9.99918e-10
1.18335e-13
-1.02929e-12
-9.9946e-10
9.76025e-14
-1.05959e-12
-9.99493e-10
7.87394e-14
-1.09886e-12
-9.99516e-10
3.72929e-14
-1.11188e-12
-9.9954e-10
-1.12455e-12
-9.99548e-10
8.32922e-14
-7.35256e-13
-9.99188e-10
6.28544e-14
-7.51953e-13
-9.99213e-10
6.08524e-14
-7.89393e-13
-9.99218e-10
2.50723e-14
-7.94222e-13
-9.9924e-10
-8.07151e-13
-9.99242e-10
5.57848e-14
-3.81981e-13
-9.98995e-10
3.77619e-14
-3.88999e-13
-9.99019e-10
4.65769e-14
-4.12106e-13
-9.99005e-10
1.59326e-14
-4.12623e-13
-9.9903e-10
-4.21056e-13
-9.99024e-10
3.9495e-14
-9.98895e-10
2.43579e-14
-9.98919e-10
3.79784e-14
-9.98893e-10
1.11279e-14
-9.9892e-10
-9.98909e-10
1.14543e-13
-9.10901e-13
-9.99857e-10
9.74543e-14
-9.37707e-13
-9.99889e-10
7.13731e-14
-9.60329e-13
-9.99916e-10
3.70106e-14
-9.74351e-13
-9.99936e-10
-9.80326e-13
-9.99946e-10
8.73427e-14
-7.6018e-13
-9.99612e-10
7.4676e-14
-7.8316e-13
-9.99635e-10
5.6891e-14
-8.05105e-13
-9.99654e-10
2.89079e-14
-8.16841e-13
-9.99669e-10
-8.23145e-13
-9.99677e-10
6.35093e-14
-5.44516e-13
-9.99411e-10
5.3341e-14
-5.60133e-13
-9.99426e-10
4.42411e-14
-5.78641e-13
-9.99436e-10
2.11272e-14
-5.86204e-13
-9.99448e-10
-5.92038e-13
-9.99452e-10
4.59289e-14
-2.83729e-13
-9.99268e-10
3.61014e-14
-2.91001e-13
-9.99278e-10
3.48708e-14
-3.02521e-13
-9.9928e-10
1.49504e-14
-3.05596e-13
-9.9929e-10
-3.09406e-13
-9.99292e-10
3.56478e-14
-9.99193e-10
2.7507e-14
-9.99202e-10
2.94688e-14
-9.99197e-10
1.16397e-14
-9.99208e-10
-9.99207e-10
8.34729e-14
-6.6956e-13
-9.99901e-10
7.13017e-14
-6.87457e-13
-9.99924e-10
5.20767e-14
-7.02099e-13
-9.99943e-10
2.73137e-14
-7.11861e-13
-9.99957e-10
-7.1561e-13
-9.99965e-10
6.54312e-14
-5.61163e-13
-9.9972e-10
5.65458e-14
-5.76855e-13
-9.99737e-10
4.21145e-14
-5.90205e-13
-9.99751e-10
2.19878e-14
-5.98762e-13
-9.99762e-10
-6.02361e-13
-9.99768e-10
4.95599e-14
-4.03054e-13
-9.99571e-10
4.31331e-14
-4.14466e-13
-9.99582e-10
3.33196e-14
-4.24851e-13
-9.99591e-10
1.70801e-14
-4.31089e-13
-9.99599e-10
-4.3409e-13
-9.99603e-10
3.78335e-14
-2.10411e-13
-9.99464e-10
3.27026e-14
-2.1626e-13
-9.99471e-10
2.67817e-14
-2.22184e-13
-9.99477e-10
1.31983e-14
-2.25369e-13
-9.99483e-10
-2.27133e-13
-9.99485e-10
3.14426e-14
-9.99409e-10
2.67321e-14
-9.99414e-10
2.31653e-14
-9.99416e-10
1.09809e-14
-9.99421e-10
-9.99423e-10
6.12954e-14
-4.91889e-13
-9.9993e-10
5.24222e-14
-5.03725e-13
-9.99947e-10
3.82414e-14
-5.13359e-13
-9.99961e-10
2.00788e-14
-5.19992e-13
-9.99971e-10
-5.22381e-13
-9.99977e-10
4.94012e-14
-4.13745e-13
-9.99798e-10
4.27121e-14
-4.24079e-13
-9.9981e-10
3.14989e-14
-4.32613e-13
-9.99821e-10
1.65381e-14
-4.38455e-13
-9.99829e-10
-4.40666e-13
-9.99833e-10
3.90059e-14
-2.97937e-13
-9.99687e-10
3.4121e-14
-3.05564e-13
-9.99695e-10
2.5554e-14
-3.12018e-13
-9.99703e-10
1.33588e-14
-3.16384e-13
-9.99709e-10
-3.18108e-13
-9.99712e-10
3.13289e-14
-1.55785e-13
-9.99608e-10
2.76358e-14
-1.59826e-13
-9.99614e-10
2.11003e-14
-1.63363e-13
-9.99619e-10
1.09475e-14
-1.65674e-13
-9.99623e-10
-1.66596e-13
-9.99626e-10
2.70474e-14
-9.99566e-10
2.39232e-14
-9.9957e-10
1.8629e-14
-9.99574e-10
9.61126e-15
-9.99578e-10
-9.9958e-10
4.53289e-14
-3.61145e-13
-9.9995e-10
3.86596e-14
-3.69011e-13
-9.99963e-10
2.81117e-14
-3.75392e-13
-9.99973e-10
1.47413e-14
-3.79824e-13
-9.99981e-10
-3.81315e-13
-9.99985e-10
3.74453e-14
-3.04644e-13
-9.99853e-10
3.22316e-14
-3.11435e-13
-9.99862e-10
2.36171e-14
-3.17004e-13
-9.9987e-10
1.2409e-14
-3.20898e-13
-9.99876e-10
-3.22263e-13
-9.9988e-10
3.06307e-14
-2.19848e-13
-9.99771e-10
2.66271e-14
-2.24862e-13
-9.99778e-10
1.96663e-14
-2.29029e-13
-9.99784e-10
1.03344e-14
-2.31924e-13
-9.99789e-10
-2.32941e-13
-9.99791e-10
2.56119e-14
-1.15118e-13
-9.99712e-10
2.24529e-14
-1.17805e-13
-9.99718e-10
1.67299e-14
-1.20036e-13
-9.99722e-10
8.80688e-15
-1.21553e-13
-9.99726e-10
-1.22087e-13
-9.99728e-10
2.28038e-14
-9.99682e-10
2.00992e-14
-9.99686e-10
1.51194e-14
-9.99689e-10
7.97284e-15
-9.99692e-10
-9.99694e-10
3.34674e-14
-2.6521e-13
-9.99965e-10
2.84843e-14
-2.70341e-13
-9.99974e-10
2.07094e-14
-2.74511e-13
-9.99981e-10
1.09002e-14
-2.77436e-13
-9.99987e-10
-2.78379e-13
-9.9999e-10
2.83473e-14
-2.24138e-13
-9.99893e-10
2.42925e-14
-2.28567e-13
-9.999e-10
1.77494e-14
-2.32203e-13
-9.99906e-10
9.34383e-15
-2.34771e-13
-9.99911e-10
-2.35611e-13
-9.99913e-10
2.39057e-14
-1.61991e-13
-9.99833e-10
2.06342e-14
-1.65272e-13
-9.99838e-10
1.51492e-14
-1.67978e-13
-9.99843e-10
7.98318e-15
-1.69868e-13
-9.99847e-10
-1.70493e-13
-9.99849e-10
2.06212e-14
-8.49117e-14
-9.99789e-10
1.79133e-14
-8.66667e-14
-9.99794e-10
1.32342e-14
-8.81013e-14
-9.99797e-10
6.98263e-15
-8.90942e-14
-9.998e-10
-8.94445e-14
-9.99802e-10
1.87852e-14
-9.99766e-10
1.64153e-14
-9.9977e-10
1.21816e-14
-9.99773e-10
6.41236e-15
-9.99776e-10
-9.99777e-10
2.46635e-14
-1.94753e-13
-9.99975e-10
2.10296e-14
-1.98032e-13
-9.99981e-10
1.5355e-14
-2.00738e-13
-9.99987e-10
8.10703e-15
-2.02698e-13
-9.99991e-10
-2.03317e-13
-9.99993e-10
2.1413e-14
-1.64791e-13
-9.99922e-10
1.83128e-14
-1.67655e-13
-9.99927e-10
1.33761e-14
-1.70035e-13
-9.99932e-10
7.04075e-15
-1.71737e-13
-9.99935e-10
-1.72264e-13
-9.99937e-10
1.85422e-14
-1.19207e-13
-9.99878e-10
1.59205e-14
-1.21356e-13
-9.99882e-10
1.16535e-14
-1.2313e-13
-9.99886e-10
6.1321e-15
-1.24382e-13
-9.99888e-10
-1.24786e-13
-9.9989e-10
1.63843e-14
-6.25277e-14
-9.99845e-10
1.41395e-14
-6.36829e-14
-9.99849e-10
1.03865e-14
-6.46233e-14
-9.99852e-10
5.45125e-15
-6.52967e-14
-9.99855e-10
-6.55354e-14
-9.99856e-10
1.51693e-14
-9.99829e-10
1.31477e-14
-9.99832e-10
9.66965e-15
-9.99835e-10
5.05006e-15
-9.99837e-10
-9.99838e-10
1.82162e-14
-1.42934e-13
-9.99982e-10
1.55959e-14
-1.45037e-13
-9.99986e-10
1.14036e-14
-1.46832e-13
-9.99991e-10
5.99249e-15
-1.48164e-13
-9.99994e-10
-1.48555e-13
-9.99995e-10
1.614e-14
-1.21059e-13
-9.99943e-10
1.37904e-14
-1.2294e-13
-9.99947e-10
1.00583e-14
-1.24517e-13
-9.99951e-10
5.27563e-15
-1.25654e-13
-9.99953e-10
-1.25983e-13
-9.99955e-10
1.42622e-14
-8.76536e-14
-9.9991e-10
1.22058e-14
-8.90771e-14
-9.99914e-10
8.90811e-15
-9.02525e-14
-9.99917e-10
4.66663e-15
-9.10928e-14
-9.99919e-10
-9.13483e-14
-9.9992e-10
1.28326e-14
-4.60158e-14
-9.99887e-10
1.10278e-14
-4.67802e-14
-9.9989e-10
8.05806e-15
-4.74052e-14
-9.99892e-10
4.2078e-15
-4.78589e-14
-9.99894e-10
-4.80011e-14
-9.99895e-10
1.20205e-14
-9.99874e-10
1.03647e-14
-9.99877e-10
7.57244e-15
-9.99879e-10
3.94566e-15
-9.99881e-10
-9.99882e-10
1.34342e-14
-1.04922e-13
-9.99987e-10
1.15443e-14
-1.06273e-13
-9.9999e-10
8.39882e-15
-1.0747e-13
-9.99993e-10
4.3881e-15
-1.08343e-13
-9.99996e-10
-1.08555e-13
-9.99997e-10
1.21085e-14
-8.89303e-14
-9.99958e-10
1.03357e-14
-9.01795e-14
-9.99961e-10
7.51641e-15
-9.12202e-14
-9.99964e-10
3.93497e-15
-9.19642e-14
-9.99966e-10
-9.2157e-14
-9.99967e-10
1.08677e-14
-6.4469e-14
-9.99934e-10
9.29104e-15
-6.54011e-14
-9.99937e-10
6.76444e-15
-6.61703e-14
-9.99939e-10
3.5368e-15
-6.67231e-14
-9.99941e-10
-6.68646e-14
-9.99942e-10
9.93378e-15
-3.38795e-14
-9.99917e-10
8.52019e-15
-3.43673e-14
-9.99919e-10
6.20473e-15
-3.47737e-14
-9.99921e-10
3.24634e-15
-3.50607e-14
-9.99923e-10
-3.5125e-14
-9.99924e-10
9.41124e-15
-9.99908e-10
8.08448e-15
-9.9991e-10
5.89371e-15
-9.99912e-10
3.09346e-15
-9.99913e-10
-9.99914e-10
9.90212e-15
-7.70855e-14
-9.9999e-10
8.49085e-15
-7.79387e-14
-9.99993e-10
6.14135e-15
-7.87026e-14
-9.99995e-10
3.21818e-15
-7.92373e-14
-9.99997e-10
-7.93392e-14
-9.99998e-10
9.05809e-15
-6.5386e-14
-9.99969e-10
7.71876e-15
-6.61897e-14
-9.99972e-10
5.60097e-15
-6.6849e-14
-9.99974e-10
2.93838e-15
-6.73153e-14
-9.99975e-10
-6.74153e-14
-9.99976e-10
8.26224e-15
-4.74515e-14
-9.99952e-10
7.05745e-15
-4.80335e-14
-9.99954e-10
5.12972e-15
-4.85186e-14
-9.99956e-10
2.68813e-15
-4.8864e-14
-9.99957e-10
-4.89232e-14
-9.99958e-10
7.68088e-15
-2.49426e-14
-9.99939e-10
6.56966e-15
-2.52423e-14
-9.99941e-10
4.77906e-15
-2.54979e-14
-9.99942e-10
2.51921e-15
-2.5665e-14
-9.99944e-10
-2.56839e-14
-9.99944e-10
7.35738e-15
-9.99932e-10
6.29122e-15
-9.99934e-10
4.59415e-15
-9.99935e-10
2.43493e-15
-9.99936e-10
-9.99937e-10
7.24916e-15
-5.66873e-14
-9.99993e-10
6.2096e-15
-5.72092e-14
-9.99995e-10
4.49636e-15
-5.76491e-14
-9.99996e-10
2.3768e-15
-5.79593e-14
-9.99998e-10
-5.80021e-14
-9.99998e-10
6.76948e-15
-4.81246e-14
-9.99978e-10
5.76142e-15
-4.86023e-14
-9.99979e-10
4.18102e-15
-4.89912e-14
-9.99981e-10
2.20288e-15
-4.92684e-14
-9.99982e-10
-4.93065e-14
-9.99982e-10
6.30409e-15
-3.49408e-14
-9.99965e-10
5.37017e-15
-3.52828e-14
-9.99966e-10
3.90077e-15
-3.55726e-14
-9.99967e-10
2.05429e-15
-3.57714e-14
-9.99968e-10
-3.5784e-14
-9.99969e-10
5.96408e-15
-1.83518e-14
-9.99955e-10
5.07696e-15
-1.85356e-14
-9.99957e-10
3.69802e-15
-1.86888e-14
-9.99958e-10
1.96084e-15
-1.87818e-14
-9.99959e-10
-1.87875e-14
-9.99959e-10
5.76362e-15
-9.9995e-10
4.90694e-15
-9.99952e-10
3.59219e-15
-9.99953e-10
1.90705e-15
-9.99953e-10
-9.99954e-10
5.28042e-15
-4.16706e-14
-9.99995e-10
4.54263e-15
-4.19869e-14
-9.99996e-10
3.3182e-15
-4.22178e-14
-9.99997e-10
1.77301e-15
-4.23946e-14
-9.99998e-10
-4.24034e-14
-9.99999e-10
5.04241e-15
-3.54222e-14
-9.99983e-10
4.29935e-15
-3.56895e-14
-9.99985e-10
3.13466e-15
-3.59012e-14
-9.99986e-10
1.66632e-15
-3.60555e-14
-9.99987e-10
-3.6062e-14
-9.99987e-10
4.80111e-15
-2.57318e-14
-9.99974e-10
4.08486e-15
-2.59215e-14
-9.99975e-10
2.97824e-15
-2.60789e-14
-9.99976e-10
1.57857e-15
-2.6184e-14
-9.99977e-10
-2.6183e-14
-9.99977e-10
4.61651e-15
-1.35076e-14
-9.99967e-10
3.92472e-15
-1.36124e-14
-9.99968e-10
2.8702e-15
-1.3696e-14
-9.99969e-10
1.52045e-15
-1.37528e-14
-9.9997e-10
-1.37598e-14
-9.9997e-10
4.49887e-15
-9.99963e-10
3.82931e-15
-9.99964e-10
2.80408e-15
-9.99965e-10
1.47819e-15
-9.99966e-10
-9.99966e-10
3.92421e-15
-3.05577e-14
-9.99996e-10
3.37736e-15
-3.07665e-14
-9.99997e-10
2.50152e-15
-3.09058e-14
-9.99998e-10
1.35672e-15
-3.10247e-14
-9.99998e-10
-3.10335e-14
-9.99999e-10
3.76613e-15
-2.60425e-14
-9.99988e-10
3.22535e-15
-2.61978e-14
-9.99989e-10
2.37519e-15
-2.63145e-14
-9.9999e-10
1.27373e-15
-2.64042e-14
-9.9999e-10
-2.64042e-14
-9.9999e-10
3.63297e-15
-1.89412e-14
-9.99981e-10
3.1071e-15
-1.90425e-14
-9.99982e-10
2.28431e-15
-1.91207e-14
-9.99982e-10
1.21485e-15
-1.91786e-14
-9.99983e-10
-1.91763e-14
-9.99983e-10
3.53719e-15
-9.94716e-15
-9.99976e-10
3.02659e-15
-9.99442e-15
-9.99976e-10
2.22449e-15
-1.00371e-14
-9.99977e-10
1.17362e-15
-1.00769e-14
-9.99978e-10
-1.00816e-14
-9.99978e-10
3.48054e-15
-9.99973e-10
2.97515e-15
-9.99974e-10
2.17784e-15
-9.99974e-10
1.14235e-15
-9.99975e-10
-9.99975e-10
2.89618e-15
-2.24331e-14
-9.99997e-10
2.56186e-15
-2.25626e-14
-9.99998e-10
1.92506e-15
-2.26655e-14
-9.99998e-10
1.0407e-15
-2.27666e-14
-9.99999e-10
-2.27839e-14
-9.99999e-10
2.81323e-15
-1.9132e-14
-9.99991e-10
2.44458e-15
-1.92343e-14
-9.99992e-10
1.81609e-15
-1.93081e-14
-9.99992e-10
9.67629e-16
-1.9367e-14
-9.99993e-10
-1.93577e-14
-9.99993e-10
2.74037e-15
-1.39202e-14
-9.99986e-10
2.37196e-15
-1.3978e-14
-9.99986e-10
1.75744e-15
-1.40188e-14
-9.99987e-10
9.33966e-16
-1.40523e-14
-9.99987e-10
-1.40434e-14
-9.99988e-10
2.68615e-15
-7.30994e-15
-9.99982e-10
2.32832e-15
-7.32783e-15
-9.99983e-10
1.7227e-15
-7.35036e-15
-9.99983e-10
9.10165e-16
-7.37628e-15
-9.99984e-10
-7.37851e-15
-9.99984e-10
2.66206e-15
-9.9998e-10
2.29904e-15
-9.99981e-10
1.69173e-15
-9.99981e-10
8.88178e-16
-9.99982e-10
-9.99982e-10
2.13591e-15
-1.66056e-14
-9.99998e-10
1.95395e-15
-1.66149e-14
-9.99998e-10
1.45318e-15
-1.66852e-14
-9.99999e-10
7.54367e-16
-1.67459e-14
-9.99999e-10
-1.67295e-14
-9.99999e-10
2.09931e-15
-1.40464e-14
-9.99993e-10
1.85719e-15
-1.4128e-14
-9.99994e-10
1.3816e-15
-1.41733e-14
-9.99994e-10
7.27513e-16
-1.41987e-14
-9.99995e-10
-1.4171e-14
-9.99995e-10
2.06628e-15
-1.02049e-14
-9.99989e-10
1.81803e-15
-1.02439e-14
-9.9999e-10
1.3587e-15
-1.02626e-14
-9.9999e-10
7.24062e-16
-1.0277e-14
-9.99991e-10
-1.02673e-14
-9.99991e-10
2.03129e-15
-5.35116e-15
-9.99987e-10
1.79509e-15
-5.36038e-15
-9.99987e-10
1.34322e-15
-5.37243e-15
-9.99988e-10
7.09647e-16
-5.39198e-15
-9.99988e-10
-5.40345e-15
-9.99988e-10
2.01918e-15
-9.99985e-10
1.77762e-15
-9.99986e-10
1.31963e-15
-9.99986e-10
6.83259e-16
-9.99986e-10
-9.99987e-10
1.69528e-15
-1.21469e-14
-9.99998e-10
1.49004e-15
-1.22301e-14
-9.99999e-10
1.06563e-15
-1.22676e-14
-9.99999e-10
5.44612e-16
-1.22644e-14
-9.99999e-10
-1.22106e-14
-9.99999e-10
1.60468e-15
-1.02728e-14
-9.99995e-10
1.41497e-15
-1.03548e-14
-9.99995e-10
1.05667e-15
-1.03713e-14
-9.99996e-10
5.64612e-16
-1.03685e-14
-9.99996e-10
-1.03468e-14
-9.99996e-10
1.56833e-15
-7.45722e-15
-9.99992e-10
1.40434e-15
-7.48665e-15
-9.99993e-10
1.06304e-15
-7.49077e-15
-9.99993e-10
5.64397e-16
-7.50324e-15
-9.99993e-10
-7.51242e-15
-9.99993e-10
1.54642e-15
-3.90467e-15
-9.9999e-10
1.39549e-15
-3.91259e-15
-9.99991e-10
1.04955e-15
-3.92688e-15
-9.99991e-10
5.36923e-16
-3.95661e-15
-9.99991e-10
-3.98249e-15
-9.99991e-10
1.5381e-15
-9.99989e-10
1.37643e-15
-9.99989e-10
1.01666e-15
-9.9999e-10
4.9952e-16
-9.9999e-10
-9.9999e-10
1.43546e-15
-8.75047e-15
-9.99999e-10
1.14989e-15
-8.92634e-15
-9.99999e-10
8.31344e-16
-8.94957e-15
-9.99999e-10
4.60933e-16
-8.9307e-15
-9.99999e-10
-8.91177e-15
-1e-09
1.24867e-15
-7.48325e-15
-9.99996e-10
1.1021e-15
-7.55243e-15
-9.99997e-10
8.40199e-16
-7.55803e-15
-9.99997e-10
4.53665e-16
-7.56946e-15
-9.99997e-10
-7.58692e-15
-9.99997e-10
1.20765e-15
-5.43505e-15
-9.99994e-10
1.09927e-15
-5.45607e-15
-9.99995e-10
8.31787e-16
-5.4694e-15
-9.99995e-10
4.20537e-16
-5.50518e-15
-9.99995e-10
-5.53602e-15
-9.99995e-10
1.19713e-15
-2.83796e-15
-9.99993e-10
1.08233e-15
-2.85657e-15
-9.99993e-10
7.9525e-16
-2.88857e-15
-9.99993e-10
3.76068e-16
-2.93291e-15
-9.99994e-10
-2.9589e-15
-9.99994e-10
1.18224e-15
-9.99992e-10
1.04646e-15
-9.99992e-10
7.48684e-16
-9.99993e-10
3.41315e-16
-9.99993e-10
-9.99993e-10
1.05201e-15
-6.41765e-15
-9.99999e-10
9.05748e-16
-6.51021e-15
-9.99999e-10
7.21263e-16
-6.52141e-15
-9.99999e-10
4.17712e-16
-6.55907e-15
-1e-09
-6.6157e-15
-1e-09
9.48044e-16
-5.47499e-15
-9.99997e-10
8.78372e-16
-5.50098e-15
-9.99998e-10
6.76183e-16
-5.52615e-15
-9.99998e-10
3.40131e-16
-5.58443e-15
-9.99998e-10
-5.62986e-15
-9.99998e-10
9.41162e-16
-3.94787e-15
-9.99996e-10
8.53429e-16
-3.97598e-15
-9.99996e-10
6.20445e-16
-4.02168e-15
-9.99996e-10
2.83839e-16
-4.08075e-15
-9.99996e-10
-4.10944e-15
-9.99997e-10
9.23289e-16
-2.04996e-15
-9.99995e-10
8.04985e-16
-2.09443e-15
-9.99995e-10
5.6099e-16
-2.14248e-15
-9.99995e-10
2.44995e-16
-2.1843e-15
-9.99995e-10
-2.19286e-15
-9.99995e-10
8.8556e-16
-9.99994e-10
7.53498e-16
-9.99994e-10
5.17676e-16
-9.99995e-10
2.29885e-16
-9.99995e-10
-9.99995e-10
7.50154e-16
-4.74716e-15
-9.99999e-10
7.41534e-16
-4.76564e-15
-1e-09
6.02304e-16
-4.81016e-15
-1e-09
3.06711e-16
-4.90759e-15
-1e-09
-4.98077e-15
-1e-09
7.27329e-16
-3.99012e-15
-9.99998e-10
6.84242e-16
-4.01836e-15
-9.99998e-10
4.99038e-16
-4.08408e-15
-9.99998e-10
2.17968e-16
-4.16682e-15
-9.99999e-10
-4.19701e-15
-9.99999e-10
7.18497e-16
-2.84338e-15
-9.99997e-10
6.17945e-16
-2.90929e-15
-9.99997e-10
4.18592e-16
-2.98017e-15
-9.99997e-10
1.79937e-16
-3.03286e-15
-9.99998e-10
-3.04012e-15
-9.99998e-10
6.62214e-16
-1.48157e-15
-9.99996e-10
5.45028e-16
-1.54853e-15
-9.99996e-10
3.65691e-16
-1.58957e-15
-9.99997e-10
1.65531e-16
-1.60919e-15
-9.99997e-10
-1.60253e-15
-9.99997e-10
6.03005e-16
-9.99996e-10
5.01305e-16
-9.99996e-10
3.45087e-16
-9.99996e-10
1.67695e-16
-9.99996e-10
-9.99996e-10
6.65541e-16
-3.39126e-15
-1e-09
5.9568e-16
-3.48504e-15
-1e-09
4.10621e-16
-3.58598e-15
-1e-09
1.61259e-16
-3.67952e-15
-1e-09
-3.69694e-15
-1e-09
5.81049e-16
-2.85314e-15
-9.99999e-10
4.79921e-16
-2.95509e-15
-9.99999e-10
3.14419e-16
-3.04289e-15
-9.99999e-10
1.32092e-16
-3.10206e-15
-9.99999e-10
-3.10121e-15
-9.99999e-10
5.01152e-16
-2.05518e-15
-9.99998e-10
3.91855e-16
-2.15654e-15
-9.99998e-10
2.57302e-16
-2.21549e-15
-9.99998e-10
1.26922e-16
-2.23789e-15
-9.99998e-10
-2.23361e-15
-9.99998e-10
4.06856e-16
-1.10929e-15
-9.99997e-10
3.31456e-16
-1.16474e-15
-9.99997e-10
2.34666e-16
-1.17482e-15
-9.99998e-10
1.26119e-16
-1.17302e-15
-9.99998e-10
-1.17107e-15
-9.99998e-10
3.58916e-16
-9.99997e-10
3.19616e-16
-9.99997e-10
2.3532e-16
-9.99997e-10
1.24419e-16
-9.99997e-10
-9.99997e-10
5.24264e-16
-2.46363e-15
-9.99999e-10
4.11333e-16
-2.59747e-15
-1e-09
2.26142e-16
-2.69076e-15
-1e-09
8.72497e-17
-2.73604e-15
-1e-09
-2.71428e-15
-1e-09
4.03031e-16
-2.07508e-15
-9.99999e-10
2.80889e-16
-2.22869e-15
-9.99999e-10
1.79835e-16
-2.29018e-15
-9.99999e-10
9.93007e-17
-2.31211e-15
-9.99999e-10
-2.30691e-15
-9.99999e-10
2.87843e-16
-1.57323e-15
-9.99998e-10
2.1944e-16
-1.65118e-15
-9.99999e-10
1.60804e-16
-1.66687e-15
-9.99999e-10
9.89388e-17
-1.66889e-15
-9.99999e-10
-1.67725e-15
-9.99999e-10
2.17356e-16
-8.98178e-16
-9.99998e-10
2.01453e-16
-8.98638e-16
-9.99998e-10
1.58764e-16
-8.81062e-16
-9.99998e-10
8.67716e-17
-8.80852e-16
-9.99998e-10
-8.97339e-16
-9.99998e-10
2.21784e-16
-9.99998e-10
2.17209e-16
-9.99998e-10
1.57566e-16
-9.99998e-10
6.72442e-17
-9.99998e-10
-9.99998e-10
2.62616e-16
-2.02914e-15
-9.99999e-10
2.42767e-16
-2.05169e-15
-1e-09
1.33356e-16
-2.08614e-15
-1e-09
8.22578e-17
-2.10957e-15
-1e-09
-2.11107e-15
-1e-09
1.84864e-16
-1.65778e-15
-9.99999e-10
1.36038e-16
-1.77586e-15
-9.99999e-10
1.0884e-16
-1.78944e-15
-9.99999e-10
7.12899e-17
-1.80301e-15
-9.99999e-10
-1.81795e-15
-1e-09
1.32047e-16
-1.31873e-15
-9.99999e-10
1.22777e-16
-1.32422e-15
-9.99999e-10
1.00466e-16
-1.30889e-15
-9.99999e-10
5.20451e-17
-1.32138e-15
-9.99999e-10
-1.3479e-15
-9.99999e-10
1.40068e-16
-7.53878e-16
-9.99999e-10
1.33621e-16
-7.05801e-16
-9.99999e-10
8.78286e-17
-6.96085e-16
-9.99999e-10
2.23661e-17
-7.17021e-16
-9.99999e-10
-7.39001e-16
-9.99999e-10
1.9104e-16
-9.99999e-10
1.41779e-16
-9.99999e-10
6.5615e-17
-9.99999e-10
-2.41254e-18
-9.99999e-10
-9.99999e-10
4.95657e-17
-1.80216e-15
-1e-09
1.29838e-16
-1.7441e-15
-1e-09
8.30768e-17
-1.74526e-15
-1e-09
4.50587e-17
-1.78284e-15
-1e-09
-1.81287e-15
-1e-09
3.84699e-17
-1.46064e-15
-1e-09
4.81894e-17
-1.50643e-15
-1e-09
4.30313e-17
-1.5008e-15
-1e-09
8.60908e-18
-1.53125e-15
-1e-09
-1.55555e-15
-1e-09
5.70993e-17
-1.13707e-15
-9.99999e-10
5.41429e-17
-1.10374e-15
-9.99999e-10
2.11796e-17
-1.10278e-15
-9.99999e-10
-1.80083e-17
-1.14011e-15
-1e-09
-1.16396e-15
-1e-09
1.03558e-16
-5.90906e-16
-9.99999e-10
4.748e-17
-5.66529e-16
-9.99999e-10
-1.62004e-17
-5.92047e-16
-9.99999e-10
-4.40605e-17
-6.23316e-16
-9.99999e-10
-6.22218e-16
-9.99999e-10
1.31175e-16
-9.99999e-10
1.98298e-17
-9.99999e-10
-4.85784e-17
-9.99999e-10
-4.48923e-17
-9.99999e-10
-9.99999e-10
-7.76859e-18
-1.59429e-15
-1e-09
5.43382e-17
-1.54849e-15
-1e-09
-5.48453e-18
-1.56416e-15
-1e-09
-4.54033e-17
-1.60187e-15
-1e-09
-1.60754e-15
-1e-09
-1.78938e-17
-1.29165e-15
-1e-09
-2.78452e-17
-1.32808e-15
-1e-09
-5.22523e-17
-1.34041e-15
-1e-09
-5.79055e-17
-1.38065e-15
-1e-09
-1.38965e-15
-1e-09
4.67707e-18
-9.3064e-16
-1e-09
-4.22977e-17
-9.49521e-16
-1e-09
-8.09512e-17
-9.88925e-16
-1e-09
-6.67988e-17
-1.03267e-15
-1e-09
-1.03007e-15
-1e-09
9.85087e-19
-4.33661e-16
-9.99999e-10
-9.22679e-17
-4.86931e-16
-1e-09
-1.24788e-16
-5.29447e-16
-1e-09
-6.52195e-17
-5.39014e-16
-1e-09
-5.00563e-16
-1e-09
-4.41225e-17
-9.99999e-10
-1.38234e-16
-1e-09
-1.35834e-16
-1e-09
-2.82094e-17
-1e-09
-1e-09
-1.56243e-17
-1.39575e-15
-2.59166e-18
-1.42064e-15
-8.54314e-17
-1.45327e-15
-8.79192e-17
-1.46488e-15
-1.43224e-15
-2.31913e-17
-1.13214e-15
-7.46965e-17
-1.20554e-15
-1.09032e-16
-1.24739e-15
-5.91862e-17
-1.28381e-15
-1.28141e-15
-5.25099e-17
-7.6617e-16
-1.20078e-16
-8.65902e-16
-1.3206e-16
-9.26083e-16
-5.47633e-17
-9.51283e-16
-9.2213e-16
-1.3826e-16
-3.68799e-16
-1.91814e-16
-4.68863e-16
-1.57303e-16
-4.76722e-16
-2.4767e-17
-4.46157e-16
-3.86423e-16
-2.25954e-16
-2.04785e-16
-1.28968e-16
3.43688e-17
)
;

boundaryField
{
    inlet
    {
        type            calculated;
        value           nonuniform List<scalar> 
25
(
-1e-09
-1e-09
-1e-09
-1e-09
-1e-09
-1e-09
-1e-09
-1e-09
-1e-09
-1e-09
-1e-09
-1e-09
-1e-09
-1e-09
-1e-09
-1e-09
-1e-09
-1e-09
-1e-09
-1e-09
-1e-09
-1e-09
-1e-09
-1e-09
-1e-09
)
;
    }
    outlet
    {
        type            calculated;
        value           nonuniform List<scalar> 
25
(
1e-09
1e-09
1e-09
1e-09
1e-09
1e-09
1e-09
1e-09
1e-09
1e-09
1e-09
1e-09
1e-09
1e-09
1e-09
1e-09
1e-09
1e-09
1e-09
1e-09
1e-09
1e-09
1e-09
1e-09
1e-09
)
;
    }
    repeat_boundary
    {
        type            calculated;
        value           uniform 0;
    }
    procBoundary3to1
    {
        type            processor;
        value           nonuniform List<scalar> 
450
(
7.05583e-17
1.25461e-16
1.58843e-16
1.76207e-16
1.79434e-16
3.89801e-16
3.76576e-16
4.35741e-16
4.80591e-16
4.88439e-16
1.10828e-15
8.2621e-16
7.91203e-16
8.19902e-16
8.27664e-16
1.74443e-15
1.41034e-15
1.28324e-15
1.26599e-15
1.26754e-15
1.88429e-15
1.94506e-15
1.88938e-15
1.86871e-15
1.87191e-15
2.13444e-15
2.51182e-15
2.60913e-15
2.64207e-15
2.65898e-15
3.18383e-15
3.44616e-15
3.57332e-15
3.63391e-15
3.65434e-15
4.89958e-15
4.91091e-15
4.93533e-15
4.9517e-15
4.94607e-15
6.61531e-15
6.74811e-15
6.7387e-15
6.71529e-15
6.67822e-15
8.65611e-15
9.02898e-15
9.08467e-15
9.07566e-15
9.03176e-15
1.19535e-14
1.22404e-14
1.22886e-14
1.22898e-14
1.22456e-14
1.66115e-14
1.67355e-14
1.67227e-14
1.66967e-14
1.66349e-14
2.27612e-14
2.278e-14
2.27382e-14
2.26872e-14
2.26018e-14
3.12118e-14
3.10457e-14
3.09182e-14
3.08271e-14
3.07095e-14
4.27396e-14
4.24089e-14
4.21177e-14
4.19366e-14
4.17562e-14
5.78246e-14
5.76828e-14
5.73223e-14
5.70484e-14
5.67865e-14
7.83291e-14
7.82973e-14
7.78911e-14
7.75281e-14
7.7172e-14
1.06886e-13
1.06474e-13
1.05834e-13
1.05304e-13
1.04798e-13
1.45876e-13
1.44849e-13
1.43784e-13
1.42974e-13
1.4223e-13
1.98609e-13
1.96904e-13
1.95235e-13
1.94008e-13
1.92918e-13
2.70114e-13
2.67526e-13
2.64972e-13
2.63089e-13
2.6149e-13
3.67392e-13
3.63317e-13
3.59423e-13
3.56508e-13
3.5416e-13
5.00135e-13
4.93389e-13
4.87327e-13
4.82792e-13
4.7933e-13
6.8068e-13
6.6987e-13
6.60445e-13
6.53457e-13
6.48295e-13
9.2561e-13
9.08916e-13
8.94449e-13
8.83805e-13
8.76063e-13
1.25869e-12
1.23292e-12
1.21064e-12
1.19432e-12
1.18271e-12
1.71172e-12
1.67216e-12
1.63789e-12
1.61262e-12
1.59519e-12
2.32728e-12
2.26715e-12
2.21494e-12
2.17579e-12
2.14951e-12
3.16463e-12
3.07324e-12
2.99421e-12
2.93338e-12
2.89373e-12
4.30616e-12
4.16569e-12
4.0471e-12
3.95143e-12
3.89272e-12
5.87013e-12
5.64325e-12
5.47081e-12
5.31492e-12
5.23579e-12
8.04222e-12
7.61693e-12
7.39266e-12
7.11297e-12
7.05327e-12
1.11771e-11
1.0098e-11
9.94318e-12
9.3193e-12
9.59462e-12
1.61849e-11
1.2665e-11
1.34397e-11
1.16705e-11
1.3408e-11
2.56726e-11
1.44164e-11
1.94647e-11
1.36163e-11
1.93824e-11
4.74504e-11
1.3233e-11
3.11686e-11
1.34954e-11
3.03517e-11
9.89735e-11
6.1845e-12
5.70318e-11
1.16887e-11
6.15965e-11
1.6772e-10
-1.81201e-11
6.70983e-11
-5.00775e-11
2.83745e-11
5.30347e-10
-1.14311e-10
2.36262e-10
-3.31055e-11
3.77607e-10
3.31993e-10
-4.41735e-11
2.33414e-12
-4.81179e-10
-2.75603e-10
5.0965e-11
-1.15353e-10
1.05588e-13
-6.83895e-11
3.2233e-11
3.05755e-10
-1.58259e-10
-3.35492e-10
1.54147e-11
-1.69004e-10
3.07907e-10
2.20314e-10
-3.97717e-10
1.31347e-10
-2.39488e-10
-7.08209e-10
-2.53592e-10
4.85103e-10
1.88806e-10
4.76941e-10
-2.36557e-10
-4.31845e-11
8.0911e-10
-8.92228e-11
1.78548e-10
6.80411e-11
5.83966e-12
-5.1708e-10
-1.26225e-10
-4.78226e-10
4.58344e-10
5.84341e-11
-4.53225e-10
-8.1648e-13
1.18336e-10
-6.77147e-10
1.49634e-11
1.60936e-10
2.86548e-10
4.36675e-10
-1.65759e-10
1.64951e-10
-1.53686e-10
-3.0582e-11
-9.47664e-11
-2.03733e-11
2.0459e-10
-7.51221e-11
-1.64342e-10
-1.11473e-10
1.35391e-10
-4.35375e-10
-9.28794e-12
-1.80723e-10
-1.35125e-11
-7.05548e-11
-6.63081e-11
1.17467e-10
-6.6942e-10
-8.10196e-12
1.87287e-10
7.56767e-11
-2.06158e-10
1.11686e-10
-1.64556e-11
1.61772e-10
-4.63313e-11
2.81409e-11
-1.86511e-11
-2.3403e-11
7.30761e-11
1.02362e-11
2.19026e-11
1.51321e-11
1.22168e-11
4.41453e-11
1.40223e-11
2.44168e-11
1.64704e-11
1.79798e-11
2.85965e-11
1.47542e-11
2.12552e-11
1.57971e-11
1.79015e-11
1.93708e-11
1.33715e-11
1.70068e-11
1.394e-11
1.54853e-11
1.34283e-11
1.12696e-11
1.30525e-11
1.15766e-11
1.24244e-11
9.44321e-12
8.82737e-12
9.69107e-12
9.04915e-12
9.45759e-12
6.71813e-12
6.61541e-12
7.05146e-12
6.8057e-12
7.00162e-12
4.8212e-12
4.87121e-12
5.09857e-12
5.03444e-12
5.12664e-12
3.48032e-12
3.56197e-12
3.6883e-12
3.69308e-12
3.73708e-12
2.52381e-12
2.59731e-12
2.67286e-12
2.69681e-12
2.71922e-12
1.83629e-12
1.89223e-12
1.9405e-12
1.96471e-12
1.97746e-12
1.33935e-12
1.37886e-12
1.41083e-12
1.43005e-12
1.43807e-12
9.78464e-13
1.0054e-12
1.02688e-12
1.04085e-12
1.04614e-12
7.1532e-13
7.33528e-13
7.48026e-13
7.57825e-13
7.61355e-13
5.23398e-13
5.35519e-13
5.45262e-13
5.51987e-13
5.54317e-13
3.83434e-13
3.9132e-13
3.97779e-13
4.02289e-13
4.03785e-13
2.80922e-13
2.86124e-13
2.90413e-13
2.93407e-13
2.94347e-13
2.05772e-13
2.09267e-13
2.12143e-13
2.14141e-13
2.14733e-13
1.50852e-13
1.53142e-13
1.55043e-13
1.56373e-13
1.56743e-13
1.10657e-13
1.12147e-13
1.13373e-13
1.14244e-13
1.14462e-13
8.11648e-14
8.217e-14
8.29544e-14
8.35116e-14
8.3626e-14
5.95068e-14
6.01935e-14
6.07223e-14
6.10796e-14
6.11338e-14
4.36925e-14
4.40838e-14
4.44487e-14
4.46839e-14
4.47119e-14
3.22245e-14
3.23691e-14
3.25659e-14
3.27027e-14
3.27126e-14
2.37152e-14
2.38041e-14
2.38984e-14
2.39573e-14
2.39462e-14
1.72192e-14
1.7426e-14
1.75233e-14
1.7553e-14
1.75324e-14
1.25542e-14
1.27269e-14
1.28216e-14
1.28444e-14
1.28268e-14
9.37444e-15
9.37217e-15
9.39786e-15
9.39893e-15
9.3831e-15
6.90726e-15
6.89833e-15
6.90572e-15
6.89916e-15
6.88737e-15
4.98056e-15
5.0196e-15
5.0758e-15
5.09401e-15
5.09654e-15
3.74719e-15
3.70226e-15
3.77127e-15
3.80752e-15
3.82265e-15
2.96942e-15
2.8401e-15
2.89826e-15
2.91632e-15
2.92842e-15
2.26697e-15
2.20943e-15
2.31187e-15
2.31014e-15
2.31096e-15
1.79455e-15
1.74146e-15
1.88992e-15
1.89781e-15
1.89664e-15
1.57457e-15
1.4715e-15
1.60797e-15
1.63182e-15
1.63635e-15
1.76212e-15
1.48413e-15
1.51268e-15
1.5138e-15
1.50565e-15
)
;
    }
    procBoundary3to2
    {
        type            processor;
        value           nonuniform List<scalar> 
450
(
1.65234e-16
1.9936e-16
2.14738e-16
2.18611e-16
2.16516e-16
6.33471e-16
5.57506e-16
5.76054e-16
5.97027e-16
5.94878e-16
1.38664e-15
1.06396e-15
9.90157e-16
1.00031e-15
9.94945e-16
1.98568e-15
1.66826e-15
1.52113e-15
1.49446e-15
1.47839e-15
2.12154e-15
2.21157e-15
2.15497e-15
2.12493e-15
2.10423e-15
2.41332e-15
2.80656e-15
2.90118e-15
2.91689e-15
2.90903e-15
3.5516e-15
3.80992e-15
3.9142e-15
3.94922e-15
3.94999e-15
5.39011e-15
5.37164e-15
5.36283e-15
5.35246e-15
5.33648e-15
7.22998e-15
7.33117e-15
7.29534e-15
7.25197e-15
7.22002e-15
9.40839e-15
9.77579e-15
9.82267e-15
9.80623e-15
9.78552e-15
1.29374e-14
1.32307e-14
1.32869e-14
1.32981e-14
1.32852e-14
1.79589e-14
1.80923e-14
1.80989e-14
1.81011e-14
1.80593e-14
2.46319e-14
2.4662e-14
2.46483e-14
2.46349e-14
2.45485e-14
3.38023e-14
3.36585e-14
3.35598e-14
3.3503e-14
3.33745e-14
4.63326e-14
4.60221e-14
4.57536e-14
4.55986e-14
4.54124e-14
6.27907e-14
6.26483e-14
6.23126e-14
6.20618e-14
6.17918e-14
8.51397e-14
8.50984e-14
8.4725e-14
8.43788e-14
8.39915e-14
1.16209e-13
1.15798e-13
1.15169e-13
1.14629e-13
1.1407e-13
1.58658e-13
1.57632e-13
1.56518e-13
1.55654e-13
1.5486e-13
2.16107e-13
2.14378e-13
2.12606e-13
2.11293e-13
2.10159e-13
2.94001e-13
2.91346e-13
2.88681e-13
2.86714e-13
2.8503e-13
3.99976e-13
3.95781e-13
3.91777e-13
3.88791e-13
3.86256e-13
5.44609e-13
5.37668e-13
5.31438e-13
5.26794e-13
5.23004e-13
7.41414e-13
7.30295e-13
7.20532e-13
7.13244e-13
7.07615e-13
1.0086e-12
9.91419e-13
9.76292e-13
9.64885e-13
9.56526e-13
1.37226e-12
1.3456e-12
1.32208e-12
1.30418e-12
1.29158e-12
1.86755e-12
1.82616e-12
1.78937e-12
1.76114e-12
1.74176e-12
2.54199e-12
2.47831e-12
2.42062e-12
2.3758e-12
2.34555e-12
3.46243e-12
3.36498e-12
3.27439e-12
3.20231e-12
3.15436e-12
4.72416e-12
4.57612e-12
4.43423e-12
4.31624e-12
4.23885e-12
6.47066e-12
6.24982e-12
6.03049e-12
5.83207e-12
5.70496e-12
8.94235e-12
8.62532e-12
8.30249e-12
7.95191e-12
7.74382e-12
1.26011e-11
1.21675e-11
1.17561e-11
1.10665e-11
1.07329e-11
1.84052e-11
1.76966e-11
1.73384e-11
1.58103e-11
1.52138e-11
2.81351e-11
2.63953e-11
2.65904e-11
2.34023e-11
2.19422e-11
4.56354e-11
4.05802e-11
4.23613e-11
3.69935e-11
3.22992e-11
8.3181e-11
6.42371e-11
7.03175e-11
6.49076e-11
4.81447e-11
9.50377e-11
9.09085e-11
7.09835e-11
7.85236e-11
2.74302e-11
4.24651e-10
1.91109e-10
3.03729e-10
3.56938e-10
2.44722e-10
-1.11016e-11
3.20579e-10
-5.98115e-11
4.07075e-11
-4.44067e-10
2.70206e-11
-2.09566e-11
4.52093e-11
1.80903e-11
6.85383e-10
3.31355e-10
9.04998e-11
1.83586e-10
-1.72119e-10
2.92681e-10
2.42592e-10
-5.53403e-11
3.39469e-12
-2.66975e-10
-8.70542e-10
-1.41883e-09
-5.95258e-10
-1.90144e-10
-7.74802e-11
-1.44729e-10
-1.22988e-09
-1.36453e-10
-4.8042e-10
-4.52421e-10
-1.62703e-10
1.68085e-10
2.70923e-10
-3.07985e-10
5.28767e-11
-7.11501e-13
4.99692e-10
1.93403e-10
2.72369e-10
2.02245e-10
1.14267e-10
-7.61684e-10
1.93719e-11
3.81035e-10
-5.422e-12
8.41946e-11
-7.73027e-10
3.61067e-11
7.05159e-10
-1.35926e-11
-1.85601e-11
3.40125e-10
1.16273e-10
1.62367e-10
-1.50193e-10
-8.99828e-11
1.09888e-10
1.6941e-10
1.06716e-10
-2.5984e-11
2.94492e-10
-5.29814e-11
-4.63465e-11
-2.15707e-11
-8.56357e-12
1.99577e-10
-8.65374e-11
-3.38445e-10
-2.0364e-10
1.61449e-10
-1.38501e-10
-4.99437e-11
-2.64359e-11
-1.36165e-10
-3.57637e-11
1.30808e-11
-4.36015e-11
-3.60608e-11
-4.68045e-11
1.48002e-12
-4.29216e-12
-1.78763e-11
-1.65952e-11
-1.39103e-11
4.21464e-12
7.56817e-12
-7.57389e-12
-8.2476e-12
-3.39744e-12
4.10331e-12
7.40453e-12
-3.61083e-12
-4.0662e-12
-3.38565e-13
2.98324e-12
5.33695e-12
-2.07121e-12
-1.90644e-12
4.80954e-13
1.95696e-12
3.40151e-12
-1.28737e-12
-9.03336e-13
3.61587e-13
1.22597e-12
1.98314e-12
-8.61949e-13
-4.80538e-13
1.52371e-13
6.98797e-13
1.08401e-12
-5.96634e-13
-3.03854e-13
2.03448e-14
3.55135e-13
5.56838e-13
-4.23665e-13
-2.20696e-13
-4.43877e-14
1.52438e-13
2.63343e-13
-3.05582e-13
-1.73507e-13
-5.91607e-14
4.34855e-14
1.07187e-13
-2.21797e-13
-1.3913e-13
-6.45764e-14
-1.00914e-14
2.83168e-14
-1.61517e-13
-1.10427e-13
-6.2349e-14
-2.84302e-14
-8.78217e-15
-1.18179e-13
-8.58934e-14
-5.64432e-14
-3.43895e-14
-2.19449e-14
-8.70571e-14
-6.62325e-14
-4.78497e-14
-3.37678e-14
-2.61243e-14
-6.42728e-14
-5.08622e-14
-3.91599e-14
-3.03009e-14
-2.54183e-14
-4.73354e-14
-3.88059e-14
-3.12892e-14
-2.57287e-14
-2.26089e-14
-3.50089e-14
-2.947e-14
-2.46333e-14
-2.10938e-14
-1.91124e-14
-2.6019e-14
-2.23201e-14
-1.91821e-14
-1.68948e-14
-1.5631e-14
-1.92413e-14
-1.68263e-14
-1.48002e-14
-1.33251e-14
-1.25003e-14
-1.41586e-14
-1.26225e-14
-1.13262e-14
-1.03828e-14
-9.85346e-15
-1.04508e-14
-9.44143e-15
-8.608e-15
-8.01392e-15
-7.68489e-15
-7.83075e-15
-7.07558e-15
-6.52218e-15
-6.1454e-15
-5.93637e-15
-5.8286e-15
-5.3079e-15
-4.93823e-15
-4.69146e-15
-4.54144e-15
-4.03613e-15
-3.8871e-15
-3.70009e-15
-3.55014e-15
-3.44095e-15
-2.89027e-15
-2.80847e-15
-2.72458e-15
-2.65376e-15
-2.59095e-15
-2.29563e-15
-2.15451e-15
-2.031e-15
-1.99132e-15
-1.96594e-15
-1.78126e-15
-1.68673e-15
-1.56247e-15
-1.53122e-15
-1.52247e-15
-1.22473e-15
-1.23394e-15
-1.19572e-15
-1.18964e-15
-1.18742e-15
-8.38326e-16
-8.98379e-16
-9.02844e-16
-9.09747e-16
-9.05069e-16
-7.14949e-16
-7.26354e-16
-6.92901e-16
-6.79669e-16
-6.63799e-16
-4.95103e-16
-5.62791e-16
-5.16238e-16
-4.90327e-16
-4.69882e-16
-2.23128e-16
-3.72435e-16
-3.33625e-16
-3.28325e-16
-3.19419e-16
-1.59264e-16
-2.75892e-16
-1.8738e-16
-1.97409e-16
-1.98689e-16
-2.30095e-16
-2.54143e-16
-1.11787e-16
-1.04452e-16
-9.78178e-17
-1.16289e-16
-2.20437e-16
-6.09772e-17
-3.46327e-17
-1.70111e-17
2.07563e-16
-5.11176e-17
1.63482e-17
1.56684e-17
3.43891e-17
)
;
    }
}


// ************************************************************************* //
