/*--------------------------------*- C++ -*----------------------------------*\
| =========                 |                                                 |
| \\      /  F ield         | OpenFOAM: The Open Source CFD Toolbox           |
|  \\    /   O peration     | Version:  5.x                                   |
|   \\  /    A nd           | Web:      www.OpenFOAM.org                      |
|    \\/     M anipulation  |                                                 |
\*---------------------------------------------------------------------------*/
FoamFile
{
    version     2.0;
    format      ascii;
    class       volVectorField;
    location    "0.003";
    object      Us;
}
// * * * * * * * * * * * * * * * * * * * * * * * * * * * * * * * * * * * * * //

dimensions      [0 1 -1 0 0 0 0];

internalField   nonuniform List<vector> 
180
(
(0 0 0)
(0 0 0)
(0 0 0)
(0 0 0)
(0 0 0)
(0 0 0)
(0 0 0)
(0 0 0)
(0 0 0)
(0 0 0)
(0 0 0)
(0 0 0)
(0 0 0)
(0 0 0)
(0 0 0)
(0 0 0)
(0 0 0)
(0 0 0)
(0 0 0)
(0 0 0)
(0 0 0)
(0 0 0)
(0 0 0)
(0 0 0)
(0 0 0)
(0 0 0)
(0 0 0)
(0 0 0)
(0 0 0)
(0 0 0)
(0 0 0)
(0 0 0)
(0 0 0)
(0 0 0)
(0 0 0)
(0 0 0)
(0 0 0)
(0 0 0)
(0 0 0)
(0 0 0)
(0 0 0)
(0 0 0)
(0 0 0)
(0 0 0)
(0 0 0)
(0 0 0)
(0 0 0)
(0 0 0)
(0 0 0)
(0 0 0)
(0 0 0)
(0 0 0)
(0 0 0)
(0 0 0)
(0 0 0)
(0 0 0)
(0 0 0)
(0 0 0)
(0 0 0)
(0 0 0)
(0 0 0)
(0 0 0)
(0 0 0)
(0 0 0)
(0 0 0)
(0 0 0)
(0 0 0)
(0 0 0)
(0 0 0)
(0 0 0)
(0 0 0)
(0 0 0)
(0 0 0)
(0 0 0)
(0 0 0)
(0 0 0)
(0 0 0)
(0 0 0)
(0 0 0)
(0 0 0)
(-3.33179e-05 4.48437e-07 1.93036e-05)
(-3.07847e-05 4.54379e-07 1.89425e-05)
(-2.95976e-05 -7.0248e-07 1.71035e-05)
(-3.40077e-05 5.31305e-06 1.12404e-05)
(-2.12976e-05 7.90748e-07 -5.63968e-06)
(-2.42965e-05 -5.05148e-06 -4.57483e-06)
(-3.48039e-05 1.47222e-05 -9.98334e-06)
(-2.92618e-05 4.34372e-05 -3.83098e-05)
(-3.90456e-05 2.08705e-05 -4.38034e-05)
(-5.32452e-05 2.76226e-05 -5.37495e-05)
(-3.65504e-05 2.64663e-05 -0.000103822)
(-1.99244e-05 8.35755e-06 -0.000125481)
(-2.50362e-05 1.19407e-05 -0.000141768)
(-3.1813e-05 7.38853e-06 -0.000168861)
(3.00135e-07 -2.09516e-05 -0.000208301)
(6.20605e-06 -2.74164e-05 -0.000246214)
(3.60362e-05 3.26334e-06 -0.000283845)
(3.17347e-05 -7.36907e-08 -0.000304868)
(1.95031e-05 2.15769e-05 -0.000303962)
(-4.20283e-06 2.9449e-05 -0.000294212)
(-2.73841e-05 9.21895e-06 -0.000295055)
(-1.97054e-05 2.80435e-05 -0.000297222)
(-3.8119e-06 -1.84329e-06 -0.000318862)
(-5.2888e-06 -6.06017e-05 -0.000277172)
(-3.59621e-05 -0.000145166 -0.000183841)
(-4.8268e-05 -0.000186459 -0.000141094)
(0 0 0)
(0 0 0)
(0 0 0)
(0 0 0)
(0 0 0)
(0 0 0)
(0 0 0)
(0 0 0)
(0 0 0)
(0 0 0)
(0 0 0)
(0 0 0)
(0 0 0)
(0 0 0)
(0 0 0)
(0 0 0)
(0 0 0)
(0 0 0)
(0 0 0)
(0 0 0)
(0 0 0)
(0 0 0)
(0 0 0)
(0 0 0)
(0 0 0)
(0 0 0)
(0 0 0)
(0 0 0)
(0 0 0)
(0 0 0)
(0 0 0)
(0 0 0)
(0 0 0)
(0 0 0)
(0 0 0)
(0 0 0)
(0 0 0)
(0 0 0)
(0 0 0)
(0 0 0)
(0 0 0)
(0 0 0)
(0 0 0)
(0 0 0)
(0 0 0)
(0 0 0)
(0 0 0)
(0 0 0)
(0 0 0)
(0 0 0)
(0 0 0)
(0 0 0)
(0 0 0)
(0 0 0)
(0 0 0)
(0 0 0)
(0 0 0)
(0 0 0)
(0 0 0)
(0 0 0)
(0 0 0)
(0 0 0)
(0 0 0)
(0 0 0)
(0 0 0)
(0 0 0)
(0 0 0)
(0 0 0)
(0 0 0)
(0 0 0)
(0 0 0)
(0 0 0)
(0 0 0)
(0 0 0)
)
;

boundaryField
{
    inlet
    {
        type            fixedValue;
        value           uniform (0 0 0);
    }
    outlet
    {
        type            fixedValue;
        value           uniform (0 0 0);
    }
    repeat_boundary
    {
        type            fixedValue;
        value           uniform (0 0 0);
    }
    procBoundary1to0
    {
        type            processor;
        value           nonuniform List<vector> 
180
(
(0 0 0)
(0 0 0)
(0 0 0)
(0 0 0)
(0 0 0)
(0 0 0)
(0 0 0)
(0 0 0)
(0 0 0)
(0 0 0)
(0 0 0)
(0 0 0)
(0 0 0)
(0 0 0)
(0 0 0)
(0 0 0)
(0 0 0)
(0 0 0)
(0 0 0)
(0 0 0)
(0 0 0)
(0 0 0)
(0 0 0)
(0 0 0)
(0 0 0)
(0 0 0)
(0 0 0)
(0 0 0)
(0 0 0)
(0 0 0)
(0 0 0)
(0 0 0)
(0 0 0)
(0 0 0)
(0 0 0)
(0 0 0)
(0 0 0)
(0 0 0)
(0 0 0)
(0 0 0)
(0 0 0)
(0 0 0)
(0 0 0)
(0 0 0)
(0 0 0)
(0 0 0)
(0 0 0)
(0 0 0)
(0 0 0)
(0 0 0)
(0 0 0)
(0 0 0)
(0 0 0)
(0 0 0)
(0 0 0)
(0 0 0)
(0 0 0)
(0 0 0)
(0 0 0)
(0 0 0)
(0 0 0)
(0 0 0)
(0 0 0)
(0 0 0)
(0 0 0)
(0 0 0)
(0 0 0)
(0 0 0)
(0 0 0)
(0 0 0)
(0 0 0)
(0 0 0)
(0 0 0)
(0 0 0)
(0 0 0)
(0 0 0)
(0 0 0)
(0 0 0)
(0 0 0)
(0 0 0)
(1.37261e-05 1.45757e-05 -9.97239e-06)
(1.56608e-05 1.33044e-05 -9.75754e-06)
(1.56143e-05 1.58966e-05 -7.79209e-06)
(3.54191e-06 2.95889e-05 -1.71703e-05)
(-5.24697e-06 3.35376e-05 -3.06037e-05)
(-2.37062e-07 2.50914e-05 -2.6663e-05)
(1.4777e-05 2.66097e-05 -5.16563e-05)
(9.65644e-06 5.69003e-05 -6.09517e-05)
(7.68772e-06 2.71048e-06 -8.18611e-05)
(2.47466e-05 1.03046e-05 -0.000113389)
(3.96012e-05 -1.89476e-05 -0.000156464)
(2.48677e-05 -4.94732e-05 -0.000160967)
(2.67016e-05 -5.28127e-06 -0.00022068)
(2.06591e-05 -5.1511e-05 -0.000274819)
(3.2945e-05 -3.68147e-05 -0.000277447)
(1.97356e-05 -1.41468e-05 -0.000299856)
(7.53919e-06 -3.44912e-05 -0.000313605)
(5.57795e-06 -7.13179e-05 -0.000327561)
(-1.48934e-05 -7.90393e-05 -0.000371293)
(-5.0745e-07 -8.31871e-05 -0.000391809)
(1.17277e-05 -6.54277e-05 -0.000371119)
(3.10676e-05 -3.83508e-05 -0.000333637)
(4.265e-05 -6.17588e-05 -0.000343658)
(4.96755e-05 -8.95047e-05 -0.000331776)
(3.87736e-05 -7.84926e-05 -0.000385391)
(0 0 0)
(0 0 0)
(0 0 0)
(0 0 0)
(0 0 0)
(0 0 0)
(0 0 0)
(0 0 0)
(0 0 0)
(0 0 0)
(0 0 0)
(0 0 0)
(0 0 0)
(0 0 0)
(0 0 0)
(0 0 0)
(0 0 0)
(0 0 0)
(0 0 0)
(0 0 0)
(0 0 0)
(0 0 0)
(0 0 0)
(0 0 0)
(0 0 0)
(0 0 0)
(0 0 0)
(0 0 0)
(0 0 0)
(0 0 0)
(0 0 0)
(0 0 0)
(0 0 0)
(0 0 0)
(0 0 0)
(0 0 0)
(0 0 0)
(0 0 0)
(0 0 0)
(0 0 0)
(0 0 0)
(0 0 0)
(0 0 0)
(0 0 0)
(0 0 0)
(0 0 0)
(0 0 0)
(0 0 0)
(0 0 0)
(0 0 0)
(0 0 0)
(0 0 0)
(0 0 0)
(0 0 0)
(0 0 0)
(0 0 0)
(0 0 0)
(0 0 0)
(0 0 0)
(0 0 0)
(0 0 0)
(0 0 0)
(0 0 0)
(0 0 0)
(0 0 0)
(0 0 0)
(0 0 0)
(0 0 0)
(0 0 0)
(0 0 0)
(0 0 0)
(0 0 0)
(0 0 0)
(0 0 0)
(0 0 0)
)
;
    }
    procBoundary1to3
    {
        type            processor;
        value           nonuniform List<vector> 
180
(
(0 0 0)
(0 0 0)
(0 0 0)
(0 0 0)
(0 0 0)
(0 0 0)
(0 0 0)
(0 0 0)
(0 0 0)
(0 0 0)
(0 0 0)
(0 0 0)
(0 0 0)
(0 0 0)
(0 0 0)
(0 0 0)
(0 0 0)
(0 0 0)
(0 0 0)
(0 0 0)
(0 0 0)
(0 0 0)
(0 0 0)
(0 0 0)
(0 0 0)
(0 0 0)
(0 0 0)
(0 0 0)
(0 0 0)
(0 0 0)
(0 0 0)
(0 0 0)
(0 0 0)
(0 0 0)
(0 0 0)
(0 0 0)
(0 0 0)
(0 0 0)
(0 0 0)
(0 0 0)
(0 0 0)
(0 0 0)
(0 0 0)
(0 0 0)
(0 0 0)
(0 0 0)
(0 0 0)
(0 0 0)
(0 0 0)
(0 0 0)
(0 0 0)
(0 0 0)
(0 0 0)
(0 0 0)
(0 0 0)
(0 0 0)
(0 0 0)
(0 0 0)
(0 0 0)
(0 0 0)
(0 0 0)
(0 0 0)
(0 0 0)
(0 0 0)
(0 0 0)
(0 0 0)
(0 0 0)
(0 0 0)
(0 0 0)
(0 0 0)
(0 0 0)
(0 0 0)
(0 0 0)
(0 0 0)
(0 0 0)
(0 0 0)
(0 0 0)
(0 0 0)
(0 0 0)
(0 0 0)
(-7.56296e-07 -3.2119e-05 2.42192e-06)
(9.96966e-07 -3.11161e-05 1.00833e-06)
(8.92051e-07 -3.16831e-05 2.09421e-06)
(-3.06244e-07 6.69435e-06 3.84691e-06)
(-5.56975e-06 3.01292e-05 -2.72832e-06)
(-1.16605e-05 3.27488e-05 2.16658e-06)
(-1.30129e-05 4.8066e-05 3.32121e-06)
(-6.30732e-06 3.93583e-05 -1.04586e-05)
(-2.64156e-05 4.78854e-05 -1.58362e-05)
(-1.20521e-05 5.379e-05 -3.04897e-05)
(-4.89905e-06 2.87364e-05 -7.32026e-05)
(2.46181e-06 1.83e-05 -8.7607e-05)
(-4.1507e-06 1.58328e-05 -8.75664e-05)
(-7.05975e-06 4.31891e-06 -0.000120479)
(-4.7777e-05 -3.78453e-06 -0.000142647)
(-2.32907e-05 -3.19415e-06 -0.000202962)
(-2.93039e-05 4.6911e-06 -0.000224206)
(-2.57813e-05 1.35176e-05 -0.000255546)
(-3.3072e-05 2.98361e-05 -0.000298753)
(-2.69915e-05 3.59023e-05 -0.000346398)
(-3.36073e-05 5.70066e-05 -0.000341098)
(1.17533e-06 -1.29417e-05 -0.00034074)
(1.84455e-05 -6.20653e-05 -0.000350067)
(2.25565e-05 -7.25788e-05 -0.000350874)
(2.25565e-05 -7.25788e-05 -0.000350874)
(0 0 0)
(0 0 0)
(0 0 0)
(0 0 0)
(0 0 0)
(0 0 0)
(0 0 0)
(0 0 0)
(0 0 0)
(0 0 0)
(0 0 0)
(0 0 0)
(0 0 0)
(0 0 0)
(0 0 0)
(0 0 0)
(0 0 0)
(0 0 0)
(0 0 0)
(0 0 0)
(0 0 0)
(0 0 0)
(0 0 0)
(0 0 0)
(0 0 0)
(0 0 0)
(0 0 0)
(0 0 0)
(0 0 0)
(0 0 0)
(0 0 0)
(0 0 0)
(0 0 0)
(0 0 0)
(0 0 0)
(0 0 0)
(0 0 0)
(0 0 0)
(0 0 0)
(0 0 0)
(0 0 0)
(0 0 0)
(0 0 0)
(0 0 0)
(0 0 0)
(0 0 0)
(0 0 0)
(0 0 0)
(0 0 0)
(0 0 0)
(0 0 0)
(0 0 0)
(0 0 0)
(0 0 0)
(0 0 0)
(0 0 0)
(0 0 0)
(0 0 0)
(0 0 0)
(0 0 0)
(0 0 0)
(0 0 0)
(0 0 0)
(0 0 0)
(0 0 0)
(0 0 0)
(0 0 0)
(0 0 0)
(0 0 0)
(0 0 0)
(0 0 0)
(0 0 0)
(0 0 0)
(0 0 0)
(0 0 0)
)
;
    }
}


// ************************************************************************* //
