/*--------------------------------*- C++ -*----------------------------------*\
  =========                 |
  \\      /  F ield         | OpenFOAM: The Open Source CFD Toolbox
   \\    /   O peration     | Website:  https://openfoam.org
    \\  /    A nd           | Version:  9
     \\/     M anipulation  |
\*---------------------------------------------------------------------------*/
FoamFile
{
    format      ascii;
    class       volVectorField;
    location    "0.006";
    object      Us;
}
// * * * * * * * * * * * * * * * * * * * * * * * * * * * * * * * * * * * * * //

dimensions      [0 1 -1 0 0 0 0];

internalField   nonuniform List<vector> 
720
(
(0 0 0)
(0 0 0)
(0 0 0)
(0 0 0)
(0 0 0)
(0 0 0)
(0 0 0)
(0 0 0)
(0 0 0)
(0 0 0)
(0 0 0)
(0 0 0)
(0 0 0)
(0 0 0)
(0 0 0)
(0 0 0)
(0 0 0)
(0 0 0)
(0 0 0)
(0 0 0)
(0 0 0)
(0 0 0)
(0 0 0)
(0 0 0)
(0 0 0)
(0 0 0)
(0 0 0)
(0 0 0)
(0 0 0)
(0 0 0)
(0 0 0)
(0 0 0)
(0 0 0)
(0 0 0)
(0 0 0)
(0 0 0)
(0 0 0)
(0 0 0)
(0 0 0)
(0 0 0)
(0 0 0)
(0 0 0)
(0 0 0)
(0 0 0)
(0 0 0)
(0 0 0)
(0 0 0)
(0 0 0)
(0 0 0)
(0 0 0)
(0 0 0)
(0 0 0)
(0 0 0)
(0 0 0)
(0 0 0)
(0 0 0)
(0 0 0)
(0 0 0)
(0 0 0)
(0 0 0)
(0 0 0)
(0 0 0)
(0 0 0)
(0 0 0)
(0 0 0)
(0 0 0)
(0 0 0)
(0 0 0)
(0 0 0)
(0 0 0)
(0 0 0)
(0 0 0)
(0 0 0)
(0 0 0)
(0 0 0)
(0 0 0)
(0 0 0)
(0 0 0)
(0 0 0)
(0 0 0)
(0 0 0)
(0 0 0)
(0 0 0)
(0 0 0)
(0 0 0)
(0 0 0)
(0 0 0)
(0 0 0)
(0 0 0)
(0 0 0)
(0 0 0)
(0 0 0)
(0 0 0)
(0 0 0)
(0 0 0)
(0 0 0)
(0 0 0)
(0 0 0)
(0 0 0)
(0 0 0)
(0 0 0)
(0 0 0)
(0 0 0)
(0 0 0)
(0 0 0)
(0 0 0)
(0 0 0)
(0 0 0)
(0 0 0)
(0 0 0)
(0 0 0)
(0 0 0)
(0 0 0)
(0 0 0)
(0 0 0)
(0 0 0)
(0 0 0)
(0 0 0)
(0 0 0)
(0 0 0)
(0 0 0)
(0 0 0)
(0 0 0)
(0 0 0)
(0 0 0)
(0 0 0)
(0 0 0)
(0 0 0)
(0 0 0)
(0 0 0)
(0 0 0)
(0 0 0)
(0 0 0)
(0 0 0)
(0 0 0)
(0 0 0)
(0 0 0)
(0 0 0)
(0 0 0)
(0 0 0)
(0 0 0)
(0 0 0)
(0 0 0)
(0 0 0)
(0 0 0)
(0 0 0)
(0 0 0)
(0 0 0)
(0 0 0)
(0 0 0)
(0 0 0)
(0 0 0)
(0 0 0)
(0 0 0)
(0 0 0)
(0 0 0)
(0 0 0)
(0 0 0)
(0 0 0)
(0 0 0)
(0 0 0)
(0 0 0)
(0 0 0)
(0 0 0)
(0 0 0)
(0 0 0)
(0 0 0)
(0 0 0)
(0 0 0)
(0 0 0)
(0 0 0)
(0 0 0)
(0 0 0)
(0 0 0)
(0 0 0)
(0 0 0)
(0 0 0)
(0 0 0)
(0 0 0)
(0 0 0)
(0 0 0)
(0 0 0)
(0 0 0)
(0 0 0)
(0 0 0)
(0 0 0)
(0 0 0)
(0 0 0)
(0 0 0)
(0 0 0)
(0 0 0)
(0 0 0)
(0 0 0)
(0 0 0)
(0 0 0)
(0 0 0)
(0 0 0)
(0 0 0)
(0 0 0)
(0 0 0)
(0 0 0)
(0 0 0)
(0 0 0)
(0 0 0)
(0 0 0)
(0 0 0)
(0 0 0)
(0 0 0)
(0 0 0)
(0 0 0)
(0 0 0)
(0 0 0)
(0 0 0)
(0 0 0)
(0 0 0)
(0 0 0)
(0 0 0)
(0 0 0)
(0 0 0)
(0 0 0)
(0 0 0)
(0 0 0)
(0 0 0)
(0 0 0)
(0 0 0)
(0 0 0)
(0 0 0)
(0 0 0)
(0 0 0)
(0 0 0)
(0 0 0)
(0 0 0)
(0 0 0)
(0 0 0)
(0 0 0)
(0 0 0)
(0 0 0)
(0 0 0)
(0 0 0)
(0 0 0)
(0 0 0)
(0 0 0)
(0 0 0)
(0 0 0)
(0 0 0)
(0 0 0)
(0 0 0)
(0 0 0)
(0 0 0)
(0 0 0)
(0 0 0)
(0 0 0)
(0 0 0)
(0 0 0)
(0 0 0)
(0 0 0)
(0 0 0)
(0 0 0)
(0 0 0)
(0 0 0)
(0 0 0)
(0 0 0)
(0 0 0)
(0 0 0)
(0 0 0)
(0 0 0)
(0 0 0)
(0 0 0)
(0 0 0)
(0 0 0)
(0 0 0)
(0 0 0)
(0 0 0)
(0 0 0)
(0 0 0)
(0 0 0)
(0 0 0)
(0 0 0)
(0 0 0)
(0 0 0)
(0 0 0)
(0 0 0)
(0 0 0)
(0 0 0)
(0 0 0)
(0 0 0)
(0 0 0)
(0 0 0)
(0 0 0)
(0 0 0)
(0 0 0)
(0 0 0)
(0 0 0)
(0 0 0)
(0 0 0)
(0 0 0)
(0 0 0)
(0 0 0)
(0 0 0)
(0 0 0)
(0 0 0)
(0 0 0)
(0 0 0)
(0 0 0)
(0 0 0)
(0 0 0)
(0 0 0)
(0 0 0)
(0 0 0)
(0 0 0)
(0 0 0)
(0 0 0)
(0 0 0)
(0 0 0)
(0 0 0)
(0 0 0)
(0 0 0)
(0 0 0)
(0 0 0)
(0 0 0)
(7.81007e-06 -3.5503e-05 -6.28914e-05)
(2.65096e-05 3.60346e-05 -0.000124965)
(-9.61791e-06 -7.72036e-05 -9.20041e-05)
(1.6828e-05 -4.64485e-06 -9.12137e-05)
(6.48631e-07 -3.54953e-05 -6.35634e-05)
(2.03425e-05 3.24098e-05 -0.000127147)
(-6.08683e-06 -7.7382e-05 -9.81294e-05)
(1.52653e-05 -6.39022e-06 -8.57269e-05)
(8.25023e-06 -3.59997e-05 -6.83935e-05)
(1.95746e-05 2.89737e-05 -0.000129931)
(-8.66567e-06 -7.65029e-05 -9.11794e-05)
(1.23245e-05 -3.66756e-06 -9.17516e-05)
(-1.28063e-05 -8.089e-05 -0.000102665)
(1.98938e-05 1.73164e-05 -0.000185789)
(-1.37637e-05 -0.000100723 -0.000116755)
(-4.05939e-06 -2.21428e-05 -0.000152555)
(-2.22964e-05 -0.000123776 -0.000144758)
(5.93198e-06 7.02053e-06 -0.000210533)
(-1.11958e-05 -0.000137494 -0.000156907)
(-5.16872e-06 -1.11917e-05 -0.000192508)
(-3.46342e-05 -0.000117541 -0.000137472)
(1.07651e-05 3.67131e-05 -0.00021247)
(2.01921e-05 -0.00010189 -0.00014309)
(-2.43516e-05 -2.38462e-05 -0.000231665)
(-2.86297e-05 -0.000102167 -0.000125679)
(3.67682e-05 2.31113e-05 -0.000224878)
(1.97264e-05 -0.000106074 -0.000156203)
(1.49742e-06 -2.06369e-05 -0.000231002)
(-2.75215e-05 -0.000114889 -0.000144665)
(3.89362e-05 -3.73801e-05 -0.000184964)
(5.43863e-05 -7.40464e-05 -0.000180862)
(2.99195e-08 -1.99444e-05 -0.000231711)
(2.58325e-06 -1.91704e-05 -0.000138652)
(4.15968e-05 1.39637e-06 -0.000170116)
(6.17917e-05 -8.89858e-05 -0.000172086)
(5.51304e-05 -2.23267e-05 -0.000206576)
(-2.05544e-05 -1.80131e-05 -4.17641e-05)
(4.82024e-05 -3.53341e-05 -0.000169424)
(4.81485e-05 -6.80641e-05 -0.000101755)
(2.69348e-05 -3.33746e-05 -0.000171052)
(-4.21693e-05 4.84887e-05 2.59916e-05)
(4.24865e-05 -5.9906e-05 -7.70713e-05)
(5.79304e-05 -1.2162e-05 5.02147e-05)
(9.25099e-06 -1.64583e-05 -9.02022e-05)
(-3.48107e-05 7.42489e-05 2.73328e-05)
(3.3317e-05 -3.51164e-05 -3.61872e-05)
(5.1847e-05 -2.11002e-06 6.22685e-05)
(3.98589e-06 -1.30752e-05 -6.00081e-05)
(-2.81726e-05 4.51467e-06 0.000187537)
(3.01357e-05 -5.23684e-05 4.00601e-05)
(7.05306e-05 4.96678e-06 5.33212e-05)
(-8.93466e-06 2.69184e-06 -5.08662e-05)
(-5.37951e-05 5.34922e-05 0.000285507)
(4.80945e-05 -5.24137e-05 8.86124e-05)
(7.49142e-05 5.29258e-05 0.000210637)
(-7.44844e-06 1.50953e-05 7.26099e-05)
(-6.54417e-05 2.62182e-05 0.00032156)
(6.59723e-06 -2.78954e-05 0.000223203)
(5.03238e-05 5.30745e-05 0.000197895)
(3.82792e-05 5.88502e-05 0.000169605)
(-2.41947e-05 -2.85146e-05 0.000410374)
(1.79671e-05 -3.36187e-05 0.000311684)
(6.52807e-05 7.50737e-05 0.00028982)
(-5.65667e-06 4.52913e-05 0.000321839)
(-5.43445e-07 1.25821e-05 0.000467249)
(-2.58089e-05 -4.83609e-05 0.000411231)
(2.9041e-05 9.76895e-05 0.000388184)
(2.13328e-06 1.46098e-05 0.00035648)
(-7.10125e-06 6.9762e-05 0.000525829)
(-4.08322e-05 -4.44459e-05 0.000486361)
(8.76901e-06 6.42908e-05 0.000483509)
(4.80531e-06 -8.57401e-06 0.00043847)
(1.5913e-05 8.62215e-05 0.000649341)
(-1.64038e-05 -6.28565e-05 0.000511633)
(-3.09105e-05 7.82246e-05 0.000495061)
(1.54448e-05 -5.42487e-05 0.000541251)
(-1.40543e-06 7.87081e-05 0.000700664)
(8.91209e-07 -6.34372e-05 0.000550281)
(-4.50429e-05 8.63942e-05 0.00050977)
(4.33478e-06 -5.60103e-05 0.000665988)
(-2.6167e-05 7.25983e-05 0.000707162)
(1.41158e-05 -3.81425e-05 0.000578605)
(-3.88633e-05 -5.16448e-05 0.000536695)
(-6.36433e-06 -0.000111588 0.000683012)
(-5.81245e-05 7.03522e-05 0.000679545)
(-2.21956e-05 -0.000104576 0.000608083)
(-6.39971e-05 -6.56922e-05 0.0003944)
(-9.48352e-05 -6.21193e-05 0.00071048)
(-0.00010959 0.000117064 0.000734479)
(-6.201e-05 -0.000119208 0.000661012)
(-7.60142e-07 -6.42312e-05 0.000421481)
(-0.000131841 -5.5609e-05 0.000730085)
(-0.00013794 0.000167149 0.000724281)
(-5.49096e-05 -1.76973e-05 0.00060562)
(2.45497e-05 1.60467e-05 0.000253342)
(-0.000136637 -4.83241e-05 0.000731272)
(-0.000102724 0.000166997 0.000835986)
(-6.24388e-07 0.000145792 0.000534526)
(4.68512e-05 1.04464e-05 0.000155687)
(-0.000136637 -4.83241e-05 0.000731272)
(0 0 0)
(2.1999e-05 0.000224969 0.000497471)
(0 0 0)
(0 0 0)
(0 0 0)
(0 0 0)
(0 0 0)
(0 0 0)
(0 0 0)
(0 0 0)
(0 0 0)
(0 0 0)
(0 0 0)
(0 0 0)
(0 0 0)
(0 0 0)
(0 0 0)
(0 0 0)
(0 0 0)
(0 0 0)
(0 0 0)
(0 0 0)
(0 0 0)
(0 0 0)
(0 0 0)
(0 0 0)
(0 0 0)
(0 0 0)
(0 0 0)
(0 0 0)
(0 0 0)
(0 0 0)
(0 0 0)
(0 0 0)
(0 0 0)
(0 0 0)
(0 0 0)
(0 0 0)
(0 0 0)
(0 0 0)
(0 0 0)
(0 0 0)
(0 0 0)
(0 0 0)
(0 0 0)
(0 0 0)
(0 0 0)
(0 0 0)
(0 0 0)
(0 0 0)
(0 0 0)
(0 0 0)
(0 0 0)
(0 0 0)
(0 0 0)
(0 0 0)
(0 0 0)
(0 0 0)
(0 0 0)
(0 0 0)
(0 0 0)
(0 0 0)
(0 0 0)
(0 0 0)
(0 0 0)
(0 0 0)
(0 0 0)
(0 0 0)
(0 0 0)
(0 0 0)
(0 0 0)
(0 0 0)
(0 0 0)
(0 0 0)
(0 0 0)
(0 0 0)
(0 0 0)
(0 0 0)
(0 0 0)
(0 0 0)
(0 0 0)
(0 0 0)
(0 0 0)
(0 0 0)
(0 0 0)
(0 0 0)
(0 0 0)
(0 0 0)
(0 0 0)
(0 0 0)
(0 0 0)
(0 0 0)
(0 0 0)
(0 0 0)
(0 0 0)
(0 0 0)
(0 0 0)
(0 0 0)
(0 0 0)
(0 0 0)
(0 0 0)
(0 0 0)
(0 0 0)
(0 0 0)
(0 0 0)
(0 0 0)
(0 0 0)
(0 0 0)
(0 0 0)
(0 0 0)
(0 0 0)
(0 0 0)
(0 0 0)
(0 0 0)
(0 0 0)
(0 0 0)
(0 0 0)
(0 0 0)
(0 0 0)
(0 0 0)
(0 0 0)
(0 0 0)
(0 0 0)
(0 0 0)
(0 0 0)
(0 0 0)
(0 0 0)
(0 0 0)
(0 0 0)
(0 0 0)
(0 0 0)
(0 0 0)
(0 0 0)
(0 0 0)
(0 0 0)
(0 0 0)
(0 0 0)
(0 0 0)
(0 0 0)
(0 0 0)
(0 0 0)
(0 0 0)
(0 0 0)
(0 0 0)
(0 0 0)
(0 0 0)
(0 0 0)
(0 0 0)
(0 0 0)
(0 0 0)
(0 0 0)
(0 0 0)
(0 0 0)
(0 0 0)
(0 0 0)
(0 0 0)
(0 0 0)
(0 0 0)
(0 0 0)
(0 0 0)
(0 0 0)
(0 0 0)
(0 0 0)
(0 0 0)
(0 0 0)
(0 0 0)
(0 0 0)
(0 0 0)
(0 0 0)
(0 0 0)
(0 0 0)
(0 0 0)
(0 0 0)
(0 0 0)
(0 0 0)
(0 0 0)
(0 0 0)
(0 0 0)
(0 0 0)
(0 0 0)
(0 0 0)
(0 0 0)
(0 0 0)
(0 0 0)
(0 0 0)
(0 0 0)
(0 0 0)
(0 0 0)
(0 0 0)
(0 0 0)
(0 0 0)
(0 0 0)
(0 0 0)
(0 0 0)
(0 0 0)
(0 0 0)
(0 0 0)
(0 0 0)
(0 0 0)
(0 0 0)
(0 0 0)
(0 0 0)
(0 0 0)
(0 0 0)
(0 0 0)
(0 0 0)
(0 0 0)
(0 0 0)
(0 0 0)
(0 0 0)
(0 0 0)
(0 0 0)
(0 0 0)
(0 0 0)
(0 0 0)
(0 0 0)
(0 0 0)
(0 0 0)
(0 0 0)
(0 0 0)
(0 0 0)
(0 0 0)
(0 0 0)
(0 0 0)
(0 0 0)
(0 0 0)
(0 0 0)
(0 0 0)
(0 0 0)
(0 0 0)
(0 0 0)
(0 0 0)
(0 0 0)
(0 0 0)
(0 0 0)
(0 0 0)
(0 0 0)
(0 0 0)
(0 0 0)
(0 0 0)
(0 0 0)
(0 0 0)
(0 0 0)
(0 0 0)
(0 0 0)
(0 0 0)
(0 0 0)
(0 0 0)
(0 0 0)
(0 0 0)
(0 0 0)
(0 0 0)
(0 0 0)
(0 0 0)
(0 0 0)
(0 0 0)
(0 0 0)
(0 0 0)
(0 0 0)
(0 0 0)
(0 0 0)
(0 0 0)
(0 0 0)
(0 0 0)
(0 0 0)
(0 0 0)
(0 0 0)
(0 0 0)
(0 0 0)
(0 0 0)
(0 0 0)
(0 0 0)
(0 0 0)
(0 0 0)
(0 0 0)
(0 0 0)
(0 0 0)
(0 0 0)
(0 0 0)
(0 0 0)
(0 0 0)
(0 0 0)
(0 0 0)
(0 0 0)
(0 0 0)
(0 0 0)
(0 0 0)
(0 0 0)
(0 0 0)
(0 0 0)
(0 0 0)
(0 0 0)
(0 0 0)
(0 0 0)
(0 0 0)
(0 0 0)
(0 0 0)
(0 0 0)
(0 0 0)
(0 0 0)
)
;

boundaryField
{
    inlet
    {
        type            fixedValue;
        value           uniform (0 0 0);
    }
    outlet
    {
        type            fixedValue;
        value           uniform (0 0 0);
    }
    repeat_boundary
    {
        type            fixedValue;
        value           uniform (0 0 0);
    }
}


// ************************************************************************* //
